70
-0.295 0.386667    
-0.305 0.38    
-0.31 0.376667    
-0.315 0.376667    
-0.32 0.376667    
-0.32 0.373333    
-0.3225 0.366667    
-0.3225 0.36    
-0.325 0.35    
-0.3275 0.33    
-0.33 0.323333    
-0.3375 0.31    
-0.34 0.306667    
-0.3425 0.306667    
-0.3475 0.306667    
-0.3475 0.3    
-0.35 0.283333    
-0.35 0.213333    
-0.345 0.163333    
-0.3225 0.0433333    
-0.3075 -0.0166667    
-0.285 -0.07    
-0.2625 -0.11    
-0.205 -0.16    
-0.1775 -0.173333    
-0.13 -0.186667    
-0.105 -0.19    
-0.0825 -0.19    
-0.04 -0.19    
0.0075 -0.17    
0.03 -0.15    
0.05 -0.123333    
0.065 -0.09    
0.0775 -0.05    
0.08 0.0533333    
0.0575 0.163333    
0.04 0.216667    
0.0175 0.266667    
-0.005 0.31    
-0.0475 0.373333    
-0.09 0.41    
-0.11 0.42    
-0.1275 0.43    
-0.1475 0.436667    
-0.1925 0.44    
-0.215 0.436667    
-0.2375 0.43    
-0.285 0.41    
-0.3075 0.396667    
-0.3475 0.366667    
-0.3625 0.35    
-0.375 0.336667    
-0.3925 0.313333    
-0.3975 0.303333    
-0.3975 0.29    
-0.3975 0.286667    
-0.395 0.283333    
-0.3925 0.28    
-0.39 0.276667    
-0.39 0.276667    
-0.3875 0.276667    
-0.385 0.276667    
-0.385 0.276667    
-0.3825 0.28    
-0.3775 0.283333    
-0.3775 0.283333    
-0.37 0.286667    
-0.3675 0.29    
-0.3625 0.29    
-0.3525 0.293333    
