75
-0.3 -0.12    
-0.3025 -0.12    
-0.3075 -0.116667    
-0.3125 -0.11    
-0.3175 -0.09    
-0.32 -0.0566667    
-0.325 -0.00666667    
-0.3275 0.0333333    
-0.33 0.0666667    
-0.3325 0.09    
-0.335 0.0933333    
-0.3375 0.0866667    
-0.34 0.0733333    
-0.3425 0.06    
-0.3475 0.05    
-0.355 0.0466667    
-0.365 0.0466667    
-0.37 0.0466667    
-0.3775 0.05    
-0.385 0.05    
-0.39 0.0533333    
-0.395 0.0533333    
-0.3975 0.0533333    
-0.4 0.0566667    
-0.4 0.0566667    
-0.4025 0.0533333    
-0.4025 0.0466667    
-0.3975 0.03    
-0.3775 -0.0166667    
-0.3375 -0.0866667    
-0.2975 -0.143333    
-0.245 -0.206667    
-0.1875 -0.253333    
-0.115 -0.296667    
-0.0425 -0.31    
0.0075 -0.296667    
0.0525 -0.266667    
0.11 -0.2    
0.1525 -0.126667    
0.1975 -0.04    
0.2575 0.126667    
0.2775 0.226667    
0.2725 0.323333    
0.225 0.42    
0.165 0.453333    
0.0675 0.456667    
-0.01 0.423333    
-0.035 0.406667    
-0.1325 0.333333    
-0.195 0.283333    
-0.2625 0.22    
-0.3075 0.183333    
-0.34 0.153333    
-0.385 0.1    
-0.405 0.0666667    
-0.4225 0.0333333    
-0.435 0    
-0.4475 -0.04    
-0.455 -0.0633333    
-0.4575 -0.0866667    
-0.4625 -0.1    
-0.4625 -0.106667    
-0.4625 -0.113333    
-0.4625 -0.116667    
-0.4625 -0.12    
-0.4625 -0.12    
-0.46 -0.12    
-0.46 -0.12    
-0.4575 -0.116667    
-0.4575 -0.116667    
-0.4575 -0.116667    
-0.4575 -0.113333    
-0.4575 -0.11    
-0.4575 -0.11    
-0.4575 -0.106667    
