60
0.2875 -0.94    
0.27 -0.906667    
0.225 -0.803333    
0.2 -0.733333    
0.1725 -0.656667    
0.135 -0.546667    
0.095 -0.436667    
0.085 -0.406667    
0.04 -0.29    
0.005 -0.2    
-0.04 -0.0833333    
-0.085 0.0333333    
-0.115 0.11    
-0.155 0.21    
-0.1825 0.276667    
-0.2175 0.346667    
-0.2375 0.386667    
-0.265 0.423333    
-0.2725 0.43    
-0.285 0.433333    
-0.295 0.423333    
-0.2975 0.403333    
-0.295 0.363333    
-0.285 0.31    
-0.265 0.24    
-0.2425 0.183333    
-0.22 0.13    
-0.1875 0.07    
-0.1575 0.01    
-0.135 -0.04    
-0.1225 -0.0766667    
-0.1125 -0.11    
-0.1025 -0.153333    
-0.0975 -0.196667    
-0.09 -0.236667    
-0.0725 -0.29    
-0.04 -0.34    
-0.0075 -0.373333    
0.0375 -0.403333    
0.0725 -0.426667    
0.1125 -0.456667    
0.135 -0.48    
0.1575 -0.506667    
0.1725 -0.53    
0.19 -0.563333    
0.1975 -0.59    
0.205 -0.623333    
0.21 -0.66    
0.21 -0.696667    
0.2075 -0.723333    
0.2025 -0.76    
0.2 -0.78    
0.1975 -0.8    
0.195 -0.823333    
0.1925 -0.85    
0.19 -0.87    
0.1875 -0.89    
0.1875 -0.92    
0.19 -0.953333    
0.195 -0.976667    
