35
-0.0825 0.513333    
-0.085 0.503333    
-0.0825 0.493333    
-0.0825 0.486667    
-0.085 0.48    
-0.0925 0.473333    
-0.14 0.44    
-0.1775 0.41    
-0.2225 0.363333    
-0.2975 0.236667    
-0.32 0.153333    
-0.3225 0.0666667    
-0.2975 -0.11    
-0.265 -0.203333    
-0.17 -0.39    
-0.1125 -0.466667    
-0.0475 -0.526667    
0.07 -0.546667    
0.1125 -0.503333    
0.1725 -0.346667    
0.1825 -0.236667    
0.1775 -0.126667    
0.14 0.0833333    
0.11 0.16    
0.08 0.226667    
0.025 0.33    
0 0.373333    
0 0.373333    
-0.03 0.406667    
-0.06 0.423333    
-0.09 0.43    
-0.1425 0.416667    
-0.155 0.41    
-0.165 0.39    
-0.165 0.38    
