76
-0.275 0.713333    
-0.2775 0.71    
-0.28 0.706667    
-0.285 0.7    
-0.2925 0.693333    
-0.3175 0.656667    
-0.35 0.606667    
-0.4325 0.463333    
-0.465 0.373333    
-0.4875 0.266667    
-0.4875 0.166667    
-0.4125 -0.06    
-0.2875 -0.286667    
-0.2175 -0.383333    
-0.1475 -0.463333    
-0.0675 -0.576667    
-0.015 -0.626667    
0.0325 -0.666667    
0.155 -0.723333    
0.225 -0.73    
0.2925 -0.716667    
0.4125 -0.643333    
0.4575 -0.583333    
0.5125 -0.443333    
0.52 -0.37    
0.515 -0.296667    
0.5 -0.223333    
0.4375 -0.08    
0.3975 -0.01    
0.345 0.0466667    
0.2225 0.126667    
0.155 0.153333    
0.0225 0.186667    
-0.04 0.2    
-0.04 0.2    
-0.11 0.203333    
-0.17 0.2    
-0.275 0.16    
-0.32 0.136667    
-0.375 0.0866667    
-0.405 0.0733333    
-0.43 0.06    
-0.4775 0.0433333    
-0.5 0.0433333    
-0.5175 0.0533333    
-0.5475 0.0766667    
-0.6075 0.113333    
-0.655 0.136667    
-0.66 0.133333    
-0.6525 0.123333    
-0.1675 -0.436667    
-0.5875 0.133333    
-0.565 0.14    
-0.5525 0.153333    
-0.5425 0.14    
-0.535 0.12    
-0.525 0.0966667    
-0.5075 0.0866667    
-0.49 0.103333    
-0.485 0.123333    
-0.4775 0.13    
-0.4675 0.133333    
-0.45 0.15    
-0.43 0.16    
-0.4225 0.163333    
-0.415 0.166667    
-0.41 0.17    
-0.3975 0.173333    
-0.39 0.18    
-0.3825 0.19    
-0.3675 0.21    
-0.36 0.226667    
-0.3525 0.236667    
-0.3425 0.243333    
-0.3375 0.246667    
-0.335 0.25    
