99
0.2375 0.293333    
0.2375 0.293333    
0.2375 0.323333    
0.2325 0.36    
0.2225 0.38    
0.21 0.403333    
0.1925 0.423333    
0.1525 0.446667    
0.1325 0.45    
0.11 0.446667    
0.0625 0.406667    
0.04 0.363333    
0.005 0.243333    
-0.0075 0.173333    
-0.0175 0.0566667    
-0.02 0.00333333    
-0.0075 -0.09    
0.0075 -0.133333    
0.025 -0.17    
0.0725 -0.226667    
0.105 -0.24    
0.1375 -0.243333    
0.1675 -0.243333    
0.2225 -0.23    
0.2675 -0.203333    
0.2675 -0.203333    
0.3 -0.166667    
0.3175 -0.123333    
0.32 -0.1    
0.32 -0.0733333    
0.32 -0.0733333    
0.32 -0.0733333    
0.305 0    
0.2975 0.0366667    
0.2775 0.113333    
0.26 0.163333    
0.2525 0.183333    
0.2425 0.2    
0.235 0.213333    
0.2225 0.236667    
0.2175 0.25    
0.2125 0.263333    
0.205 0.286667    
0.2 0.296667    
0.19 0.316667    
0.1875 0.323333    
0.185 0.33    
0.18 0.34    
0.1775 0.343333    
0.1775 0.353333    
0.175 0.356667    
0.175 0.366667    
0.1725 0.393333    
0.1725 0.403333    
0.1725 0.416667    
0.1725 0.426667    
0.1725 0.43    
0.1725 0.433333    
0.1725 0.44    
0.1725 0.443333    
0.1725 0.446667    
0.1725 0.45    
0.1725 0.45    
0.1725 0.453333    
0.1725 0.456667    
0.1725 0.46    
0.17 0.46    
0.17 0.463333    
0.17 0.463333    
0.17 0.466667    
0.1725 0.473333    
0.1725 0.473333    
0.175 0.476667    
0.1775 0.476667    
0.18 0.48    
0.1825 0.48    
0.185 0.48    
0.1875 0.476667    
0.19 0.473333    
0.19 0.473333    
0.1925 0.466667    
0.195 0.466667    
0.1975 0.466667    
0.1975 0.466667    
0.2 0.466667    
0.2 0.466667    
0.2 0.466667    
0.2025 0.466667    
0.2025 0.466667    
0.2025 0.463333    
0.2025 0.463333    
0.2025 0.463333    
0.2025 0.46    
0.2025 0.46    
0.2025 0.456667    
0.2025 0.456667    
0.2025 0.453333    
0.2 0.453333    
0.2 0.453333    
