107
-0.0375 0.336667    
-0.0375 0.34    
-0.0375 0.34    
-0.0375 0.34    
-0.0375 0.343333    
-0.04 0.343333    
-0.04 0.343333    
-0.0425 0.343333    
-0.045 0.34    
-0.0475 0.34    
-0.0525 0.333333    
-0.0575 0.33    
-0.0625 0.323333    
-0.07 0.31    
-0.075 0.3    
-0.08 0.286667    
-0.0925 0.253333    
-0.0975 0.233333    
-0.11 0.18    
-0.115 0.15    
-0.12 0.12    
-0.125 0.0566667    
-0.1275 0.0233333    
-0.13 -0.0166667    
-0.1325 -0.116667    
-0.1275 -0.23    
-0.1225 -0.286667    
-0.1125 -0.34    
-0.0825 -0.466667    
-0.065 -0.516667    
-0.045 -0.563333    
0 -0.63    
0.025 -0.65    
0.08 -0.686667    
0.1075 -0.7    
0.1325 -0.706667    
0.155 -0.706667    
0.1975 -0.693333    
0.2175 -0.68    
0.2525 -0.646667    
0.2675 -0.623333    
0.28 -0.593333    
0.2975 -0.52    
0.3025 -0.476667    
0.31 -0.43    
0.3175 -0.343333    
0.32 -0.303333    
0.32 -0.263333    
0.3175 -0.183333    
0.315 -0.14    
0.31 -0.0966667    
0.3 -0.00666667    
0.295 0.0333333    
0.2825 0.103333    
0.275 0.136667    
0.2675 0.163333    
0.2475 0.22    
0.235 0.246667    
0.2225 0.273333    
0.195 0.316667    
0.18 0.333333    
0.15 0.363333    
0.15 0.363333    
0.13 0.38    
0.1125 0.393333    
0.0975 0.403333    
0.085 0.413333    
0.065 0.42    
0.0575 0.42    
0.0525 0.42    
0.04 0.416667    
0.0325 0.413333    
0.0225 0.406667    
0.0175 0.403333    
0.0125 0.4    
0.0025 0.393333    
-0.005 0.383333    
-0.01 0.38    
-0.015 0.373333    
-0.025 0.36    
-0.03 0.353333    
-0.035 0.346667    
-0.04 0.34    
-0.05 0.326667    
-0.055 0.32    
-0.06 0.313333    
-0.065 0.3    
-0.07 0.293333    
-0.075 0.286667    
-0.0775 0.283333    
-0.08 0.28    
-0.0825 0.273333    
-0.085 0.273333    
-0.085 0.27    
-0.0875 0.27    
-0.0875 0.266667    
-0.0875 0.266667    
-0.0875 0.266667    
-0.0875 0.266667    
-0.0875 0.266667    
-0.0875 0.263333    
-0.0875 0.263333    
-0.0875 0.263333    
-0.0875 0.266667    
-0.0875 0.266667    
-0.0875 0.266667    
-0.0875 0.27    
