49
0.0075 -0.0466667    
0.0075 -0.0433333    
0.005 -0.03    
0.0025 -0.0233333    
0 -0.0166667    
-0.005 0.00666667    
-0.0075 0.02    
-0.015 0.0466667    
-0.02 0.07    
-0.025 0.08    
-0.0275 0.09    
-0.03 0.0966667    
-0.0325 0.103333    
-0.0425 0.11    
-0.0475 0.106667    
-0.065 0.0766667    
-0.0775 0.0433333    
-0.09 -0.00666667    
-0.1075 -0.16    
-0.1075 -0.25    
-0.0925 -0.43    
-0.0775 -0.506667    
-0.0575 -0.57    
-0.02 -0.66    
0 -0.69    
0.0525 -0.72    
0.0875 -0.723333    
0.1225 -0.716667    
0.16 -0.703333    
0.22 -0.64    
0.24 -0.6    
0.255 -0.553333    
0.2625 -0.433333    
0.245 -0.306667    
0.235 -0.24    
0.2225 -0.186667    
0.21 -0.136667    
0.2 -0.0566667    
0.195 -0.00666667    
0.185 0.0766667    
0.1775 0.116667    
0.15 0.15    
0.135 0.156667    
0.125 0.16    
0.12 0.156667    
0.1025 0.15    
0.085 0.146667    
0.0775 0.146667    
0.07 0.143333    
