44
0.0925 0.336667    
0.095 0.34    
0.1 0.34    
0.1025 0.34    
0.105 0.34    
0.1075 0.336667    
0.1125 0.333333    
0.115 0.33    
0.1175 0.326667    
0.1175 0.323333    
0.1175 0.313333    
0.1125 0.306667    
0.0925 0.29    
0.045 0.25    
-0.0175 0.19    
-0.065 0.133333    
-0.1175 0.04    
-0.14 -0.04    
-0.1475 -0.186667    
-0.135 -0.313333    
-0.1125 -0.403333    
-0.09 -0.456667    
-0.0325 -0.543333    
0.0625 -0.59    
0.13 -0.583333    
0.1975 -0.556667    
0.26 -0.52    
0.345 -0.413333    
0.3625 -0.373333    
0.3775 -0.253333    
0.3775 -0.166667    
0.3725 -0.0533333    
0.3625 -0.00333333    
0.34 0.08    
0.3175 0.116667    
0.2875 0.143333    
0.2625 0.163333    
0.2475 0.176667    
0.2275 0.19    
0.2075 0.2    
0.185 0.2    
0.1475 0.186667    
0.1325 0.173333    
0.1025 0.14    
