79
-0.1125 0.563333    
-0.13 0.543333    
-0.145 0.52    
-0.17 0.483333    
-0.19 0.446667    
-0.2025 0.42    
-0.225 0.373333    
-0.265 0.256667    
-0.2775 0.203333    
-0.29 0.0933333    
-0.2875 0.00666667    
-0.28 -0.0766667    
-0.25 -0.18    
-0.2075 -0.266667    
-0.14 -0.366667    
-0.1075 -0.406667    
-0.0375 -0.47    
0.02 -0.51    
0.0975 -0.543333    
0.1875 -0.54    
0.235 -0.52    
0.275 -0.48    
0.3125 -0.43    
0.37 -0.326667    
0.41 -0.236667    
0.4325 -0.166667    
0.445 -0.12    
0.46 -0.0366667    
0.4675 0.0733333    
0.47 0.113333    
0.4675 0.186667    
0.46 0.25    
0.45 0.293333    
0.4275 0.34    
0.41 0.37    
0.3825 0.413333    
0.35 0.446667    
0.325 0.466667    
0.2925 0.486667    
0.285 0.49    
0.2425 0.506667    
0.205 0.513333    
0.17 0.516667    
0.135 0.516667    
0.0875 0.513333    
0.0625 0.51    
0.0425 0.503333    
0.0225 0.5    
-0.0075 0.5    
-0.0475 0.506667    
-0.06 0.506667    
-0.0875 0.503333    
-0.1 0.503333    
-0.1225 0.49    
-0.1325 0.483333    
-0.1575 0.476667    
-0.175 0.47    
-0.1975 0.463333    
-0.215 0.456667    
-0.22 0.453333    
-0.225 0.446667    
-0.225 0.436667    
-0.2275 0.43    
-0.23 0.416667    
-0.2325 0.41    
-0.2325 0.406667    
-0.2375 0.403333    
-0.24 0.4    
-0.245 0.4    
-0.2475 0.4    
-0.25 0.403333    
-0.2525 0.403333    
-0.255 0.403333    
-0.2575 0.403333    
-0.26 0.4    
-0.2625 0.4    
-0.2675 0.406667    
-0.2675 0.41    
-0.2675 0.416667    
