66
0.0975 0.06    
0.0875 0.09    
0.0725 0.126667    
0.0575 0.16    
0.0375 0.206667    
0.0175 0.263333    
0.0025 0.313333    
-0.0125 0.383333    
-0.02 0.436667    
-0.0325 0.496667    
-0.0625 0.52    
-0.0775 0.503333    
-0.1075 0.426667    
-0.125 0.256667    
-0.115 0.14    
-0.0975 0.06    
-0.04 -0.106667    
0.0125 -0.2    
0.04 -0.236667    
0.09 -0.29    
0.13 -0.316667    
0.1975 -0.34    
0.2525 -0.34    
0.305 -0.316667    
0.3475 -0.283333    
0.385 -0.233333    
0.4175 -0.176667    
0.4425 -0.106667    
0.4575 0.0366667    
0.4525 0.08    
0.4325 0.163333    
0.4075 0.226667    
0.38 0.28    
0.345 0.326667    
0.305 0.363333    
0.26 0.386667    
0.185 0.403333    
0.1425 0.406667    
0.08 0.4    
0.06 0.396667    
0.0125 0.38    
-0.02 0.363333    
-0.065 0.343333    
-0.095 0.326667    
-0.1275 0.306667    
-0.1475 0.293333    
-0.165 0.283333    
-0.19 0.296667    
-0.2075 0.37    
-0.2075 0.436667    
-0.2 0.506667    
-0.1825 0.566667    
-0.16 0.61    
-0.13 0.636667    
-0.1175 0.64    
-0.1 0.65    
-0.085 0.666667    
-0.07 0.69    
-0.045 0.736667    
-0.03 0.766667    
-0.0175 0.793333    
-0.0075 0.813333    
0.005 0.833333    
0.0325 0.86    
0.04 0.863333    
0.045 0.866667    
