53
-0.1325 0.426667    
-0.14 0.45    
-0.15 0.466667    
-0.16 0.47    
-0.1675 0.456667    
-0.175 0.44    
-0.185 0.403333    
-0.19 0.353333    
-0.1925 0.27    
-0.185 0.18    
-0.1725 0.11    
-0.155 0.04    
-0.115 -0.0733333    
-0.0825 -0.14    
-0.0375 -0.226667    
-0.0025 -0.286667    
0.045 -0.356667    
0.0825 -0.396667    
0.1325 -0.43    
0.18 -0.436667    
0.21 -0.423333    
0.2475 -0.39    
0.2675 -0.346667    
0.2875 -0.276667    
0.2925 -0.196667    
0.29 -0.126667    
0.275 -0.0333333    
0.2525 0.0566667    
0.23 0.12    
0.1975 0.193333    
0.17 0.24    
0.13 0.296667    
0.1 0.333333    
0.0575 0.376667    
0.0225 0.406667    
-0.0025 0.426667    
-0.035 0.446667    
-0.0575 0.456667    
-0.09 0.466667    
-0.11 0.47    
-0.1225 0.473333    
-0.1375 0.473333    
-0.16 0.473333    
-0.1725 0.47    
-0.185 0.466667    
-0.1925 0.463333    
-0.1975 0.46    
-0.2025 0.456667    
-0.205 0.453333    
-0.205 0.453333    
-0.205 0.453333    
-0.2025 0.45    
-0.2025 0.446667    
