114
-0.0675 0.35    
-0.0675 0.35    
-0.0675 0.346667    
-0.0675 0.346667    
-0.0675 0.343333    
-0.065 0.34    
-0.065 0.343333    
-0.0625 0.346667    
-0.06 0.35    
-0.06 0.353333    
-0.0575 0.356667    
-0.06 0.356667    
-0.0625 0.356667    
-0.065 0.353333    
-0.0725 0.35    
-0.0775 0.343333    
-0.0825 0.333333    
-0.0875 0.326667    
-0.09 0.316667    
-0.0925 0.313333    
-0.095 0.306667    
-0.1025 0.293333    
-0.105 0.29    
-0.11 0.276667    
-0.115 0.26    
-0.1175 0.246667    
-0.12 0.226667    
-0.1225 0.2    
-0.1275 0.176667    
-0.135 0.143333    
-0.145 0.106667    
-0.1525 0.0766667    
-0.16 0.0233333    
-0.1625 -0.01    
-0.1625 -0.04    
-0.1625 -0.05    
-0.155 -0.116667    
-0.1475 -0.156667    
-0.14 -0.196667    
-0.125 -0.263333    
-0.1175 -0.303333    
-0.0975 -0.363333    
-0.085 -0.396667    
-0.0725 -0.423333    
-0.06 -0.446667    
-0.0425 -0.473333    
-0.0275 -0.49    
-0.01 -0.51    
0.005 -0.526667    
0.03 -0.533333    
0.0425 -0.523333    
0.055 -0.503333    
0.075 -0.48    
0.0875 -0.466667    
0.105 -0.446667    
0.12 -0.443333    
0.1275 -0.433333    
0.1375 -0.413333    
0.1475 -0.38    
0.155 -0.363333    
0.16 -0.346667    
0.1625 -0.336667    
0.16 -0.313333    
0.155 -0.286667    
0.15 -0.27    
0.14 -0.243333    
0.125 -0.193333    
0.115 -0.153333    
0.11 -0.136667    
0.1 -0.11    
0.0975 -0.0966667    
0.09 -0.0666667    
0.0825 -0.04    
0.075 -0.0133333    
0.065 0.0333333    
0.0625 0.0566667    
0.06 0.0766667    
0.055 0.103333    
0.0475 0.12    
0.0375 0.143333    
0.0275 0.163333    
0.015 0.2    
0.01 0.21    
0.005 0.23    
-0.0075 0.253333    
-0.02 0.276667    
-0.0275 0.293333    
-0.04 0.31    
-0.0475 0.32    
-0.0575 0.333333    
-0.0625 0.34    
-0.075 0.356667    
-0.08 0.363333    
-0.0875 0.37    
-0.095 0.373333    
-0.0975 0.376667    
-0.0975 0.38    
-0.0975 0.38    
-0.0975 0.376667    
-0.0975 0.373333    
-0.0975 0.37    
-0.0975 0.366667    
-0.0925 0.363333    
-0.0925 0.36    
-0.09 0.36    
-0.0875 0.36    
-0.0875 0.356667    
-0.0825 0.353333    
-0.0775 0.35    
-0.0675 0.34    
-0.055 0.33    
-0.045 0.323333    
-0.0325 0.313333    
-0.0225 0.31    
