52
-0.185 0.473333    
-0.1875 0.493333    
-0.1875 0.506667    
-0.1875 0.52    
-0.1875 0.543333    
-0.1875 0.556667    
-0.1875 0.573333    
-0.1875 0.59    
-0.1925 0.596667    
-0.2025 0.593333    
-0.215 0.576667    
-0.2275 0.55    
-0.2375 0.506667    
-0.245 0.443333    
-0.2525 0.386667    
-0.2575 0.326667    
-0.265 0.243333    
-0.27 0.15    
-0.2725 0.0833333    
-0.2625 -0.00666667    
-0.245 -0.0933333    
-0.2125 -0.166667    
-0.1725 -0.226667    
-0.1475 -0.25    
-0.095 -0.276667    
-0.0325 -0.276667    
0.015 -0.263333    
0.08 -0.216667    
0.125 -0.166667    
0.19 -0.0566667    
0.22 0.0133333    
0.2425 0.0833333    
0.255 0.15    
0.2575 0.226667    
0.2475 0.263333    
0.2075 0.353333    
0.1775 0.4    
0.1425 0.443333    
0.0975 0.493333    
0.0525 0.526667    
0.0175 0.543333    
-0.0175 0.556667    
-0.06 0.566667    
-0.0925 0.57    
-0.1325 0.566667    
-0.1625 0.56    
-0.2 0.54    
-0.225 0.523333    
-0.2625 0.48    
-0.2725 0.463333    
-0.28 0.443333    
-0.285 0.403333    
