93
-0.1475 0.333333    
-0.1475 0.34    
-0.1475 0.343333    
-0.15 0.346667    
-0.1525 0.343333    
-0.155 0.34    
-0.1575 0.34    
-0.1625 0.336667    
-0.165 0.333333    
-0.165 0.33    
-0.1675 0.33    
-0.1675 0.326667    
-0.1675 0.323333    
-0.1725 0.32    
-0.1775 0.32    
-0.1825 0.316667    
-0.19 0.31    
-0.2 0.303333    
-0.2075 0.296667    
-0.22 0.283333    
-0.225 0.273333    
-0.2325 0.26    
-0.24 0.233333    
-0.2475 0.19    
-0.25 0.156667    
-0.2525 0.116667    
-0.255 0.0566667    
-0.255 0.00666667    
-0.255 -0.0666667    
-0.25 -0.143333    
-0.245 -0.206667    
-0.235 -0.29    
-0.2275 -0.33    
-0.21 -0.39    
-0.1775 -0.456667    
-0.15 -0.496667    
-0.12 -0.523333    
-0.07 -0.54    
-0.0425 -0.54    
-0.005 -0.526667    
0.025 -0.503333    
0.0625 -0.463333    
0.0975 -0.413333    
0.12 -0.373333    
0.14 -0.326667    
0.165 -0.246667    
0.175 -0.196667    
0.1825 -0.146667    
0.1875 -0.0566667    
0.1875 -0.00666667    
0.185 0.0566667    
0.185 0.106667    
0.1825 0.15    
0.175 0.203333    
0.1675 0.243333    
0.14 0.296667    
0.1175 0.326667    
0.0825 0.366667    
0.0525 0.39    
0.025 0.416667    
-0.0075 0.443333    
-0.0375 0.463333    
-0.06 0.473333    
-0.09 0.48    
-0.1225 0.48    
-0.1475 0.473333    
-0.18 0.463333    
-0.2025 0.45    
-0.2175 0.436667    
-0.245 0.413333    
-0.2675 0.386667    
-0.2825 0.366667    
-0.295 0.343333    
-0.3 0.326667    
-0.305 0.303333    
-0.3 0.28    
-0.2925 0.26    
-0.28 0.236667    
-0.2625 0.2    
-0.25 0.17    
-0.2325 0.136667    
-0.2175 0.103333    
-0.2125 0.0866667    
-0.2075 0.0633333    
-0.2075 0.04    
-0.2075 0.0233333    
-0.2075 0.01    
-0.2075 0    
-0.2075 -0.00333333    
-0.21 -0.00666667    
-0.2125 -0.00666667    
-0.2125 -0.00333333    
-0.215 0    
