43
-0.1275 0.563333    
-0.1275 0.563333    
-0.1275 0.563333    
-0.1275 0.56    
-0.13 0.56    
-0.13 0.553333    
-0.13 0.553333    
-0.13 0.546667    
-0.13 0.543333    
-0.13 0.54    
-0.13 0.536667    
-0.13 0.536667    
-0.13 0.536667    
-0.1275 0.533333    
-0.1275 0.533333    
-0.125 0.526667    
-0.1225 0.516667    
-0.12 0.503333    
-0.1125 0.46    
-0.1075 0.383333    
-0.1075 0.383333    
-0.105 0.296667    
-0.105 0.253333    
-0.105 0.173333    
-0.105 0.173333    
-0.105 0.173333    
-0.11 0.113333    
-0.1125 0.0866667    
-0.1225 0.0466667    
-0.125 0.03    
-0.13 0.0133333    
-0.13 0.00333333    
-0.13 -0.0133333    
-0.13 -0.0266667    
-0.13 -0.03    
-0.13 -0.04    
-0.13 -0.04    
-0.13 -0.0433333    
-0.13 -0.0466667    
-0.13 -0.0466667    
-0.13 -0.05    
-0.13 -0.0533333    
-0.13 -0.0566667    
