96
-0.075 0.443333    
-0.075 0.44    
-0.0775 0.44    
-0.08 0.44    
-0.08 0.44    
-0.0825 0.44    
-0.085 0.44    
-0.085 0.436667    
-0.085 0.436667    
-0.085 0.436667    
-0.085 0.433333    
-0.0825 0.436667    
-0.0725 0.443333    
-0.065 0.456667    
-0.055 0.473333    
-0.03 0.516667    
-0.0175 0.543333    
0.0075 0.596667    
0.015 0.623333    
0.0275 0.673333    
0.0325 0.696667    
0.035 0.716667    
0.0375 0.746667    
0.04 0.76    
0.04 0.766667    
0.0425 0.766667    
0.045 0.756667    
0.0525 0.696667    
0.06 0.643333    
0.08 0.506667    
0.0925 0.426667    
0.1075 0.346667    
0.1375 0.19    
0.165 0.0533333    
0.175 -0.00333333    
0.185 -0.0566667    
0.1925 -0.106667    
0.205 -0.19    
0.2125 -0.226667    
0.2175 -0.256667    
0.225 -0.303333    
0.2225 -0.336667    
0.2225 -0.336667    
0.2125 -0.366667    
0.2075 -0.383333    
0.195 -0.413333    
0.1875 -0.43    
0.1775 -0.443333    
0.1425 -0.466667    
0.1175 -0.476667    
0.06 -0.496667    
0.0275 -0.513333    
-0.045 -0.54    
-0.0825 -0.55    
-0.1175 -0.56    
-0.175 -0.563333    
-0.195 -0.563333    
-0.2075 -0.563333    
-0.215 -0.563333    
-0.2125 -0.56    
-0.2025 -0.56    
-0.1575 -0.56    
-0.1275 -0.556667    
-0.0425 -0.553333    
0.005 -0.553333    
0.055 -0.553333    
0.155 -0.556667    
0.2125 -0.556667    
0.3225 -0.553333    
0.37 -0.546667    
0.42 -0.543333    
0.4575 -0.536667    
0.5125 -0.523333    
0.5475 -0.51    
0.5475 -0.51    
0.57 -0.496667    
0.58 -0.486667    
0.5825 -0.48    
0.5825 -0.476667    
0.5825 -0.473333    
0.58 -0.466667    
0.57 -0.463333    
0.5625 -0.46    
0.555 -0.46    
0.5475 -0.456667    
0.5375 -0.453333    
0.52 -0.45    
0.5025 -0.446667    
0.4975 -0.446667    
0.49 -0.446667    
0.49 -0.446667    
0.485 -0.45    
0.4825 -0.453333    
0.48 -0.453333    
0.4775 -0.456667    
0.4775 -0.46    
