28
0.1375 0.67    
0.135 0.673333    
0.13 0.676667    
0.1275 0.68    
0.125 0.683333    
0.1175 0.696667    
0.115 0.703333    
0.1125 0.706667    
0.11 0.703333    
0.1125 0.69    
0.125 0.616667    
0.135 0.55    
0.15 0.46    
0.165 0.203333    
0.165 0.0466667    
0.1425 -0.273333    
0.1275 -0.42    
0.115 -0.553333    
0.1025 -0.666667    
0.0725 -0.85    
0.045 -0.963333    
0.01 -0.99    
0.005 -0.93    
0.0075 -0.886667    
0.0275 -0.793333    
0.0425 -0.75    
0.0525 -0.716667    
0.075 -0.663333    
