38
-0.005 0.643333    
-0.005 0.646667    
-0.005 0.646667    
-0.0025 0.65    
-0.0025 0.65    
0 0.643333    
0.005 0.63    
0.0175 0.573333    
0.0325 0.476667    
0.04 0.403333    
0.045 0.316667    
0.05 0.233333    
0.055 0.05    
0.055 -0.0266667    
0.055 -0.0833333    
0.055 -0.183333    
0.0575 -0.243333    
0.0625 -0.263333    
0.0675 -0.273333    
0.07 -0.273333    
0.075 -0.256667    
0.0775 -0.246667    
0.0775 -0.236667    
0.08 -0.21    
0.08 -0.196667    
0.08 -0.176667    
0.08 -0.17    
0.0825 -0.16    
0.0875 -0.143333    
0.0925 -0.133333    
0.095 -0.123333    
0.1025 -0.106667    
0.105 -0.1    
0.1075 -0.09    
0.11 -0.0833333    
0.11 -0.08    
0.1125 -0.0733333    
0.1125 -0.07    
