53
0.02 0.443333    
0.02 0.443333    
0.02 0.443333    
0.02 0.443333    
0.02 0.443333    
0.02 0.443333    
0.02 0.443333    
0.02 0.443333    
0.0225 0.443333    
0.025 0.443333    
0.025 0.44    
0.03 0.433333    
0.03 0.43    
0.0325 0.426667    
0.035 0.41    
0.0375 0.4    
0.04 0.376667    
0.04 0.366667    
0.0425 0.353333    
0.04 0.316667    
0.04 0.293333    
0.04 0.24    
0.0375 0.213333    
0.0375 0.186667    
0.0375 0.16    
0.035 0.0966667    
0.035 0.06    
0.0325 -0.0166667    
0.0325 -0.06    
0.0325 -0.1    
0.0275 -0.21    
0.025 -0.27    
0.025 -0.373333    
0.025 -0.42    
0.0275 -0.45    
0.04 -0.52    
0.0475 -0.56    
0.0525 -0.596667    
0.0625 -0.653333    
0.065 -0.673333    
0.0675 -0.693333    
0.07 -0.723333    
0.0725 -0.733333    
0.0725 -0.753333    
0.075 -0.76    
0.075 -0.77    
0.075 -0.773333    
0.075 -0.776667    
0.075 -0.78    
0.075 -0.783333    
0.0775 -0.786667    
0.0775 -0.786667    
0.0775 -0.79    
