29
0.01 0.41    
0.01 0.413333    
0.01 0.423333    
0.01 0.43    
0.01 0.443333    
0.01 0.453333    
0.0125 0.46    
0.0125 0.466667    
0.015 0.476667    
0.015 0.473333    
0.0175 0.463333    
0.02 0.443333    
0.02 0.423333    
0.0225 0.336667    
0.0225 0.283333    
0.0175 0.216667    
0.0175 0.0633333    
0.0175 -0.00666667    
0.0175 -0.133333    
0.0125 -0.186667    
0.005 -0.233333    
-0.015 -0.323333    
-0.025 -0.363333    
-0.0375 -0.433333    
-0.0425 -0.456667    
-0.0475 -0.483333    
-0.05 -0.49    
-0.05 -0.493333    
-0.0525 -0.493333    
