45
0.035 0.706667    
0.04 0.7    
0.0425 0.7    
0.0475 0.696667    
0.0525 0.693333    
0.055 0.69    
0.055 0.686667    
0.055 0.68    
0.0575 0.67    
0.065 0.646667    
0.0675 0.626667    
0.07 0.603333    
0.065 0.55    
0.06 0.51    
0.05 0.426667    
0.0375 0.283333    
0.0275 0.113333    
0.025 -0.01    
0.03 -0.163333    
0.04 -0.27    
0.0475 -0.39    
0.0475 -0.53    
0.0375 -0.603333    
0.0275 -0.683333    
0.02 -0.756667    
0.015 -0.833333    
0.025 -0.89    
0.03 -0.893333    
0.0425 -0.89    
0.055 -0.876667    
0.065 -0.853333    
0.0725 -0.836667    
0.0775 -0.826667    
0.0825 -0.82    
0.085 -0.816667    
0.0875 -0.816667    
0.0875 -0.82    
0.0875 -0.82    
0.085 -0.82    
0.085 -0.823333    
0.085 -0.826667    
0.0825 -0.826667    
0.0825 -0.826667    
0.0825 -0.823333    
0.08 -0.823333    
