43
0.04 0.556667    
0.03 0.563333    
0.0125 0.573333    
0 0.58    
-0.01 0.59    
-0.02 0.593333    
-0.035 0.6    
-0.0425 0.603333    
-0.05 0.606667    
-0.06 0.606667    
-0.0625 0.61    
-0.065 0.61    
-0.0675 0.596667    
-0.08 0.496667    
-0.09 0.38    
-0.105 0.216667    
-0.1275 -0.08    
-0.14 -0.29    
-0.145 -0.403333    
-0.15 -0.513333    
-0.1475 -0.57    
-0.1425 -0.613333    
-0.14 -0.646667    
-0.14 -0.646667    
-0.14 -0.633333    
-0.1425 -0.623333    
-0.145 -0.58    
-0.145 -0.52    
-0.145 -0.48    
-0.145 -0.39    
-0.14 -0.313333    
-0.1325 -0.193333    
-0.1275 -0.13    
-0.12 -0.07    
-0.1025 0.0133333    
-0.09 0.0566667    
-0.0775 0.1    
-0.07 0.126667    
-0.0575 0.153333    
-0.045 0.183333    
-0.0375 0.203333    
-0.035 0.213333    
-0.0375 0.22    
