27
-0.0425 0.85    
-0.0425 0.85    
-0.04 0.85    
-0.0375 0.846667    
-0.035 0.843333    
-0.03 0.833333    
-0.025 0.816667    
-0.0175 0.776667    
-0.01 0.713333    
-0.005 0.646667    
-0.0025 0.57    
0 0.433333    
0.0025 0.35    
0.0025 0.27    
0.005 0.193333    
0.01 0.0666667    
0.0125 -0.0266667    
0.015 -0.0933333    
0.015 -0.153333    
0.0175 -0.223333    
0.0125 -0.286667    
0.01 -0.33    
0.0075 -0.373333    
0.0025 -0.396667    
-0.0025 -0.42    
-0.0025 -0.423333    
-0.005 -0.416667    
