73
-0.0325 0.38    
-0.035 0.38    
-0.035 0.38    
-0.035 0.38    
-0.035 0.383333    
-0.035 0.383333    
-0.035 0.383333    
-0.0325 0.383333    
-0.0325 0.38    
-0.0325 0.38    
-0.0325 0.373333    
-0.0325 0.366667    
-0.03 0.353333    
-0.0275 0.34    
-0.025 0.33    
-0.0225 0.316667    
-0.02 0.296667    
-0.02 0.29    
-0.015 0.27    
-0.0125 0.253333    
-0.0125 0.25    
-0.01 0.216667    
-0.01 0.186667    
-0.0125 0.14    
-0.015 0.12    
-0.0175 0.0866667    
-0.02 0.0633333    
-0.0225 0.0266667    
-0.025 -0.01    
-0.0275 -0.0333333    
-0.0275 -0.0733333    
-0.0275 -0.0966667    
-0.0275 -0.126667    
-0.0275 -0.163333    
-0.025 -0.183333    
-0.025 -0.233333    
-0.025 -0.273333    
-0.0225 -0.296667    
-0.0225 -0.31    
-0.0225 -0.336667    
-0.0225 -0.366667    
-0.0225 -0.383333    
-0.0225 -0.403333    
-0.02 -0.433333    
-0.0175 -0.446667    
-0.0175 -0.453333    
-0.015 -0.476667    
-0.015 -0.483333    
-0.015 -0.49    
-0.015 -0.496667    
-0.0125 -0.513333    
-0.0075 -0.533333    
-0.0075 -0.543333    
-0.0075 -0.56    
-0.005 -0.566667    
-0.005 -0.576667    
-0.005 -0.583333    
-0.005 -0.59    
-0.005 -0.596667    
-0.005 -0.6    
-0.005 -0.606667    
-0.005 -0.61    
-0.0025 -0.613333    
0 -0.623333    
0 -0.63    
0.005 -0.643333    
0.0075 -0.646667    
0.01 -0.653333    
0.0175 -0.66    
0.0175 -0.66    
0.0225 -0.663333    
0.025 -0.666667    
0.025 -0.67    
