45
-0.0925 0.496667    
-0.095 0.493333    
-0.095 0.486667    
-0.095 0.483333    
-0.095 0.48    
-0.0925 0.476667    
-0.09 0.476667    
-0.0875 0.476667    
-0.085 0.476667    
-0.0825 0.476667    
-0.0825 0.473333    
-0.0825 0.463333    
-0.085 0.456667    
-0.09 0.443333    
-0.0925 0.426667    
-0.0975 0.403333    
-0.0975 0.376667    
-0.1 0.33    
-0.1 0.29    
-0.1 0.226667    
-0.1 0.153333    
-0.1 0.1    
-0.1 0.0433333    
-0.1 -0.02    
-0.0975 -0.09    
-0.0975 -0.176667    
-0.0975 -0.263333    
-0.0975 -0.313333    
-0.0975 -0.356667    
-0.0975 -0.396667    
-0.1 -0.416667    
-0.1 -0.436667    
-0.1025 -0.443333    
-0.1025 -0.45    
-0.1025 -0.45    
-0.1025 -0.45    
-0.1 -0.446667    
-0.0975 -0.443333    
-0.095 -0.436667    
-0.095 -0.433333    
-0.0925 -0.43    
-0.0925 -0.43    
-0.0925 -0.43    
-0.0925 -0.43    
-0.095 -0.426667    
