47
-0.38 0.586667    
-0.3875 0.593333    
-0.3875 0.6    
-0.3875 0.603333    
-0.3875 0.61    
-0.3875 0.61    
-0.3875 0.613333    
-0.3775 0.613333    
-0.37 0.613333    
-0.3375 0.606667    
-0.31 0.603333    
-0.275 0.596667    
-0.1975 0.576667    
-0.16 0.56    
-0.1275 0.536667    
-0.085 0.456667    
-0.0825 0.343333    
-0.0925 0.273333    
-0.1075 0.203333    
-0.145 0.0633333    
-0.1675 0    
-0.1925 -0.0566667    
-0.22 -0.106667    
-0.2775 -0.18    
-0.3025 -0.206667    
-0.3475 -0.24    
-0.365 -0.25    
-0.3775 -0.256667    
-0.385 -0.266667    
-0.3775 -0.27    
-0.3575 -0.27    
-0.29 -0.27    
-0.245 -0.266667    
-0.245 -0.266667    
-0.175 -0.26    
-0.1 -0.25    
0.0375 -0.226667    
0.0975 -0.216667    
0.1525 -0.21    
0.22 -0.2    
0.245 -0.2    
0.25 -0.203333    
0.25 -0.203333    
0.25 -0.206667    
0.245 -0.21    
0.235 -0.21    
0.23 -0.213333    
