36
-0.515 0.276667    
-0.515 0.28    
-0.515 0.286667    
-0.5125 0.3    
-0.5025 0.323333    
-0.4725 0.336667    
-0.395 0.326667    
-0.2875 0.27    
-0.2 0.19    
-0.1275 0.09    
-0.0825 -0.05    
-0.095 -0.17    
-0.14 -0.24    
-0.2075 -0.286667    
-0.285 -0.316667    
-0.415 -0.343333    
-0.4725 -0.343333    
-0.5 -0.34    
-0.515 -0.336667    
-0.5 -0.336667    
-0.455 -0.343333    
-0.37 -0.36    
-0.295 -0.383333    
-0.22 -0.413333    
-0.12 -0.45    
-0.0125 -0.496667    
0.0725 -0.53    
0.155 -0.563333    
0.28 -0.606667    
0.3375 -0.63    
0.3825 -0.646667    
0.415 -0.663333    
0.4375 -0.68    
0.445 -0.686667    
0.4475 -0.686667    
0.445 -0.683333    
