32
-0.2475 0.28    
-0.26 0.296667    
-0.265 0.303333    
-0.2725 0.313333    
-0.2725 0.32    
-0.265 0.33    
-0.2475 0.343333    
-0.1875 0.373333    
-0.1525 0.383333    
-0.075 0.373333    
-0.0425 0.356667    
-0.015 0.33    
0.0175 0.25    
0.0225 0.2    
0.0175 0.14    
-0.02 0.01    
-0.055 -0.05    
-0.14 -0.153333    
-0.18 -0.193333    
-0.25 -0.253333    
-0.2775 -0.27    
-0.3 -0.286667    
-0.3225 -0.31    
-0.3175 -0.316667    
-0.2975 -0.316667    
-0.265 -0.316667    
-0.165 -0.31    
-0.1075 -0.306667    
-0.0125 -0.306667    
0.025 -0.306667    
0.0525 -0.31    
0.0875 -0.316667    
