54
-0.135 0.56    
-0.1375 0.563333    
-0.1425 0.57    
-0.1425 0.57    
-0.1525 0.58    
-0.1625 0.59    
-0.185 0.613333    
-0.2 0.626667    
-0.2175 0.64    
-0.2225 0.643333    
-0.2225 0.64    
-0.21 0.633333    
-0.15 0.61    
-0.0975 0.596667    
0.05 0.563333    
0.1325 0.533333    
0.2125 0.496667    
0.3325 0.366667    
0.36 0.183333    
0.34 0.0833333    
0.3 -0.02    
0.2425 -0.12    
0.085 -0.316667    
0 -0.416667    
-0.185 -0.576667    
-0.275 -0.643333    
-0.3575 -0.69    
-0.43 -0.716667    
-0.52 -0.753333    
-0.54 -0.763333    
-0.54 -0.763333    
-0.485 -0.76    
-0.4225 -0.756667    
-0.2325 -0.71    
-0.1125 -0.673333    
0.015 -0.636667    
0.2725 -0.556667    
0.395 -0.533333    
0.59 -0.49    
0.66 -0.473333    
0.71 -0.46    
0.7675 -0.43    
0.78 -0.413333    
0.785 -0.393333    
0.775 -0.346667    
0.7575 -0.313333    
0.7375 -0.276667    
0.6825 -0.196667    
0.6525 -0.163333    
0.5975 -0.113333    
0.5725 -0.0966667    
0.55 -0.0866667    
0.515 -0.0733333    
0.495 -0.0733333    
