45
-0.0125 0.5    
-0.0125 0.5    
-0.0425 0.526667    
-0.055 0.543333    
-0.0675 0.563333    
-0.0825 0.603333    
-0.0775 0.64    
-0.0625 0.653333    
-0.0425 0.663333    
-0.0175 0.67    
0.04 0.666667    
0.0925 0.63    
0.0925 0.63    
0.1225 0.556667    
0.1275 0.51    
0.115 0.42    
0.1 0.38    
0.055 0.293333    
0.0275 0.243333    
-0.02 0.163333    
-0.04 0.133333    
-0.055 0.113333    
-0.07 0.103333    
-0.085 0.0933333    
-0.0875 0.09    
-0.075 0.0833333    
-0.055 0.08    
-0.0225 0.08    
0.0225 0.0766667    
0.1325 0.0733333    
0.19 0.0766667    
0.2825 0.0933333    
0.315 0.1    
0.34 0.11    
0.365 0.12    
0.37 0.123333    
0.3725 0.126667    
0.3725 0.133333    
0.3725 0.133333    
0.37 0.14    
0.37 0.14    
0.3675 0.143333    
0.3675 0.146667    
0.365 0.146667    
0.365 0.146667    
