97
-0.1325 0.46    
-0.1325 0.46    
-0.1325 0.46    
-0.1325 0.46    
-0.13 0.46    
-0.13 0.46    
-0.13 0.46    
-0.13 0.463333    
-0.1275 0.463333    
-0.125 0.466667    
-0.1125 0.47    
-0.105 0.473333    
-0.0925 0.476667    
-0.085 0.48    
-0.07 0.483333    
-0.0625 0.486667    
-0.055 0.49    
-0.0475 0.493333    
-0.03 0.5    
-0.02 0.503333    
0.005 0.513333    
0.0175 0.52    
0.03 0.526667    
0.05 0.536667    
0.0625 0.54    
0.0725 0.54    
0.095 0.54    
0.1025 0.536667    
0.12 0.526667    
0.125 0.52    
0.1325 0.51    
0.145 0.49    
0.1525 0.473333    
0.1575 0.46    
0.17 0.426667    
0.1825 0.393333    
0.1875 0.38    
0.1925 0.366667    
0.1975 0.33    
0.1975 0.313333    
0.1975 0.286667    
0.195 0.256667    
0.185 0.196667    
0.1725 0.143333    
0.1725 0.143333    
0.16 0.1    
0.1425 0.05    
0.1325 0.0233333    
0.12 -0.00333333    
0.0925 -0.06    
0.075 -0.09    
0.0425 -0.153333    
0.025 -0.18    
0.01 -0.206667    
-0.005 -0.23    
-0.035 -0.266667    
-0.05 -0.283333    
-0.0825 -0.313333    
-0.0975 -0.326667    
-0.1125 -0.336667    
-0.1425 -0.356667    
-0.1525 -0.36    
-0.1625 -0.366667    
-0.17 -0.37    
-0.1725 -0.373333    
-0.1725 -0.373333    
-0.165 -0.37    
-0.155 -0.366667    
-0.1425 -0.36    
-0.11 -0.353333    
-0.0925 -0.35    
-0.055 -0.34    
-0.0325 -0.336667    
-0.0075 -0.33    
0.045 -0.313333    
0.0725 -0.31    
0.0975 -0.303333    
0.1425 -0.3    
0.165 -0.296667    
0.185 -0.296667    
0.225 -0.3    
0.245 -0.306667    
0.285 -0.32    
0.305 -0.33    
0.3225 -0.34    
0.35 -0.356667    
0.365 -0.366667    
0.37 -0.37    
0.37 -0.37    
0.37 -0.37    
0.375 -0.373333    
0.3775 -0.376667    
0.38 -0.376667    
0.38 -0.38    
0.38 -0.38    
0.38 -0.383333    
0.38 -0.386667    
