49
-0.1775 0.363333    
-0.1775 0.366667    
-0.1775 0.37    
-0.1775 0.373333    
-0.1775 0.373333    
-0.1775 0.37    
-0.1775 0.37    
-0.1775 0.37    
-0.1775 0.366667    
-0.175 0.366667    
-0.1625 0.37    
-0.1625 0.37    
-0.1375 0.37    
-0.1225 0.373333    
-0.0875 0.383333    
-0.07 0.386667    
-0.035 0.393333    
-0.02 0.393333    
-0.0025 0.38    
0.0125 0.363333    
0.0425 0.3    
0.0525 0.256667    
0.0575 0.206667    
0.05 0.0833333    
0.0325 0.02    
-0.0175 -0.126667    
-0.05 -0.203333    
-0.0825 -0.276667    
-0.1375 -0.41    
-0.1575 -0.463333    
-0.1875 -0.536667    
-0.195 -0.556667    
-0.2025 -0.57    
-0.2075 -0.586667    
-0.2075 -0.593333    
-0.2025 -0.596667    
-0.17 -0.59    
-0.14 -0.586667    
-0.1025 -0.58    
-0.0175 -0.566667    
0.0225 -0.556667    
0.09 -0.543333    
0.115 -0.536667    
0.1525 -0.53    
0.165 -0.526667    
0.1725 -0.526667    
0.1725 -0.526667    
0.1775 -0.526667    
0.18 -0.526667    
