29
-0.205 0.396667    
-0.21 0.396667    
-0.2125 0.393333    
-0.215 0.39    
-0.21 0.39    
-0.2025 0.39    
-0.1825 0.39    
-0.145 0.386667    
-0.0525 0.376667    
0.0325 0.356667    
0.0725 0.34    
0.1325 0.3    
0.16 0.216667    
0.155 0.176667    
0.1275 0.0933333    
0.0775 0.0133333    
-0.0175 -0.1    
-0.075 -0.16    
-0.1225 -0.21    
-0.17 -0.263333    
-0.1875 -0.29    
-0.18 -0.316667    
-0.1475 -0.323333    
-0.0825 -0.326667    
-0.04 -0.323333    
0.0875 -0.313333    
0.1875 -0.3    
0.235 -0.293333    
0.315 -0.28    
