60
-0.225 0.66    
-0.2075 0.663333    
-0.1925 0.663333    
-0.175 0.656667    
-0.1275 0.636667    
-0.115 0.626667    
-0.0875 0.613333    
-0.0475 0.6    
0 0.59    
0.045 0.59    
0.1025 0.59    
0.1475 0.583333    
0.1975 0.566667    
0.235 0.54    
0.265 0.473333    
0.2675 0.433333    
0.255 0.326667    
0.235 0.226667    
0.205 0.12    
0.1525 -0.0166667    
0.075 -0.143333    
0.0175 -0.213333    
-0.0075 -0.24    
-0.0375 -0.276667    
-0.0725 -0.336667    
-0.0825 -0.356667    
-0.09 -0.37    
-0.0975 -0.376667    
-0.115 -0.386667    
-0.145 -0.4    
-0.1575 -0.406667    
-0.1675 -0.41    
-0.165 -0.416667    
-0.145 -0.42    
-0.1175 -0.423333    
-0.0675 -0.423333    
-0.0075 -0.42    
0.04 -0.413333    
0.085 -0.41    
0.1375 -0.4    
0.18 -0.4    
0.21 -0.403333    
0.245 -0.413333    
0.28 -0.43    
0.32 -0.446667    
0.3625 -0.46    
0.3825 -0.466667    
0.4225 -0.473333    
0.455 -0.476667    
0.475 -0.48    
0.495 -0.48    
0.5075 -0.48    
0.52 -0.476667    
0.53 -0.476667    
0.5425 -0.483333    
0.5575 -0.5    
0.57 -0.51    
0.5775 -0.516667    
0.585 -0.52    
0.59 -0.52    
