52
-0.2825 0.516667    
-0.285 0.51    
-0.2875 0.506667    
-0.29 0.506667    
-0.29 0.503333    
-0.285 0.506667    
-0.27 0.513333    
-0.235 0.523333    
-0.19 0.53    
-0.1125 0.536667    
-0.045 0.533333    
0.04 0.52    
0.1025 0.506667    
0.1625 0.486667    
0.2 0.46    
0.21 0.41    
0.185 0.336667    
0.1525 0.263333    
0.09 0.143333    
0.0175 0.0266667    
-0.04 -0.05    
-0.095 -0.12    
-0.1475 -0.176667    
-0.225 -0.236667    
-0.2675 -0.27    
-0.2675 -0.27    
-0.2975 -0.293333    
-0.295 -0.313333    
-0.28 -0.32    
-0.22 -0.326667    
-0.15 -0.326667    
-0.0675 -0.316667    
0.055 -0.296667    
0.17 -0.276667    
0.2425 -0.263333    
0.3175 -0.25    
0.36 -0.236667    
0.38 -0.226667    
0.385 -0.206667    
0.3775 -0.2    
0.3425 -0.17    
0.295 -0.146667    
0.2625 -0.136667    
0.1925 -0.113333    
0.1375 -0.0933333    
0.0525 -0.0566667    
0 -0.0166667    
-0.0375 0.0233333    
-0.055 0.0533333    
-0.0675 0.08    
-0.075 0.1    
-0.085 0.12    
