51
-0.26 0.523333    
-0.2725 0.556667    
-0.2775 0.58    
-0.2725 0.6    
-0.2625 0.61    
-0.235 0.626667    
-0.1975 0.643333    
-0.165 0.65    
-0.1175 0.66    
-0.0825 0.66    
-0.0375 0.663333    
-0.0075 0.66    
0.035 0.653333    
0.0575 0.646667    
0.08 0.626667    
0.09 0.606667    
0.1 0.563333    
0.0975 0.52    
0.085 0.45    
0.0675 0.396667    
0.0325 0.326667    
-0.01 0.263333    
-0.0425 0.223333    
-0.09 0.18    
-0.1225 0.153333    
-0.1625 0.123333    
-0.195 0.106667    
-0.2125 0.0966667    
-0.2225 0.09    
-0.23 0.08    
-0.2275 0.0733333    
-0.2175 0.07    
-0.1975 0.0566667    
-0.1825 0.05    
-0.1525 0.04    
-0.11 0.03    
-0.065 0.02    
-0.0275 0.02    
0.0125 0.0166667    
0.0425 0.0166667    
0.0775 0.0166667    
0.1025 0.0166667    
0.13 0.0166667    
0.155 0.02    
0.17 0.02    
0.1875 0.0233333    
0.2025 0.0233333    
0.2125 0.0233333    
0.22 0.0233333    
0.2275 0.02    
0.235 0.0166667    
