101
-0.14 0.263333    
-0.14 0.27    
-0.1425 0.27    
-0.1425 0.273333    
-0.145 0.276667    
-0.1475 0.28    
-0.1475 0.28    
-0.1475 0.283333    
-0.1475 0.283333    
-0.1475 0.283333    
-0.1475 0.286667    
-0.1475 0.286667    
-0.145 0.286667    
-0.145 0.29    
-0.1425 0.293333    
-0.1425 0.293333    
-0.1375 0.293333    
-0.1325 0.296667    
-0.125 0.3    
-0.12 0.303333    
-0.1075 0.31    
-0.09 0.32    
-0.085 0.32    
-0.0725 0.326667    
-0.0625 0.33    
-0.0475 0.333333    
-0.025 0.34    
-0.01 0.343333    
0.01 0.346667    
0.0225 0.346667    
0.0425 0.353333    
0.06 0.356667    
0.075 0.356667    
0.0875 0.356667    
0.105 0.353333    
0.1125 0.35    
0.1175 0.346667    
0.1225 0.34    
0.13 0.333333    
0.1325 0.33    
0.1325 0.32    
0.1325 0.303333    
0.1325 0.29    
0.1325 0.27    
0.13 0.25    
0.125 0.22    
0.1125 0.183333    
0.105 0.166667    
0.09 0.13    
0.0775 0.1    
0.0575 0.0566667    
0.04 0.01    
0.025 -0.02    
0.0025 -0.06    
-0.015 -0.09    
-0.0375 -0.133333    
-0.0675 -0.183333    
-0.08 -0.203333    
-0.0975 -0.243333    
-0.12 -0.286667    
-0.1325 -0.316667    
-0.145 -0.343333    
-0.1575 -0.363333    
-0.1725 -0.386667    
-0.19 -0.406667    
-0.2 -0.416667    
-0.2075 -0.426667    
-0.2175 -0.443333    
-0.22 -0.456667    
-0.2225 -0.463333    
-0.2175 -0.473333    
-0.21 -0.48    
-0.185 -0.476667    
-0.1675 -0.476667    
-0.1475 -0.473333    
-0.125 -0.47    
-0.085 -0.473333    
-0.0625 -0.476667    
-0.035 -0.48    
-0.01 -0.483333    
0.02 -0.49    
0.0575 -0.503333    
0.07 -0.51    
0.0925 -0.52    
0.12 -0.533333    
0.13 -0.536667    
0.145 -0.54    
0.1675 -0.543333    
0.18 -0.55    
0.1875 -0.553333    
0.1975 -0.563333    
0.205 -0.573333    
0.205 -0.576667    
0.21 -0.583333    
0.2125 -0.586667    
0.2175 -0.586667    
0.22 -0.59    
0.2225 -0.59    
0.225 -0.59    
0.23 -0.59    
0.235 -0.59    
