49
-0.3575 0.443333    
-0.355 0.436667    
-0.3525 0.436667    
-0.35 0.436667    
-0.3475 0.44    
-0.345 0.446667    
-0.3425 0.45    
-0.335 0.453333    
-0.3225 0.453333    
-0.3 0.463333    
-0.27 0.476667    
-0.24 0.49    
-0.2075 0.503333    
-0.14 0.533333    
-0.095 0.543333    
-0.0475 0.556667    
0.03 0.563333    
0.075 0.55    
0.105 0.533333    
0.155 0.476667    
0.1825 0.42    
0.2 0.356667    
0.2 0.263333    
0.185 0.196667    
0.15 0.11    
0.1125 0.0466667    
0.0575 -0.0233333    
0.015 -0.07    
-0.04 -0.123333    
-0.09 -0.153333    
-0.1275 -0.17    
-0.1675 -0.18    
-0.205 -0.176667    
-0.2125 -0.176667    
-0.22 -0.176667    
-0.205 -0.186667    
-0.18 -0.196667    
-0.1425 -0.206667    
-0.0775 -0.223333    
-0.0025 -0.233333    
0.075 -0.226667    
0.1475 -0.216667    
0.185 -0.213333    
0.2625 -0.206667    
0.3325 -0.21    
0.38 -0.216667    
0.43 -0.226667    
0.46 -0.24    
0.4725 -0.25    
