64
-0.2225 0.396667    
-0.2225 0.4    
-0.2225 0.406667    
-0.225 0.41    
-0.225 0.41    
-0.225 0.416667    
-0.225 0.42    
-0.2275 0.423333    
-0.2275 0.43    
-0.2275 0.43    
-0.2275 0.433333    
-0.2275 0.433333    
-0.225 0.44    
-0.2225 0.443333    
-0.2125 0.453333    
-0.205 0.46    
-0.185 0.476667    
-0.1725 0.486667    
-0.1575 0.493333    
-0.135 0.503333    
-0.1075 0.51    
-0.085 0.51    
-0.0625 0.51    
-0.0225 0.503333    
0 0.493333    
0.025 0.473333    
0.04 0.443333    
0.055 0.4    
0.0625 0.333333    
0.0625 0.273333    
0.055 0.206667    
0.0425 0.113333    
0.03 0.0666667    
0.0075 0    
-0.0275 -0.0866667    
-0.0675 -0.166667    
-0.0975 -0.226667    
-0.14 -0.306667    
-0.1625 -0.346667    
-0.1825 -0.383333    
-0.2025 -0.413333    
-0.2225 -0.446667    
-0.2375 -0.47    
-0.2475 -0.486667    
-0.2575 -0.496667    
-0.2625 -0.503333    
-0.2675 -0.506667    
-0.2675 -0.506667    
-0.2625 -0.503333    
-0.255 -0.496667    
-0.2375 -0.49    
-0.215 -0.483333    
-0.1675 -0.473333    
-0.1325 -0.466667    
-0.0925 -0.46    
-0.0475 -0.456667    
0.03 -0.45    
0.0775 -0.446667    
0.145 -0.443333    
0.19 -0.44    
0.255 -0.436667    
0.2775 -0.436667    
0.31 -0.43    
0.3325 -0.426667    
