43
-0.4325 0.563333    
-0.44 0.573333    
-0.4425 0.583333    
-0.44 0.586667    
-0.4325 0.59    
-0.38 0.596667    
-0.275 0.596667    
-0.21 0.593333    
-0.14 0.586667    
-0.02 0.556667    
0.025 0.526667    
0.0475 0.486667    
0.05 0.43    
0.005 0.3    
-0.0975 0.17    
-0.1625 0.113333    
-0.2275 0.0666667    
-0.285 0.0366667    
-0.3725 0.00666667    
-0.39 0.00666667    
-0.385 0.01    
-0.3075 0.02    
-0.2425 0.0333333    
-0.075 0.06    
0.015 0.07    
0.1675 0.08    
0.2225 0.0766667    
0.2575 0.06    
0.2775 -0.0233333    
0.2625 -0.09    
0.235 -0.163333    
0.14 -0.336667    
0.08 -0.423333    
0.015 -0.493333    
-0.11 -0.576667    
-0.2125 -0.596667    
-0.245 -0.583333    
-0.2675 -0.56    
-0.28 -0.516667    
-0.2775 -0.496667    
-0.2675 -0.476667    
-0.255 -0.463333    
-0.2225 -0.446667    
