54
-0.3525 0.51    
-0.3325 0.52    
-0.3 0.53    
-0.22 0.523333    
-0.1475 0.5    
-0.075 0.463333    
0 0.396667    
0.025 0.31    
0.0175 0.286667    
-0.025 0.213333    
-0.15 0.11    
-0.21 0.08    
-0.33 0.05    
-0.3875 0.0533333    
-0.4225 0.06    
-0.4125 0.07    
-0.37 0.07    
-0.2725 0.06    
-0.1825 0.04    
-0.0625 0    
0.0375 -0.06    
0.0925 -0.113333    
0.13 -0.17    
0.1475 -0.253333    
0.14 -0.313333    
0.095 -0.373333    
0.0425 -0.406667    
-0.0225 -0.426667    
-0.105 -0.433333    
-0.1525 -0.436667    
-0.185 -0.436667    
-0.1825 -0.44    
-0.1475 -0.453333    
-0.0975 -0.476667    
-0.0575 -0.496667    
-0.0175 -0.523333    
-0.0075 -0.54    
-0.0125 -0.55    
-0.0425 -0.556667    
-0.0725 -0.56    
-0.1025 -0.556667    
-0.14 -0.55    
-0.165 -0.54    
-0.1775 -0.533333    
-0.1875 -0.523333    
-0.19 -0.52    
-0.2025 -0.506667    
-0.205 -0.496667    
-0.2075 -0.486667    
-0.21 -0.476667    
-0.2125 -0.47    
-0.215 -0.463333    
-0.2175 -0.46    
-0.2175 -0.456667    
