43
-0.205 0.476667    
-0.2 0.48    
-0.1825 0.496667    
-0.17 0.51    
-0.1425 0.536667    
-0.1225 0.55    
-0.095 0.556667    
-0.0625 0.56    
0.02 0.54    
0.105 0.473333    
0.135 0.43    
0.16 0.38    
0.17 0.326667    
0.15 0.24    
0.1225 0.2    
0.09 0.173333    
0.0125 0.14    
-0.0225 0.13    
-0.075 0.116667    
-0.09 0.113333    
-0.1 0.11    
-0.0875 0.106667    
-0.06 0.106667    
-0.0125 0.106667    
0.11 0.1    
0.22 0.0833333    
0.22 0.0833333    
0.2775 0.0566667    
0.2875 0.0366667    
0.27 -0.03    
0.245 -0.07    
0.21 -0.11    
0.13 -0.186667    
0.09 -0.216667    
0.025 -0.253333    
-0.0025 -0.263333    
-0.02 -0.26    
-0.05 -0.246667    
-0.0575 -0.233333    
-0.0725 -0.206667    
-0.0775 -0.193333    
-0.08 -0.18    
-0.08 -0.163333    
