106
-0.3325 0.596667    
-0.34 0.603333    
-0.3475 0.606667    
-0.3525 0.603333    
-0.3475 0.603333    
-0.3375 0.6    
-0.325 0.593333    
-0.285 0.58    
-0.265 0.57    
-0.2375 0.553333    
-0.2275 0.546667    
-0.2175 0.54    
-0.205 0.533333    
-0.1625 0.526667    
-0.0725 0.51    
-0.01 0.496667    
0.0575 0.473333    
0.1725 0.393333    
0.205 0.333333    
0.2125 0.26    
0.195 0.173333    
0.0925 0.00333333    
0.0225 -0.0666667    
-0.1 -0.156667    
-0.135 -0.176667    
-0.1275 -0.183333    
-0.0825 -0.166667    
-0.015 -0.143333    
0.0725 -0.116667    
0.27 -0.0733333    
0.36 -0.0733333    
0.44 -0.0833333    
0.44 -0.0833333    
0.4975 -0.13    
0.54 -0.25    
0.5175 -0.316667    
0.465 -0.39    
0.3075 -0.496667    
0.215 -0.546667    
0.03 -0.623333    
-0.055 -0.646667    
-0.13 -0.656667    
-0.245 -0.646667    
-0.2775 -0.626667    
-0.2925 -0.603333    
-0.2775 -0.533333    
-0.245 -0.493333    
-0.21 -0.453333    
-0.1275 -0.37    
-0.0575 -0.293333    
-0.0225 -0.25    
0.0075 -0.206667    
0.0325 -0.173333    
0.07 -0.116667    
0.0875 -0.0933333    
0.115 -0.0533333    
0.125 -0.04    
0.1325 -0.0266667    
0.145 -0.01    
0.15 -0.00333333    
0.155 0    
0.1575 0    
0.16 0    
0.16 -0.00333333    
0.1575 -0.00666667    
0.155 -0.01    
0.1525 -0.0133333    
0.1425 -0.03    
0.1375 -0.0366667    
0.13 -0.0466667    
0.1275 -0.05    
0.125 -0.0566667    
0.12 -0.06    
0.1175 -0.0633333    
0.1125 -0.0733333    
0.11 -0.0766667    
0.105 -0.0833333    
0.1025 -0.09    
0.1 -0.09    
0.095 -0.0933333    
0.095 -0.0966667    
0.0925 -0.0966667    
0.0925 -0.0966667    
0.09 -0.0966667    
0.09 -0.1    
0.0875 -0.1    
0.0875 -0.1    
0.0875 -0.1    
0.085 -0.103333    
0.085 -0.103333    
0.0825 -0.1    
0.0825 -0.1    
0.0825 -0.1    
0.0825 -0.1    
0.0825 -0.0966667    
0.08 -0.0966667    
0.08 -0.0933333    
0.0775 -0.0933333    
0.0775 -0.0933333    
0.075 -0.09    
0.0725 -0.0866667    
0.07 -0.0866667    
0.07 -0.0833333    
0.0675 -0.0833333    
0.0675 -0.08    
0.0675 -0.08    
