42
-0.07 0.506667    
-0.075 0.526667    
-0.075 0.55    
-0.0575 0.596667    
-0.04 0.613333    
-0.0225 0.623333    
0.0225 0.633333    
0.0425 0.63    
0.0675 0.62    
0.1075 0.576667    
0.12 0.54    
0.1175 0.446667    
0.1 0.393333    
0.0525 0.306667    
0.0275 0.273333    
0.005 0.256667    
-0.0125 0.25    
-0.04 0.25    
-0.0475 0.26    
-0.04 0.263333    
-0.02 0.27    
0.045 0.28    
0.085 0.28    
0.1225 0.276667    
0.155 0.263333    
0.1975 0.226667    
0.2075 0.196667    
0.21 0.163333    
0.1875 0.09    
0.1675 0.0433333    
0.1175 -0.0333333    
0.0875 -0.0666667    
0.0575 -0.09    
0 -0.123333    
-0.0425 -0.136667    
-0.0425 -0.136667    
-0.065 -0.13    
-0.065 -0.113333    
-0.065 -0.103333    
-0.0625 -0.0933333    
-0.06 -0.0866667    
-0.055 -0.0733333    
