113
-0.1925 0.483333    
-0.1925 0.483333    
-0.195 0.486667    
-0.195 0.486667    
-0.1975 0.49    
-0.1975 0.49    
-0.1975 0.493333    
-0.1875 0.5    
-0.1875 0.5    
-0.1675 0.51    
-0.1675 0.51    
-0.1525 0.52    
-0.1375 0.53    
-0.11 0.546667    
-0.09 0.56    
-0.08 0.566667    
-0.0625 0.58    
-0.055 0.583333    
-0.04 0.583333    
-0.03 0.583333    
-0.0075 0.576667    
0.005 0.573333    
0.02 0.57    
0.0375 0.566667    
0.0525 0.56    
0.0775 0.546667    
0.09 0.536667    
0.1075 0.51    
0.115 0.496667    
0.1225 0.48    
0.13 0.443333    
0.1325 0.413333    
0.1325 0.38    
0.125 0.306667    
0.1175 0.266667    
0.1 0.22    
0.09 0.2    
0.0775 0.186667    
0.045 0.163333    
0.025 0.153333    
-0.015 0.126667    
-0.035 0.113333    
-0.0725 0.0833333    
-0.0875 0.0733333    
-0.1 0.0633333    
-0.1075 0.0566667    
-0.115 0.0466667    
-0.1175 0.0433333    
-0.1175 0.0433333    
-0.1125 0.0466667    
-0.105 0.0533333    
-0.095 0.06    
-0.0825 0.0633333    
-0.0675 0.07    
-0.03 0.0733333    
-0.0075 0.0733333    
0.015 0.07    
0.0625 0.0633333    
0.0825 0.0633333    
0.1 0.06    
0.1325 0.0566667    
0.1625 0.0433333    
0.1725 0.0366667    
0.1825 0.03    
0.1925 0.02    
0.21 -0.01    
0.22 -0.0333333    
0.24 -0.1    
0.25 -0.136667    
0.2575 -0.176667    
0.265 -0.256667    
0.2625 -0.293333    
0.26 -0.33    
0.2425 -0.393333    
0.23 -0.423333    
0.2025 -0.47    
0.1875 -0.49    
0.1675 -0.51    
0.125 -0.54    
0.1025 -0.55    
0.08 -0.56    
0.04 -0.573333    
0.0225 -0.576667    
0.0075 -0.58    
-0.0175 -0.576667    
-0.0425 -0.56    
-0.055 -0.546667    
-0.0675 -0.53    
-0.09 -0.496667    
-0.1 -0.476667    
-0.1125 -0.446667    
-0.1175 -0.43    
-0.135 -0.376667    
-0.1425 -0.35    
-0.15 -0.326667    
-0.16 -0.286667    
-0.1675 -0.25    
-0.1725 -0.236667    
-0.175 -0.223333    
-0.1775 -0.213333    
-0.1825 -0.2    
-0.1825 -0.196667    
-0.185 -0.193333    
-0.185 -0.193333    
-0.185 -0.19    
-0.1875 -0.183333    
-0.1875 -0.18    
-0.1875 -0.176667    
-0.1875 -0.173333    
-0.1875 -0.173333    
-0.1875 -0.173333    
-0.185 -0.17    
-0.185 -0.17    
