52
-0.14 0.526667    
-0.1375 0.536667    
-0.1375 0.546667    
-0.135 0.556667    
-0.1325 0.56    
-0.13 0.563333    
-0.1275 0.566667    
-0.125 0.57    
-0.1175 0.58    
-0.115 0.583333    
-0.1 0.586667    
-0.0875 0.586667    
-0.07 0.58    
-0.0275 0.556667    
-0.0025 0.536667    
0.0225 0.513333    
0.06 0.453333    
0.0725 0.413333    
0.08 0.326667    
0.0775 0.276667    
0.07 0.226667    
0.06 0.18    
0.025 0.09    
0.0025 0.0533333    
-0.0475 0.00333333    
-0.075 -0.0133333    
-0.0975 -0.02    
-0.135 -0.0133333    
-0.1525 0.00333333    
-0.1525 0.01    
-0.1425 0.0166667    
-0.105 0.0266667    
-0.0775 0.03    
-0.05 0.03    
-0.025 0.03    
0.025 0.02    
0.0475 0.00666667    
0.085 -0.03    
0.1025 -0.0533333    
0.1175 -0.0866667    
0.1375 -0.16    
0.145 -0.206667    
0.1475 -0.3    
0.14 -0.356667    
0.13 -0.413333    
0.0925 -0.536667    
0.0675 -0.596667    
0.0425 -0.646667    
0.015 -0.683333    
0.015 -0.683333    
-0.0125 -0.713333    
-0.055 -0.74    
