27
-0.345 0.466667    
-0.3525 0.486667    
-0.3225 0.516667    
-0.2525 0.543333    
-0.1825 0.556667    
-0.0925 0.55    
-0.0425 0.523333    
-0.0225 0.46    
-0.045 0.4    
-0.115 0.31    
-0.2025 0.226667    
-0.2625 0.183333    
-0.3025 0.153333    
-0.265 0.16    
-0.225 0.173333    
-0.155 0.186667    
-0.0075 0.17    
0.0225 0.143333    
0.0425 0.05    
0.03 -0.04    
-0.0275 -0.203333    
-0.0675 -0.3    
-0.11 -0.4    
-0.135 -0.453333    
-0.15 -0.49    
-0.1575 -0.503333    
-0.1575 -0.496667    
