54
-0.23 0.596667    
-0.205 0.593333    
-0.185 0.593333    
-0.1525 0.596667    
-0.1 0.6    
-0.04 0.596667    
0.0125 0.593333    
0.0625 0.576667    
0.14 0.52    
0.1525 0.483333    
0.1625 0.43    
0.155 0.346667    
0.125 0.25    
0.095 0.176667    
0.045 0.0866667    
-0.02 0    
-0.0475 -0.0233333    
-0.095 -0.0633333    
-0.1275 -0.0866667    
-0.1575 -0.106667    
-0.17 -0.113333    
-0.1725 -0.113333    
-0.1475 -0.106667    
-0.13 -0.1    
-0.075 -0.0833333    
-0.0225 -0.0733333    
0.015 -0.0733333    
0.09 -0.0666667    
0.14 -0.0666667    
0.205 -0.0866667    
0.235 -0.11    
0.2575 -0.143333    
0.28 -0.206667    
0.285 -0.263333    
0.2675 -0.346667    
0.24 -0.416667    
0.175 -0.533333    
0.115 -0.613333    
0.07 -0.656667    
0.02 -0.69    
-0.005 -0.7    
-0.0425 -0.71    
-0.08 -0.716667    
-0.1 -0.716667    
-0.1125 -0.71    
-0.1225 -0.706667    
-0.13 -0.696667    
-0.13 -0.69    
-0.13 -0.683333    
-0.1325 -0.68    
-0.13 -0.673333    
-0.125 -0.666667    
-0.12 -0.66    
-0.1075 -0.646667    
