71
-0.24 0.666667    
-0.245 0.66    
-0.2475 0.656667    
-0.2525 0.65    
-0.2575 0.646667    
-0.26 0.65    
-0.26 0.65    
-0.2575 0.646667    
-0.2425 0.656667    
-0.2275 0.66    
-0.19 0.673333    
-0.125 0.69    
-0.07 0.693333    
-0.01 0.69    
0.0475 0.673333    
0.1075 0.63    
0.1425 0.553333    
0.1425 0.52    
0.1225 0.446667    
0.085 0.39    
0.01 0.316667    
-0.085 0.253333    
-0.1575 0.22    
-0.2425 0.196667    
-0.285 0.19    
-0.3175 0.19    
-0.315 0.19    
-0.2975 0.193333    
-0.2125 0.213333    
-0.1025 0.246667    
-0.0375 0.263333    
0.09 0.296667    
0.175 0.31    
0.225 0.313333    
0.2925 0.306667    
0.3175 0.286667    
0.3125 0.226667    
0.2725 0.156667    
0.24 0.113333    
0.1625 0.03    
0.095 -0.0266667    
-0.0025 -0.0933333    
-0.0725 -0.126667    
-0.1625 -0.16    
-0.2175 -0.173333    
-0.2875 -0.18    
-0.3175 -0.17    
-0.325 -0.156667    
-0.3225 -0.136667    
-0.3025 -0.0966667    
-0.285 -0.07    
-0.2575 -0.04    
-0.2425 -0.0266667    
-0.22 -0.01    
-0.1975 0    
-0.19 0    
-0.1825 -0.00333333    
-0.18 -0.00666667    
-0.18 -0.00666667    
-0.18 -0.00666667    
-0.1775 0    
-0.1775 0.00666667    
-0.1775 0.00666667    
-0.1775 0.0133333    
-0.1775 0.0166667    
-0.1775 0.02    
-0.1775 0.02    
-0.1775 0.02    
-0.1775 0.0233333    
-0.1775 0.02    
-0.175 0.02    
