49
0.0225 0.613333    
0.0275 0.613333    
0.0325 0.616667    
0.04 0.616667    
0.065 0.616667    
0.09 0.613333    
0.1325 0.606667    
0.185 0.593333    
0.2225 0.583333    
0.255 0.57    
0.2875 0.536667    
0.3 0.493333    
0.2975 0.42    
0.275 0.34    
0.2425 0.28    
0.185 0.223333    
0.1325 0.193333    
0.0575 0.156667    
-0.0075 0.136667    
-0.045 0.123333    
-0.0675 0.12    
-0.07 0.113333    
-0.0475 0.11    
-0.0175 0.106667    
0.045 0.103333    
0.1175 0.1    
0.175 0.0933333    
0.2325 0.0866667    
0.2675 0.0766667    
0.335 0.0566667    
0.3975 0.0233333    
0.425 0.00333333    
0.4425 -0.0233333    
0.45 -0.0566667    
0.4475 -0.113333    
0.4275 -0.176667    
0.4075 -0.226667    
0.3675 -0.286667    
0.325 -0.33    
0.2725 -0.383333    
0.2325 -0.41    
0.1725 -0.436667    
0.1575 -0.44    
0.125 -0.426667    
0.11 -0.403333    
0.1075 -0.39    
0.1075 -0.363333    
0.115 -0.346667    
0.125 -0.343333    
