84
-0.27 0.473333    
-0.27 0.473333    
-0.2725 0.473333    
-0.27 0.473333    
-0.27 0.47    
-0.265 0.47    
-0.2525 0.466667    
-0.2425 0.466667    
-0.22 0.47    
-0.19 0.48    
-0.16 0.49    
-0.1075 0.506667    
-0.085 0.51    
-0.0275 0.513333    
0.015 0.513333    
0.0375 0.51    
0.08 0.503333    
0.11 0.496667    
0.135 0.486667    
0.155 0.476667    
0.17 0.46    
0.18 0.443333    
0.19 0.413333    
0.1925 0.37    
0.19 0.333333    
0.17 0.266667    
0.15 0.223333    
0.125 0.183333    
0.085 0.136667    
0.0575 0.106667    
0.0125 0.0733333    
-0.0175 0.0566667    
-0.0375 0.0466667    
-0.0525 0.0433333    
-0.0675 0.0366667    
-0.08 0.03    
-0.0825 0.0266667    
-0.08 0.0233333    
-0.07 0.0233333    
-0.055 0.02    
-0.0325 0.02    
-0.0025 0.02    
0.04 0.0233333    
0.06 0.02    
0.095 0.0133333    
0.12 0.00666667    
0.155 -0.00666667    
0.1675 -0.01    
0.19 -0.02    
0.205 -0.03    
0.2125 -0.0366667    
0.2225 -0.0566667    
0.2275 -0.0833333    
0.23 -0.116667    
0.23 -0.15    
0.225 -0.236667    
0.2125 -0.3    
0.205 -0.326667    
0.185 -0.373333    
0.165 -0.403333    
0.13 -0.443333    
0.105 -0.463333    
0.075 -0.48    
0.0375 -0.496667    
0.0075 -0.506667    
-0.04 -0.513333    
-0.075 -0.51    
-0.1 -0.506667    
-0.12 -0.5    
-0.135 -0.496667    
-0.15 -0.493333    
-0.16 -0.49    
-0.1625 -0.49    
-0.1675 -0.49    
-0.1725 -0.493333    
-0.1725 -0.496667    
-0.175 -0.5    
-0.1775 -0.506667    
-0.1775 -0.513333    
-0.175 -0.52    
-0.165 -0.536667    
-0.1575 -0.553333    
-0.1525 -0.56    
-0.1425 -0.573333    
