46
-0.4525 0.603333    
-0.45 0.603333    
-0.4425 0.6    
-0.435 0.6    
-0.43 0.596667    
-0.4225 0.59    
-0.42 0.586667    
-0.41 0.583333    
-0.3975 0.586667    
-0.37 0.59    
-0.3375 0.593333    
-0.275 0.6    
-0.22 0.6    
-0.125 0.593333    
-0.075 0.576667    
-0.035 0.55    
-0.0025 0.5    
0.0025 0.443333    
-0.0225 0.353333    
-0.065 0.283333    
-0.0925 0.25    
-0.1525 0.203333    
-0.2125 0.156667    
-0.2325 0.143333    
-0.2525 0.126667    
-0.25 0.126667    
-0.2325 0.13    
-0.2 0.143333    
-0.1325 0.16    
-0.07 0.166667    
0.035 0.163333    
0.09 0.153333    
0.1375 0.143333    
0.175 0.126667    
0.2025 0.09    
0.21 0.0633333    
0.215 -0.0133333    
0.2075 -0.0933333    
0.18 -0.22    
0.15 -0.286667    
0.105 -0.336667    
0.0375 -0.38    
-0.04 -0.406667    
-0.09 -0.426667    
-0.1325 -0.44    
-0.1725 -0.446667    
