59
-0.2225 0.346667    
-0.2225 0.343333    
-0.2225 0.343333    
-0.2225 0.343333    
-0.2225 0.343333    
-0.225 0.343333    
-0.2275 0.346667    
-0.23 0.35    
-0.23 0.353333    
-0.23 0.366667    
-0.22 0.396667    
-0.21 0.43    
-0.18 0.486667    
-0.1575 0.513333    
-0.125 0.54    
-0.1 0.553333    
-0.0775 0.556667    
-0.0525 0.55    
-0.035 0.533333    
-0.0275 0.51    
-0.02 0.466667    
-0.025 0.393333    
-0.0325 0.33    
-0.06 0.23    
-0.08 0.18    
-0.1 0.143333    
-0.125 0.11    
-0.135 0.0966667    
-0.15 0.08    
-0.155 0.07    
-0.1575 0.0666667    
-0.15 0.0733333    
-0.1325 0.0833333    
-0.1125 0.0966667    
-0.0875 0.11    
-0.055 0.13    
-0.02 0.14    
0.005 0.143333    
0.0375 0.136667    
0.0625 0.123333    
0.09 0.0933333    
0.11 0.0433333    
0.1225 -0.0266667    
0.1225 -0.0866667    
0.115 -0.153333    
0.0925 -0.243333    
0.04 -0.343333    
0.005 -0.393333    
-0.0325 -0.433333    
-0.0675 -0.466667    
-0.11 -0.5    
-0.14 -0.52    
-0.165 -0.533333    
-0.1775 -0.536667    
-0.1825 -0.54    
-0.1875 -0.54    
-0.185 -0.54    
-0.1825 -0.536667    
-0.18 -0.533333    
