60
-0.365 0.566667    
-0.3525 0.616667    
-0.345 0.64    
-0.3425 0.656667    
-0.34 0.64    
-0.345 0.503333    
-0.3475 0.4    
-0.35 0.283333    
-0.3475 0.156667    
-0.335 -0.0766667    
-0.3175 -0.156667    
-0.265 -0.23    
-0.2275 -0.236667    
-0.18 -0.223333    
-0.1275 -0.2    
-0.0075 -0.133333    
0.0525 -0.1    
0.0525 -0.1    
0.1125 -0.0633333    
0.2025 0    
0.23 0.0333333    
0.2325 0.11    
0.2125 0.153333    
0.1775 0.196667    
0.1375 0.236667    
0.06 0.32    
0.0325 0.353333    
0.01 0.376667    
-0.0125 0.413333    
-0.0225 0.413333    
-0.03 0.39    
-0.035 0.343333    
-0.04 0.273333    
-0.045 0.07    
-0.045 -0.05    
-0.0475 -0.286667    
-0.05 -0.383333    
-0.055 -0.53    
-0.055 -0.53    
-0.065 -0.606667    
-0.07 -0.63    
-0.085 -0.653333    
-0.0925 -0.653333    
-0.1025 -0.65    
-0.1225 -0.64    
-0.13 -0.633333    
-0.1375 -0.623333    
-0.145 -0.606667    
-0.145 -0.6    
-0.145 -0.593333    
-0.14 -0.583333    
-0.1325 -0.573333    
-0.1275 -0.57    
-0.125 -0.566667    
-0.1175 -0.553333    
-0.115 -0.55    
-0.1125 -0.543333    
-0.105 -0.533333    
-0.1025 -0.53    
-0.1 -0.526667    
