33
-0.3475 0.45    
-0.37 0.44    
-0.3925 0.403333    
-0.415 0.35    
-0.4275 0.28    
-0.41 0.176667    
-0.36 0.106667    
-0.25 0.0433333    
-0.1425 0.02    
-0.0325 0.0333333    
0.095 0.0933333    
0.165 0.16    
0.2175 0.273333    
0.23 0.36    
0.21 0.47    
0.17 0.54    
0.0975 0.596667    
0.0375 0.606667    
-0.0325 0.576667    
-0.0875 0.496667    
-0.1325 0.37    
-0.1575 0.246667    
-0.1775 0.0666667    
-0.185 -0.08    
-0.185 -0.23    
-0.1875 -0.413333    
-0.1925 -0.566667    
-0.2 -0.65    
-0.2125 -0.726667    
-0.225 -0.76    
-0.2375 -0.776667    
-0.2525 -0.773333    
-0.2625 -0.76    
