38
-0.2075 0.396667    
-0.21 0.416667    
-0.2075 0.45    
-0.2075 0.46    
-0.2075 0.47    
-0.2075 0.473333    
-0.2075 0.473333    
-0.2275 0.436667    
-0.2525 0.383333    
-0.3225 0.24    
-0.36 0.163333    
-0.385 0.0933333    
-0.3775 0.0733333    
-0.3025 0.0466667    
-0.2325 0.04    
-0.145 0.04    
-0.055 0.05    
0.1025 0.0766667    
0.155 0.0933333    
0.1875 0.106667    
0.2075 0.143333    
0.19 0.226667    
0.1725 0.286667    
0.1525 0.346667    
0.12 0.456667    
0.11 0.5    
0.1 0.53    
0.09 0.556667    
0.0825 0.546667    
0.0725 0.513333    
0.0625 0.446667    
0.0425 0.243333    
0.03 0.0233333    
0.025 -0.0633333    
0.0175 -0.13    
0.015 -0.176667    
0.0075 -0.243333    
0.005 -0.263333    
