66
-0.035 0.48    
-0.035 0.483333    
-0.035 0.483333    
-0.0325 0.486667    
-0.0325 0.486667    
-0.035 0.49    
-0.0375 0.49    
-0.0425 0.49    
-0.05 0.49    
-0.075 0.466667    
-0.0975 0.43    
-0.18 0.276667    
-0.2375 0.16    
-0.31 0.0266667    
-0.445 -0.226667    
-0.495 -0.316667    
-0.53 -0.38    
-0.5275 -0.433333    
-0.45 -0.423333    
-0.45 -0.423333    
-0.305 -0.366667    
-0.2075 -0.32    
0.0175 -0.203333    
0.1375 -0.15    
0.2525 -0.106667    
0.4425 -0.0333333    
0.515 0.00666667    
0.6 0.0866667    
0.615 0.13    
0.605 0.223333    
0.585 0.27    
0.5575 0.316667    
0.5275 0.363333    
0.465 0.44    
0.4375 0.476667    
0.4125 0.506667    
0.37 0.556667    
0.345 0.563333    
0.335 0.546667    
0.33 0.503333    
0.33 0.333333    
0.3325 0.206667    
0.335 0.0566667    
0.33 -0.26    
0.315 -0.416667    
0.2825 -0.68    
0.265 -0.776667    
0.2525 -0.846667    
0.245 -0.89    
0.24 -0.923333    
0.245 -0.9    
0.26 -0.84    
0.27 -0.786667    
0.285 -0.723333    
0.31 -0.586667    
0.32 -0.526667    
0.3325 -0.473333    
0.345 -0.393333    
0.35 -0.37    
0.3525 -0.356667    
0.355 -0.34    
0.3575 -0.326667    
0.3575 -0.32    
0.36 -0.313333    
0.3625 -0.303333    
0.37 -0.286667    
