58
0 0.636667    
0.0025 0.636667    
0.005 0.646667    
0.0075 0.653333    
0.0075 0.653333    
0.01 0.64    
0.005 0.616667    
-0.005 0.576667    
-0.025 0.513333    
-0.0825 0.373333    
-0.11 0.303333    
-0.14 0.2    
-0.1325 0.163333    
-0.115 0.136667    
-0.0425 0.11    
0.0675 0.113333    
0.12 0.126667    
0.1675 0.143333    
0.205 0.163333    
0.245 0.226667    
0.2525 0.263333    
0.25 0.303333    
0.23 0.376667    
0.215 0.403333    
0.1975 0.426667    
0.1675 0.47    
0.1475 0.496667    
0.1425 0.503333    
0.14 0.503333    
0.1375 0.493333    
0.1475 0.433333    
0.1575 0.37    
0.175 0.19    
0.18 0.0866667    
0.1825 -0.00333333    
0.1775 -0.133333    
0.1725 -0.17    
0.1675 -0.2    
0.155 -0.24    
0.1525 -0.253333    
0.1475 -0.25    
0.15 -0.243333    
0.1525 -0.233333    
0.155 -0.22    
0.16 -0.206667    
0.165 -0.19    
0.17 -0.176667    
0.1725 -0.163333    
0.1775 -0.15    
0.1825 -0.13    
0.185 -0.123333    
0.1875 -0.116667    
0.1875 -0.113333    
0.19 -0.11    
0.195 -0.0933333    
0.1975 -0.0833333    
0.2 -0.07    
0.2 -0.0466667    
