116
-0.1725 0.53    
-0.1725 0.53    
-0.1725 0.53    
-0.1725 0.53    
-0.1725 0.53    
-0.1725 0.53    
-0.1725 0.53    
-0.175 0.53    
-0.175 0.526667    
-0.175 0.523333    
-0.175 0.516667    
-0.175 0.496667    
-0.1725 0.483333    
-0.1725 0.47    
-0.17 0.443333    
-0.1675 0.426667    
-0.17 0.41    
-0.175 0.373333    
-0.1775 0.353333    
-0.185 0.333333    
-0.2 0.273333    
-0.21 0.243333    
-0.2375 0.186667    
-0.25 0.163333    
-0.265 0.143333    
-0.3 0.103333    
-0.34 0.0666667    
-0.3625 0.0466667    
-0.385 0.0266667    
-0.4275 -0.01    
-0.4475 -0.0233333    
-0.4475 -0.0233333    
-0.465 -0.04    
-0.48 -0.05    
-0.49 -0.06    
-0.4975 -0.07    
-0.4925 -0.0766667    
-0.4675 -0.0733333    
-0.445 -0.0666667    
-0.3975 -0.0533333    
-0.3725 -0.05    
-0.3475 -0.0466667    
-0.3225 -0.04    
-0.27 -0.0233333    
-0.24 -0.0133333    
-0.2075 -0.00666667    
-0.1375 0.01    
-0.1025 0.0166667    
-0.065 0.0233333    
0.005 0.0233333    
0.0375 0.02    
0.0975 0.0166667    
0.12 0.0166667    
0.1375 0.02    
0.15 0.02    
0.16 0.0233333    
0.1525 0.0266667    
0.1225 0.0433333    
0.0825 0.08    
0.0825 0.08    
0.045 0.133333    
0.0175 0.183333    
0.0075 0.206667    
-0.0025 0.223333    
-0.01 0.243333    
-0.0225 0.283333    
-0.0275 0.3    
-0.0325 0.316667    
-0.0375 0.336667    
-0.04 0.34    
-0.0425 0.346667    
-0.0475 0.353333    
-0.0525 0.353333    
-0.055 0.353333    
-0.0575 0.35    
-0.065 0.34    
-0.07 0.336667    
-0.0725 0.33    
-0.0775 0.32    
-0.085 0.3    
-0.09 0.286667    
-0.0925 0.266667    
-0.1 0.226667    
-0.1025 0.203333    
-0.105 0.156667    
-0.1075 0.133333    
-0.11 0.0766667    
-0.1125 0.0466667    
-0.115 0.01    
-0.1175 -0.0266667    
-0.12 -0.106667    
-0.12 -0.146667    
-0.12 -0.23    
-0.12 -0.273333    
-0.12 -0.313333    
-0.12 -0.396667    
-0.125 -0.48    
-0.1275 -0.52    
-0.1325 -0.556667    
-0.135 -0.586667    
-0.1375 -0.64    
-0.1375 -0.656667    
-0.1375 -0.673333    
-0.1375 -0.7    
-0.1375 -0.71    
-0.14 -0.723333    
-0.14 -0.73    
-0.14 -0.733333    
-0.14 -0.74    
-0.14 -0.743333    
-0.1425 -0.746667    
-0.1425 -0.75    
-0.1425 -0.75    
-0.145 -0.75    
-0.145 -0.753333    
-0.145 -0.753333    
