50
-0.13 0.58    
-0.13 0.59    
-0.1325 0.596667    
-0.1325 0.6    
-0.1425 0.58    
-0.15 0.546667    
-0.16 0.496667    
-0.175 0.343333    
-0.18 0.263333    
-0.18 0.113333    
-0.175 0.0633333    
-0.1675 0.0266667    
-0.1425 -0.0166667    
-0.1275 -0.0266667    
-0.1075 -0.0333333    
-0.0475 -0.04    
-0.01 -0.0466667    
0.03 -0.0466667    
0.105 -0.05    
0.1625 -0.0433333    
0.1825 -0.0333333    
0.2 -0.0233333    
0.2125 -0.01    
0.2225 0.0366667    
0.22 0.0733333    
0.2 0.17    
0.1875 0.22    
0.1775 0.27    
0.1675 0.31    
0.1525 0.376667    
0.1475 0.403333    
0.1425 0.443333    
0.1425 0.456667    
0.1425 0.466667    
0.1375 0.466667    
0.135 0.45    
0.1275 0.416667    
0.1075 0.28    
0.09 0.183333    
0.05 -0.0366667    
0.0275 -0.156667    
0 -0.273333    
-0.05 -0.5    
-0.0875 -0.68    
-0.1 -0.75    
-0.1075 -0.806667    
-0.115 -0.846667    
-0.1225 -0.9    
-0.125 -0.913333    
-0.125 -0.926667    
