79
-0.135 0.72    
-0.14 0.723333    
-0.15 0.72    
-0.1525 0.72    
-0.1525 0.726667    
-0.1475 0.736667    
-0.14 0.743333    
-0.1275 0.753333    
-0.12 0.756667    
-0.1125 0.753333    
-0.1075 0.723333    
-0.1075 0.706667    
-0.1175 0.666667    
-0.135 0.626667    
-0.19 0.55    
-0.2375 0.496667    
-0.295 0.433333    
-0.3375 0.39    
-0.4025 0.326667    
-0.475 0.25    
-0.53 0.173333    
-0.5425 0.143333    
-0.535 0.113333    
-0.515 0.0833333    
-0.46 0.0466667    
-0.3975 0.0233333    
-0.3625 0.0166667    
-0.2775 0.0133333    
-0.2 0.00666667    
-0.085 -0.00666667    
0.04 -0.0166667    
0.135 -0.0233333    
0.2875 -0.0233333    
0.345 -0.02    
0.43 -0.00333333    
0.4775 0.02    
0.5125 0.0733333    
0.505 0.163333    
0.48 0.253333    
0.425 0.433333    
0.39 0.55    
0.3625 0.646667    
0.33 0.75    
0.2975 0.8    
0.2625 0.796667    
0.2225 0.74    
0.195 0.663333    
0.165 0.563333    
0.135 0.433333    
0.09 0.163333    
0.07 -0.0133333    
0.055 -0.186667    
0.0475 -0.293333    
0.04 -0.436667    
0.035 -0.563333    
0.035 -0.64    
0.0375 -0.653333    
0.0425 -0.643333    
0.0475 -0.593333    
0.0525 -0.536667    
0.055 -0.466667    
0.055 -0.33    
0.05 -0.24    
0.045 -0.19    
0.0425 -0.153333    
0.045 -0.123333    
0.05 -0.12    
0.0575 -0.116667    
0.0625 -0.12    
0.07 -0.126667    
0.0725 -0.126667    
0.07 -0.13    
0.065 -0.13    
0.055 -0.13    
0.0475 -0.126667    
0.04 -0.123333    
0.035 -0.113333    
0.03 -0.1    
0.025 -0.0866667    
