54
-0.05 0.283333    
-0.0675 0.243333    
-0.0825 0.19    
-0.0975 0.156667    
-0.1125 0.13    
-0.135 0.0933333    
-0.19 0.0466667    
-0.25 0.00666667    
-0.285 -0.0233333    
-0.3575 -0.09    
-0.4325 -0.17    
-0.455 -0.2    
-0.4825 -0.253333    
-0.485 -0.31    
-0.4675 -0.343333    
-0.435 -0.376667    
-0.39 -0.406667    
-0.2825 -0.443333    
-0.21 -0.45    
-0.135 -0.453333    
0 -0.436667    
0.0775 -0.42    
0.1475 -0.403333    
0.2125 -0.383333    
0.3075 -0.353333    
0.3375 -0.343333    
0.375 -0.323333    
0.405 -0.286667    
0.4175 -0.25    
0.4175 -0.206667    
0.4075 -0.106667    
0.3975 -0.0266667    
0.3875 0.0566667    
0.375 0.136667    
0.36 0.23    
0.345 0.32    
0.34 0.346667    
0.33 0.386667    
0.325 0.41    
0.3175 0.426667    
0.3125 0.416667    
0.305 0.393333    
0.29 0.33    
0.275 0.26    
0.2575 0.146667    
0.2325 -0.02    
0.225 -0.0866667    
0.21 -0.223333    
0.2 -0.333333    
0.1925 -0.51    
0.19 -0.623333    
0.1875 -0.773333    
0.1875 -0.87    
0.1875 -0.99    
