53
-0.0325 0.676667    
-0.03 0.68    
-0.03 0.683333    
-0.03 0.686667    
-0.0325 0.693333    
-0.035 0.7    
-0.0375 0.7    
-0.04 0.703333    
-0.0475 0.7    
-0.0675 0.67    
-0.0925 0.616667    
-0.145 0.47    
-0.1825 0.326667    
-0.1975 0.256667    
-0.2075 0.146667    
-0.2025 0.0933333    
-0.175 0.04    
-0.1425 0.03    
-0.1 0.03    
-0.0325 0.0466667    
0.04 0.0833333    
0.0975 0.116667    
0.19 0.2    
0.235 0.256667    
0.265 0.316667    
0.28 0.4    
0.2675 0.43    
0.245 0.446667    
0.2225 0.446667    
0.195 0.43    
0.1575 0.366667    
0.1425 0.306667    
0.115 0.13    
0.1025 -0.02    
0.095 -0.226667    
0.1 -0.383333    
0.1075 -0.453333    
0.11 -0.513333    
0.11 -0.536667    
0.1075 -0.55    
0.1 -0.54    
0.0875 -0.5    
0.0775 -0.463333    
0.0625 -0.39    
0.045 -0.266667    
0.0325 -0.17    
0.0225 -0.0566667    
0.0175 0.00666667    
0.0125 0.0766667    
0.01 0.1    
0.01 0.13    
0.0125 0.143333    
0.0125 0.153333    
