52
-0.0925 0.523333    
-0.105 0.51    
-0.1175 0.493333    
-0.145 0.456667    
-0.1625 0.423333    
-0.185 0.38    
-0.2225 0.31    
-0.25 0.253333    
-0.29 0.163333    
-0.3025 0.133333    
-0.3125 0.0733333    
-0.3075 0.04    
-0.2875 0.0133333    
-0.2625 0    
-0.2125 -0.0133333    
-0.1675 -0.0166667    
-0.085 -0.0166667    
-0.015 -0.0133333    
0.0475 -0.00666667    
0.1075 0    
0.1925 0.02    
0.245 0.04    
0.2775 0.0566667    
0.305 0.0766667    
0.3175 0.09    
0.325 0.103333    
0.325 0.123333    
0.3175 0.146667    
0.3075 0.17    
0.2975 0.193333    
0.2825 0.216667    
0.265 0.24    
0.2375 0.27    
0.215 0.286667    
0.1925 0.296667    
0.16 0.293333    
0.145 0.273333    
0.1325 0.243333    
0.115 0.163333    
0.1075 0.0966667    
0.1 -0.00333333    
0.1025 -0.0966667    
0.1125 -0.223333    
0.1225 -0.326667    
0.135 -0.453333    
0.14 -0.55    
0.14 -0.603333    
0.14 -0.646667    
0.1375 -0.66    
0.135 -0.656667    
0.1325 -0.65    
0.13 -0.623333    
