93
-0.2125 0.473333    
-0.2075 0.463333    
-0.2025 0.443333    
-0.2 0.42    
-0.2025 0.363333    
-0.2075 0.323333    
-0.22 0.276667    
-0.2425 0.206667    
-0.26 0.163333    
-0.2775 0.12    
-0.295 0.07    
-0.31 0.0333333    
-0.325 -0.00333333    
-0.335 -0.0266667    
-0.3475 -0.0466667    
-0.355 -0.0666667    
-0.3575 -0.0733333    
-0.355 -0.0833333    
-0.3325 -0.09    
-0.3125 -0.0933333    
-0.27 -0.0966667    
-0.2325 -0.1    
-0.1875 -0.103333    
-0.1375 -0.103333    
-0.0525 -0.103333    
0.02 -0.106667    
0.0525 -0.11    
0.1125 -0.116667    
0.155 -0.12    
0.2025 -0.123333    
0.23 -0.123333    
0.2625 -0.116667    
0.29 -0.106667    
0.295 -0.103333    
0.305 -0.0966667    
0.31 -0.09    
0.3125 -0.08    
0.31 -0.0666667    
0.305 -0.0466667    
0.2925 0    
0.2825 0.04    
0.27 0.09    
0.2525 0.17    
0.2325 0.253333    
0.22 0.313333    
0.1975 0.406667    
0.1875 0.453333    
0.18 0.48    
0.1625 0.546667    
0.155 0.563333    
0.1525 0.576667    
0.1475 0.586667    
0.1425 0.59    
0.1375 0.593333    
0.13 0.583333    
0.1275 0.57    
0.12 0.53    
0.115 0.496667    
0.1125 0.446667    
0.11 0.37    
0.11 0.303333    
0.115 0.21    
0.1175 0.113333    
0.1175 0.04    
0.1175 -0.0566667    
0.1125 -0.12    
0.1025 -0.203333    
0.095 -0.266667    
0.0825 -0.343333    
0.0775 -0.386667    
0.0675 -0.466667    
0.06 -0.526667    
0.05 -0.596667    
0.0425 -0.64    
0.0325 -0.696667    
0.03 -0.716667    
0.0275 -0.733333    
0.025 -0.746667    
0.0225 -0.766667    
0.02 -0.786667    
0.0175 -0.796667    
0.02 -0.81    
0.02 -0.813333    
0.0175 -0.823333    
0.0175 -0.826667    
0.0175 -0.83    
0.015 -0.833333    
0.0125 -0.833333    
0.01 -0.833333    
0.01 -0.833333    
0.0075 -0.833333    
0.005 -0.83    
0.005 -0.83    
