51
-0.2075 0.546667    
-0.21 0.543333    
-0.21 0.536667    
-0.215 0.516667    
-0.2375 0.453333    
-0.2525 0.416667    
-0.2925 0.326667    
-0.34 0.213333    
-0.37 0.126667    
-0.4075 -0.02    
-0.42 -0.1    
-0.42 -0.166667    
-0.41 -0.23    
-0.395 -0.26    
-0.355 -0.276667    
-0.3375 -0.276667    
-0.2875 -0.27    
-0.25 -0.256667    
-0.21 -0.25    
-0.1475 -0.236667    
-0.0475 -0.213333    
-0.0025 -0.203333    
0.0875 -0.18    
0.1625 -0.16    
0.24 -0.133333    
0.28 -0.116667    
0.3075 -0.0966667    
0.295 -0.0833333    
0.2825 -0.0766667    
0.2525 -0.07    
0.225 -0.0566667    
0.1875 -0.03    
0.165 0    
0.1375 0.0566667    
0.12 0.113333    
0.11 0.153333    
0.0875 0.246667    
0.0725 0.346667    
0.07 0.376667    
0.07 0.41    
0.0775 0.396667    
0.0775 0.33    
0.075 0.25    
0.0625 0.09    
0.05 -0.0966667    
0.045 -0.246667    
0.055 -0.453333    
0.07 -0.59    
0.095 -0.733333    
0.1175 -0.843333    
0.13 -0.893333    
