63
-0.1975 0.363333    
-0.1975 0.38    
-0.195 0.396667    
-0.195 0.403333    
-0.195 0.403333    
-0.2 0.39    
-0.205 0.376667    
-0.225 0.34    
-0.24 0.306667    
-0.26 0.27    
-0.29 0.216667    
-0.315 0.173333    
-0.3475 0.116667    
-0.37 0.0766667    
-0.4075 0.0166667    
-0.4275 -0.0166667    
-0.445 -0.04    
-0.465 -0.0666667    
-0.4775 -0.0866667    
-0.4825 -0.0966667    
-0.4825 -0.106667    
-0.4725 -0.116667    
-0.4575 -0.123333    
-0.4325 -0.126667    
-0.3825 -0.136667    
-0.3175 -0.143333    
-0.2375 -0.146667    
-0.1775 -0.146667    
-0.1025 -0.146667    
-0.055 -0.143333    
-0.005 -0.136667    
0.02 -0.126667    
0.0375 -0.103333    
0.0375 -0.0666667    
0.025 -0.0166667    
0.0075 0.03    
-0.0175 0.0933333    
-0.0375 0.14    
-0.06 0.196667    
-0.0625 0.21    
-0.0775 0.27    
-0.0825 0.296667    
-0.0875 0.316667    
-0.0925 0.336667    
-0.1 0.333333    
-0.115 0.316667    
-0.135 0.28    
-0.1475 0.246667    
-0.16 0.203333    
-0.175 0.12    
-0.18 0.0533333    
-0.1825 -0.0533333    
-0.1825 -0.146667    
-0.18 -0.263333    
-0.1775 -0.383333    
-0.18 -0.453333    
-0.18 -0.503333    
-0.1875 -0.553333    
-0.1925 -0.576667    
-0.1975 -0.6    
-0.205 -0.613333    
-0.2075 -0.616667    
-0.2125 -0.62    
