86
-0.275 0.67    
-0.2675 0.7    
-0.25 0.746667    
-0.2425 0.77    
-0.235 0.773333    
-0.2225 0.743333    
-0.22 0.69    
-0.22 0.51    
-0.2225 0.386667    
-0.22 0.25    
-0.21 -0.0233333    
-0.2 -0.133333    
-0.1875 -0.223333    
-0.155 -0.313333    
-0.1325 -0.31    
-0.105 -0.28    
-0.03 -0.18    
0.075 -0.0833333    
0.13 -0.0733333    
0.185 -0.1    
0.235 -0.163333    
0.305 -0.36    
0.31 -0.483333    
0.2925 -0.616667    
0.1975 -0.85    
0.1225 -0.933333    
-0.36 -0.826667    
-0.4 -0.703333    
-0.4175 -0.56    
-0.3925 -0.233333    
-0.35 -0.07    
-0.3 0.08    
-0.1875 0.34    
-0.1375 0.44    
-0.06 0.566667    
-0.035 0.6    
-0.035 0.6    
-0.005 0.616667    
0.0475 0.623333    
0.075 0.62    
0.1075 0.61    
0.145 0.596667    
0.21 0.576667    
0.2375 0.563333    
0.2625 0.55    
0.295 0.52    
0.305 0.49    
0.305 0.49    
0.3 0.466667    
0.2925 0.46    
0.27 0.45    
0.26 0.446667    
0.2475 0.446667    
0.225 0.45    
0.2175 0.453333    
0.21 0.46    
0.2025 0.47    
0.1975 0.476667    
0.1925 0.49    
0.19 0.493333    
0.19 0.496667    
0.1875 0.503333    
0.1875 0.506667    
0.19 0.516667    
0.1925 0.52    
0.1925 0.523333    
0.1925 0.53    
0.195 0.533333    
0.195 0.533333    
0.195 0.533333    
0.195 0.533333    
0.195 0.533333    
0.195 0.533333    
0.195 0.533333    
0.195 0.533333    
0.195 0.533333    
0.195 0.533333    
0.195 0.533333    
0.195 0.533333    
0.195 0.53    
0.195 0.53    
0.195 0.53    
0.195 0.526667    
0.195 0.523333    
0.1975 0.523333    
0.1975 0.52    
