40
-0.3825 0.55    
-0.3725 0.59    
-0.375 0.583333    
-0.3875 0.536667    
-0.405 0.466667    
-0.4225 0.386667    
-0.435 0.276667    
-0.42 0.193333    
-0.385 0.156667    
-0.2975 0.133333    
-0.2075 0.13    
-0.105 0.123333    
0.0325 0.0833333    
0.11 0.02    
0.1725 -0.106667    
0.185 -0.216667    
0.155 -0.353333    
0.105 -0.436667    
0.035 -0.49    
-0.0825 -0.5    
-0.2175 -0.446667    
-0.3125 -0.376667    
-0.3975 -0.29    
-0.475 -0.16    
-0.5025 -0.04    
-0.4875 0.05    
-0.4425 0.14    
-0.3475 0.24    
-0.22 0.32    
-0.11 0.353333    
0 0.366667    
0.1425 0.35    
0.2475 0.326667    
0.28 0.316667    
0.4125 0.286667    
0.46 0.276667    
0.4875 0.28    
0.495 0.286667    
0.475 0.296667    
0.4575 0.303333    
