45
-0.085 0.556667    
-0.085 0.563333    
-0.085 0.563333    
-0.0875 0.56    
-0.09 0.553333    
-0.095 0.536667    
-0.095 0.53    
-0.0925 0.523333    
-0.0675 0.516667    
-0.0375 0.516667    
-0.0025 0.516667    
0.0825 0.516667    
0.115 0.513333    
0.1375 0.513333    
0.14 0.523333    
0.12 0.53    
0.045 0.536667    
0.005 0.533333    
-0.0625 0.503333    
-0.08 0.48    
-0.0975 0.406667    
-0.0975 0.406667    
-0.11 0.296667    
-0.12 0.193333    
-0.12 0.156667    
-0.1075 0.133333    
-0.08 0.12    
-0.0325 0.113333    
-0.0325 0.113333    
0.04 0.103333    
0.18 0.08    
0.2325 0.0566667    
0.265 -0.0166667    
0.2525 -0.0666667    
0.2325 -0.123333    
0.175 -0.226667    
0.105 -0.306667    
0.07 -0.326667    
0.035 -0.34    
0.0025 -0.34    
-0.055 -0.323333    
-0.08 -0.31    
-0.1 -0.296667    
-0.1225 -0.283333    
-0.125 -0.28    
