121
-0.0625 0.536667    
-0.0625 0.55    
-0.065 0.553333    
-0.0675 0.556667    
-0.07 0.56    
-0.08 0.566667    
-0.09 0.576667    
-0.095 0.583333    
-0.1 0.59    
-0.11 0.606667    
-0.1125 0.616667    
-0.115 0.623333    
-0.115 0.626667    
-0.1075 0.63    
-0.1025 0.616667    
-0.0875 0.553333    
-0.085 0.5    
-0.095 0.37    
-0.11 0.296667    
-0.13 0.223333    
-0.1525 0.153333    
-0.2025 0.0166667    
-0.225 -0.0466667    
-0.2475 -0.1    
-0.275 -0.176667    
-0.28 -0.193333    
-0.275 -0.196667    
-0.2325 -0.14    
-0.195 -0.0833333    
-0.1125 0.0633333    
-0.075 0.143333    
-0.0125 0.27    
0.01 0.316667    
0.03 0.35    
0.065 0.393333    
0.085 0.4    
0.11 0.4    
0.19 0.373333    
0.2425 0.346667    
0.3 0.306667    
0.4125 0.186667    
0.495 0.03    
0.495 0.03    
0.5325 -0.15    
0.5325 -0.15    
0.495 -0.29    
0.44 -0.423333    
0.3675 -0.55    
0.18 -0.786667    
0.105 -0.826667    
0.03 -0.85    
-0.12 -0.793333    
-0.1775 -0.73    
-0.25 -0.553333    
-0.2625 -0.446667    
-0.2575 -0.343333    
-0.235 -0.15    
-0.19 0.0233333    
-0.19 0.0233333    
-0.1425 0.166667    
-0.12 0.243333    
-0.105 0.313333    
-0.0875 0.433333    
-0.0825 0.493333    
-0.08 0.586667    
-0.08 0.626667    
-0.0775 0.686667    
-0.08 0.706667    
-0.0775 0.733333    
-0.0725 0.736667    
-0.0625 0.736667    
-0.0375 0.73    
0.0475 0.71    
0.1125 0.693333    
0.19 0.68    
0.3575 0.646667    
0.5175 0.606667    
0.5175 0.606667    
0.65 0.57    
0.7 0.553333    
0.735 0.54    
0.7725 0.526667    
0.7725 0.52    
0.7575 0.516667    
0.745 0.513333    
0.7175 0.516667    
0.7075 0.523333    
0.695 0.53    
0.675 0.543333    
0.6625 0.546667    
0.6425 0.546667    
0.6325 0.546667    
0.6125 0.54    
0.605 0.536667    
0.6 0.536667    
0.5925 0.533333    
0.59 0.533333    
0.5875 0.533333    
0.585 0.533333    
0.5825 0.53    
0.5825 0.526667    
0.5825 0.526667    
0.5825 0.523333    
0.5825 0.523333    
0.5825 0.526667    
0.5825 0.526667    
0.585 0.53    
0.5875 0.533333    
0.5875 0.533333    
0.5875 0.533333    
0.59 0.533333    
0.59 0.533333    
0.59 0.533333    
0.59 0.533333    
0.5925 0.533333    
0.5925 0.533333    
0.5925 0.536667    
0.59 0.536667    
0.59 0.536667    
0.5875 0.536667    
0.585 0.536667    
