54
-0.125 0.49    
-0.1275 0.49    
-0.12 0.49    
-0.105 0.486667    
-0.0325 0.483333    
0.0225 0.483333    
0.085 0.486667    
0.1975 0.503333    
0.235 0.513333    
0.275 0.536667    
0.28 0.55    
0.2725 0.566667    
0.2275 0.606667    
0.1975 0.63    
0.13 0.673333    
0.1 0.69    
0.08 0.7    
0.065 0.706667    
0.0475 0.693333    
0.0425 0.62    
0.0425 0.56    
0.0425 0.493333    
0.045 0.426667    
0.0375 0.296667    
0.03 0.246667    
0.015 0.163333    
0.01 0.14    
0.005 0.123333    
0.0075 0.116667    
0.0175 0.123333    
0.0375 0.136667    
0.1025 0.176667    
0.1425 0.196667    
0.18 0.21    
0.2375 0.216667    
0.265 0.18    
0.27 0.146667    
0.2725 0.106667    
0.2675 0.06    
0.2375 -0.03    
0.2125 -0.0733333    
0.2125 -0.0733333    
0.17 -0.116667    
0.0825 -0.183333    
0.0825 -0.183333    
0.005 -0.21    
-0.0325 -0.193333    
-0.0475 -0.18    
-0.0575 -0.163333    
-0.065 -0.136667    
-0.065 -0.13    
-0.065 -0.123333    
-0.06 -0.116667    
-0.05 -0.1    
