117
-0.065 0.623333    
-0.0675 0.623333    
-0.0675 0.623333    
-0.0675 0.62    
-0.0675 0.62    
-0.0675 0.62    
-0.0675 0.61    
-0.0675 0.603333    
-0.0675 0.596667    
-0.07 0.573333    
-0.0725 0.56    
-0.075 0.543333    
-0.085 0.493333    
-0.0925 0.463333    
-0.1225 0.39    
-0.14 0.35    
-0.1575 0.313333    
-0.1975 0.25    
-0.24 0.193333    
-0.24 0.193333    
-0.2775 0.143333    
-0.31 0.103333    
-0.325 0.09    
-0.335 0.0766667    
-0.3425 0.0633333    
-0.35 0.05    
-0.35 0.0466667    
-0.3475 0.0433333    
-0.335 0.05    
-0.32 0.06    
-0.2775 0.0866667    
-0.25 0.103333    
-0.19 0.133333    
-0.1575 0.146667    
-0.125 0.16    
-0.07 0.176667    
-0.07 0.176667    
-0.07 0.176667    
-0.0375 0.176667    
0.02 0.17    
0.07 0.143333    
0.085 0.13    
0.1025 0.11    
0.1175 0.0833333    
0.1475 0.03    
0.1725 -0.0433333    
0.185 -0.0866667    
0.195 -0.136667    
0.1975 -0.19    
0.1925 -0.293333    
0.18 -0.336667    
0.1625 -0.38    
0.1175 -0.45    
0.0625 -0.5    
0.0325 -0.52    
0.0025 -0.533333    
-0.06 -0.563333    
-0.09 -0.573333    
-0.1225 -0.58    
-0.1525 -0.583333    
-0.2075 -0.573333    
-0.2325 -0.563333    
-0.255 -0.546667    
-0.2875 -0.503333    
-0.3025 -0.473333    
-0.32 -0.413333    
-0.325 -0.383333    
-0.3275 -0.336667    
-0.3275 -0.32    
-0.325 -0.3    
-0.325 -0.293333    
-0.325 -0.286667    
-0.325 -0.276667    
-0.325 -0.26    
-0.325 -0.246667    
-0.3275 -0.23    
-0.3325 -0.206667    
-0.335 -0.126667    
-0.3325 -0.0766667    
-0.3225 0.0333333    
-0.3125 0.0866667    
-0.2875 0.19    
-0.2725 0.233333    
-0.26 0.27    
-0.2275 0.326667    
-0.2125 0.346667    
-0.1825 0.373333    
-0.165 0.383333    
-0.1475 0.39    
-0.125 0.396667    
-0.075 0.403333    
-0.01 0.41    
0.0275 0.416667    
0.0675 0.413333    
0.1475 0.413333    
0.18 0.413333    
0.2225 0.416667    
0.245 0.42    
0.255 0.423333    
0.2625 0.423333    
0.2675 0.423333    
0.2725 0.423333    
0.275 0.423333    
0.275 0.423333    
0.2775 0.423333    
0.28 0.426667    
0.28 0.43    
0.28 0.433333    
0.2825 0.436667    
0.285 0.443333    
0.285 0.443333    
0.2875 0.443333    
0.2875 0.443333    
0.2875 0.443333    
0.285 0.443333    
0.285 0.443333    
0.2825 0.443333    
