63
-0.0775 0.206667    
-0.0775 0.256667    
-0.075 0.276667    
-0.075 0.303333    
-0.075 0.36    
-0.075 0.39    
-0.075 0.446667    
-0.075 0.47    
-0.0725 0.483333    
-0.0675 0.5    
-0.065 0.5    
-0.0625 0.473333    
-0.06 0.35    
-0.06 0.263333    
-0.0575 0.0766667    
-0.0575 0.0133333    
-0.0525 -0.03    
-0.0425 -0.0666667    
-0.035 -0.0666667    
-0.0225 -0.0633333    
0.015 -0.0366667    
0.0375 -0.02    
0.06 -0.00333333    
0.105 0.0166667    
0.125 0.0133333    
0.145 -0.00333333    
0.185 -0.0633333    
0.2025 -0.11    
0.22 -0.233333    
0.22 -0.313333    
0.2125 -0.4    
0.175 -0.573333    
0.125 -0.706667    
0.1 -0.75    
0.0725 -0.78    
0.045 -0.793333    
0.045 -0.793333    
0.015 -0.74    
-0.01 -0.666667    
-0.045 -0.456667    
-0.055 -0.316667    
-0.0425 -0.103333    
-0.0325 0.00666667    
-0.0075 0.18    
0.0075 0.253333    
0.0375 0.35    
0.05 0.386667    
0.0625 0.41    
0.0725 0.423333    
0.0875 0.426667    
0.125 0.44    
0.1875 0.426667    
0.23 0.413333    
0.2725 0.393333    
0.3575 0.356667    
0.395 0.346667    
0.45 0.333333    
0.47 0.33    
0.4825 0.33    
0.4925 0.326667    
0.5025 0.33    
0.505 0.33    
0.505 0.33    
