118
-0.24 0.62    
-0.2375 0.62    
-0.24 0.616667    
-0.245 0.613333    
-0.25 0.616667    
-0.2525 0.62    
-0.2575 0.636667    
-0.26 0.666667    
-0.2625 0.673333    
-0.2725 0.663333    
-0.2875 0.626667    
-0.3 0.59    
-0.325 0.5    
-0.345 0.376667    
-0.3475 0.306667    
-0.3425 0.243333    
-0.33 0.183333    
-0.31 0.103333    
-0.2725 0.0166667    
-0.255 -0.00666667    
-0.2225 -0.0333333    
-0.165 -0.0533333    
-0.085 -0.0566667    
0.0325 -0.06    
0.105 -0.0666667    
0.1725 -0.08    
0.235 -0.103333    
0.315 -0.16    
0.35 -0.206667    
0.375 -0.263333    
0.3875 -0.32    
0.375 -0.403333    
0.3125 -0.51    
0.2725 -0.55    
0.1775 -0.63    
0.0975 -0.683333    
-0.03 -0.743333    
-0.095 -0.76    
-0.1475 -0.76    
-0.2 -0.73    
-0.23 -0.69    
-0.235 -0.653333    
-0.2175 -0.6    
-0.1925 -0.553333    
-0.145 -0.486667    
-0.1125 -0.43    
-0.0925 -0.363333    
-0.0875 -0.296667    
-0.1325 -0.13    
-0.2075 0.03    
-0.255 0.113333    
-0.345 0.266667    
-0.405 0.363333    
-0.48 0.506667    
-0.51 0.58    
-0.5325 0.646667    
-0.5475 0.71    
-0.5375 0.74    
-0.51 0.74    
-0.4325 0.72    
-0.35 0.693333    
-0.2075 0.65    
-0.09 0.62    
0.1225 0.54    
0.18 0.51    
0.2475 0.47    
0.3025 0.426667    
0.3075 0.4    
0.2825 0.376667    
0.225 0.376667    
0.145 0.4    
0.12 0.416667    
0.09 0.446667    
0.055 0.493333    
0.035 0.52    
0.03 0.53    
0.025 0.546667    
0.0375 0.566667    
0.0475 0.573333    
0.075 0.576667    
0.1 0.58    
0.135 0.573333    
0.1425 0.566667    
0.1725 0.556667    
0.195 0.546667    
0.2075 0.536667    
0.2175 0.526667    
0.2225 0.52    
0.2225 0.516667    
0.225 0.513333    
0.225 0.51    
0.225 0.513333    
0.225 0.513333    
0.225 0.516667    
0.2225 0.52    
0.2225 0.523333    
0.225 0.53    
0.2275 0.546667    
0.2275 0.556667    
0.2275 0.563333    
0.2275 0.57    
0.225 0.58    
0.2225 0.583333    
0.215 0.59    
0.21 0.59    
0.2025 0.58    
0.1975 0.576667    
0.1875 0.566667    
0.18 0.56    
0.1725 0.553333    
0.17 0.55    
0.1625 0.54    
0.16 0.526667    
0.1575 0.52    
0.1575 0.5    
0.16 0.48    
0.1675 0.443333    
0.17 0.436667    
