77
0.0575 0.836667    
0.0575 0.84    
0.0575 0.843333    
0.0575 0.85    
0.05 0.856667    
0.0425 0.86    
0.01 0.86    
-0.02 0.85    
-0.0625 0.82    
-0.1475 0.716667    
-0.2025 0.626667    
-0.255 0.523333    
-0.2725 0.483333    
-0.335 0.306667    
-0.395 0.0933333    
-0.4175 0.0166667    
-0.45 -0.13    
-0.465 -0.223333    
-0.475 -0.336667    
-0.475 -0.446667    
-0.465 -0.52    
-0.44 -0.61    
-0.41 -0.666667    
-0.3375 -0.74    
-0.26 -0.783333    
-0.215 -0.796667    
-0.1175 -0.81    
-0.0425 -0.813333    
0.055 -0.796667    
0.1175 -0.77    
0.2175 -0.666667    
0.25 -0.6    
0.265 -0.55    
0.2825 -0.456667    
0.2775 -0.393333    
0.2575 -0.306667    
0.225 -0.23    
0.195 -0.176667    
0.1525 -0.116667    
0.115 -0.0766667    
0.085 -0.0566667    
0.04 -0.04    
0.005 -0.03    
-0.045 -0.02    
-0.0825 -0.01    
-0.1425 0.00333333    
-0.1775 0.01    
-0.19 0.01    
-0.25 0.0266667    
-0.295 0.04    
-0.315 0.0466667    
-0.35 0.06    
-0.37 0.0633333    
-0.39 0.06    
-0.4025 0.0566667    
-0.4225 0.0466667    
-0.435 0.05    
-0.44 0.0533333    
-0.4475 0.0633333    
-0.4525 0.0733333    
-0.455 0.08    
-0.455 0.08    
-0.455 0.08    
-0.4525 0.0833333    
-0.45 0.0833333    
-0.445 0.0833333    
-0.4425 0.0766667    
-0.44 0.0733333    
-0.4375 0.0633333    
-0.435 0.0566667    
-0.4325 0.0566667    
-0.4325 0.0566667    
-0.43 0.0566667    
-0.43 0.0566667    
-0.43 0.06    
-0.43 0.06    
-0.4275 0.0633333    
