75
0.1825 0.523333    
0.1825 0.53    
0.1825 0.536667    
0.185 0.543333    
0.185 0.55    
0.185 0.563333    
0.18 0.58    
0.175 0.593333    
0.1625 0.6    
0.16 0.6    
0.155 0.603333    
0.1525 0.603333    
0.15 0.603333    
0.1475 0.603333    
0.1475 0.6    
0.145 0.6    
0.1475 0.596667    
0.1525 0.6    
0.1575 0.603333    
0.165 0.616667    
0.17 0.63    
0.18 0.646667    
0.185 0.65    
0.185 0.65    
0.1825 0.643333    
0.1775 0.636667    
0.17 0.63    
0.165 0.626667    
0.155 0.626667    
0.14 0.623333    
0.1075 0.573333    
0.075 0.5    
0.0275 0.363333    
-0.0025 0.246667    
-0.03 0.116667    
-0.035 0.06    
-0.0225 0.0333333    
0.01 0.05    
0.08 0.113333    
0.1 0.13    
0.1925 0.196667    
0.2475 0.233333    
0.375 0.303333    
0.4375 0.31    
0.4725 0.283333    
0.4725 0.21    
0.41 0.00666667    
0.3275 -0.183333    
0.2825 -0.266667    
0.17 -0.393333    
0.095 -0.396667    
0.06 -0.366667    
-0.0025 -0.26    
-0.045 -0.15    
-0.0825 -0.00333333    
-0.1025 0.0933333    
-0.1125 0.19    
-0.105 0.24    
-0.08 0.283333    
-0.0525 0.316667    
-0.0175 0.353333    
0.0925 0.41    
0.2175 0.436667    
0.3275 0.453333    
0.4525 0.453333    
0.495 0.446667    
0.535 0.43    
0.51 0.416667    
0.4675 0.413333    
0.41 0.41    
0.3475 0.413333    
0.2425 0.403333    
0.19 0.39    
0.145 0.373333    
0.1075 0.35    
