65
-0.08 0.546667    
-0.0825 0.55    
-0.09 0.546667    
-0.095 0.526667    
-0.0975 0.496667    
-0.105 0.433333    
-0.1125 0.366667    
-0.125 0.273333    
-0.135 0.21    
-0.15 0.14    
-0.16 0.0966667    
-0.165 0.0766667    
-0.1675 0.0666667    
-0.1625 0.0633333    
-0.14 0.07    
-0.115 0.08    
-0.065 0.1    
-0.005 0.113333    
0.0625 0.12    
0.115 0.126667    
0.1675 0.123333    
0.2375 0.12    
0.305 0.103333    
0.3475 0.0866667    
0.4075 0.0466667    
0.4325 0.0133333    
0.45 -0.02    
0.4625 -0.08    
0.46 -0.136667    
0.44 -0.246667    
0.4075 -0.38    
0.3775 -0.473333    
0.34 -0.553333    
0.2725 -0.606667    
0.23 -0.606667    
0.1925 -0.593333    
0.1275 -0.526667    
0.09 -0.476667    
0.045 -0.39    
0.0075 -0.3    
-0.01 -0.24    
-0.0225 -0.17    
-0.03 -0.116667    
-0.0375 -0.0633333    
-0.045 0.00333333    
-0.05 0.0533333    
-0.055 0.133333    
-0.0525 0.15    
-0.04 0.19    
-0.01 0.236667    
0.0475 0.273333    
0.105 0.293333    
0.19 0.31    
0.255 0.32    
0.3325 0.33    
0.39 0.33    
0.4175 0.326667    
0.44 0.323333    
0.445 0.316667    
0.44 0.313333    
0.4275 0.313333    
0.41 0.313333    
0.395 0.316667    
0.3825 0.32    
0.3675 0.32    
