117
-0.0125 0.386667    
-0.01 0.39    
-0.0075 0.393333    
-0.005 0.39    
-0.0025 0.376667    
-0.0025 0.34    
-0.01 0.293333    
-0.02 0.23    
-0.0375 0.16    
-0.0575 0.0866667    
-0.0775 0.02    
-0.095 -0.0333333    
-0.1125 -0.0833333    
-0.125 -0.116667    
-0.13 -0.126667    
-0.1325 -0.136667    
-0.135 -0.136667    
-0.135 -0.136667    
-0.13 -0.126667    
-0.125 -0.113333    
-0.115 -0.0933333    
-0.105 -0.0733333    
-0.0875 -0.0466667    
-0.0675 -0.0166667    
-0.045 0.01    
-0.0225 0.0366667    
-0.005 0.0566667    
0.0175 0.0766667    
0.0325 0.0933333    
0.0575 0.113333    
0.0725 0.126667    
0.0775 0.133333    
0.09 0.14    
0.1 0.143333    
0.11 0.14    
0.1175 0.133333    
0.12 0.13    
0.12 0.123333    
0.1175 0.11    
0.1125 0.0933333    
0.1025 0.0766667    
0.065 0.03    
0.05 0.0166667    
0.015 -0.0133333    
0.005 -0.0233333    
-0.035 -0.05    
-0.06 -0.0733333    
-0.0925 -0.103333    
-0.12 -0.14    
-0.1275 -0.15    
-0.1425 -0.166667    
-0.15 -0.176667    
-0.155 -0.186667    
-0.16 -0.196667    
-0.1625 -0.203333    
-0.16 -0.21    
-0.1575 -0.213333    
-0.15 -0.22    
-0.125 -0.22    
-0.1125 -0.22    
-0.075 -0.216667    
-0.04 -0.21    
0.0075 -0.2    
0.045 -0.193333    
0.1 -0.183333    
0.14 -0.183333    
0.1575 -0.186667    
0.1875 -0.196667    
0.2225 -0.223333    
0.2425 -0.24    
0.2575 -0.26    
0.27 -0.28    
0.285 -0.316667    
0.29 -0.343333    
0.29 -0.376667    
0.2825 -0.42    
0.27 -0.453333    
0.25 -0.493333    
0.23 -0.516667    
0.205 -0.54    
0.1775 -0.566667    
0.145 -0.593333    
0.0825 -0.633333    
0.0325 -0.656667    
0.01 -0.663333    
-0.03 -0.67    
-0.06 -0.67    
-0.0925 -0.66    
-0.145 -0.626667    
-0.1925 -0.583333    
-0.23 -0.54    
-0.2425 -0.52    
-0.2625 -0.48    
-0.265 -0.453333    
-0.2625 -0.44    
-0.2625 -0.42    
-0.26 -0.406667    
-0.255 -0.403333    
-0.2525 -0.406667    
-0.25 -0.413333    
-0.25 -0.416667    
-0.2525 -0.423333    
-0.2575 -0.43    
-0.2625 -0.433333    
-0.2675 -0.443333    
-0.2675 -0.45    
-0.265 -0.456667    
-0.26 -0.463333    
-0.255 -0.47    
-0.25 -0.47    
-0.2475 -0.47    
-0.24 -0.473333    
-0.235 -0.473333    
-0.2225 -0.48    
-0.22 -0.483333    
-0.21 -0.486667    
-0.2 -0.493333    
