90
0.21 0.453333    
0.21 0.45    
0.21 0.453333    
0.21 0.453333    
0.21 0.453333    
0.21 0.456667    
0.21 0.46    
0.2125 0.463333    
0.2125 0.463333    
0.21 0.46    
0.21 0.46    
0.21 0.456667    
0.2075 0.453333    
0.205 0.45    
0.2 0.446667    
0.1925 0.44    
0.1825 0.43    
0.1575 0.406667    
0.14 0.39    
0.12 0.373333    
0.09 0.35    
0.0675 0.343333    
0.0275 0.34    
0.0125 0.34    
-0.025 0.35    
-0.045 0.356667    
-0.0625 0.366667    
-0.085 0.38    
-0.0975 0.393333    
-0.1125 0.406667    
-0.1225 0.42    
-0.13 0.426667    
-0.135 0.436667    
-0.1375 0.443333    
-0.14 0.456667    
-0.14 0.47    
-0.145 0.503333    
-0.15 0.523333    
-0.1525 0.54    
-0.155 0.553333    
-0.1575 0.563333    
-0.16 0.563333    
-0.1625 0.556667    
-0.1625 0.546667    
-0.16 0.523333    
-0.155 0.49    
-0.1525 0.476667    
-0.1475 0.423333    
-0.145 0.376667    
-0.1425 0.293333    
-0.14 0.243333    
-0.1375 0.2    
-0.1325 0.15    
-0.13 0.113333    
-0.125 0.0766667    
-0.1225 0.05    
-0.1175 0.02    
-0.11 0.0133333    
-0.105 0.0133333    
-0.09 0.02    
-0.065 0.0366667    
-0.0325 0.0633333    
-0.0025 0.08    
0.03 0.0933333    
0.075 0.103333    
0.105 0.11    
0.145 0.116667    
0.1675 0.12    
0.19 0.116667    
0.2025 0.11    
0.215 0.09    
0.2225 0.0733333    
0.2275 0.04    
0.2325 0.00666667    
0.2375 -0.0433333    
0.235 -0.0966667    
0.23 -0.13    
0.2125 -0.19    
0.1975 -0.22    
0.1775 -0.243333    
0.1525 -0.263333    
0.135 -0.273333    
0.08 -0.29    
0.0575 -0.29    
0.0175 -0.293333    
-0.0125 -0.296667    
-0.0275 -0.293333    
-0.035 -0.293333    
-0.035 -0.293333    
-0.03 -0.29    
