82
-0.105 0.513333    
-0.105 0.51    
-0.1075 0.503333    
-0.1125 0.496667    
-0.115 0.483333    
-0.12 0.473333    
-0.125 0.456667    
-0.1275 0.436667    
-0.13 0.416667    
-0.135 0.386667    
-0.145 0.343333    
-0.155 0.293333    
-0.1625 0.26    
-0.1725 0.22    
-0.18 0.186667    
-0.1825 0.17    
-0.1875 0.153333    
-0.1875 0.15    
-0.19 0.146667    
-0.19 0.143333    
-0.19 0.143333    
-0.1875 0.146667    
-0.1825 0.15    
-0.1625 0.16    
-0.1475 0.163333    
-0.14 0.166667    
-0.11 0.166667    
-0.085 0.17    
-0.0475 0.166667    
-0.01 0.16    
0.0225 0.146667    
0.0425 0.13    
0.0675 0.1    
0.0825 0.0766667    
0.0975 0.0366667    
0.1025 0    
0.0975 -0.07    
0.0875 -0.12    
0.065 -0.166667    
0.025 -0.226667    
-0.0125 -0.27    
-0.0725 -0.313333    
-0.1325 -0.343333    
-0.1775 -0.356667    
-0.235 -0.363333    
-0.2825 -0.363333    
-0.3125 -0.356667    
-0.3375 -0.343333    
-0.3625 -0.32    
-0.38 -0.286667    
-0.39 -0.253333    
-0.4 -0.2    
-0.405 -0.136667    
-0.4025 -0.07    
-0.4 -0.02    
-0.3875 0.04    
-0.3775 0.0833333    
-0.3625 0.136667    
-0.35 0.17    
-0.33 0.21    
-0.325 0.22    
-0.295 0.26    
-0.2775 0.28    
-0.25 0.3    
-0.23 0.31    
-0.2075 0.316667    
-0.1725 0.326667    
-0.1425 0.336667    
-0.0925 0.35    
-0.0375 0.363333    
0.005 0.37    
0.0575 0.376667    
0.1 0.38    
0.125 0.383333    
0.1525 0.386667    
0.1625 0.386667    
0.17 0.386667    
0.1725 0.386667    
0.1725 0.386667    
0.17 0.386667    
0.17 0.386667    
0.165 0.386667    
