36
0.065 0.713333    
0.0725 0.74    
0.08 0.776667    
0.0725 0.78    
0.055 0.766667    
-0.015 0.67    
-0.1175 0.463333    
-0.1675 0.323333    
-0.215 0.173333    
-0.2525 0.02    
-0.285 -0.256667    
-0.2675 -0.44    
-0.2475 -0.496667    
-0.2175 -0.53    
-0.1325 -0.533333    
-0.085 -0.503333    
-0.035 -0.463333    
0.01 -0.41    
0.08 -0.276667    
0.0975 -0.203333    
0.1025 -0.136667    
0.0725 -0.0266667    
0.0425 0.0166667    
-0.03 0.07    
-0.07 0.0833333    
-0.1425 0.0833333    
-0.1775 0.0766667    
-0.205 0.0633333    
-0.255 0.0366667    
-0.2725 0.0233333    
-0.2875 0.0133333    
-0.3025 -0.00666667    
-0.3025 -0.0166667    
-0.3 -0.02    
-0.2825 -0.0233333    
-0.2725 -0.0233333    
