58
0.2375 0.74    
0.185 0.716667    
0.1025 0.653333    
-0.0425 0.52    
-0.1625 0.386667    
-0.2675 0.253333    
-0.36 0.0833333    
-0.3925 -0.0666667    
-0.38 -0.133333    
-0.345 -0.193333    
-0.24 -0.303333    
-0.1375 -0.37    
0.0125 -0.423333    
0.12 -0.44    
0.2075 -0.436667    
0.295 -0.403333    
0.35 -0.336667    
0.3625 -0.266667    
0.3525 -0.193333    
0.3175 -0.1    
0.275 -0.0433333    
0.2275 -0.00666667    
0.1475 0.0266667    
0.1025 0.04    
0.0575 0.0566667    
0.0125 0.0766667    
-0.06 0.106667    
-0.1025 0.12    
-0.14 0.123333    
-0.1675 0.123333    
-0.1925 0.12    
-0.2075 0.116667    
-0.2175 0.113333    
-0.2225 0.113333    
-0.23 0.11    
-0.235 0.11    
-0.2375 0.11    
-0.2425 0.113333    
-0.2475 0.116667    
-0.2525 0.116667    
-0.255 0.12    
-0.26 0.12    
-0.2625 0.12    
-0.265 0.123333    
-0.2675 0.126667    
-0.2675 0.126667    
-0.27 0.13    
-0.2725 0.136667    
-0.2775 0.14    
-0.28 0.14    
-0.2825 0.14    
-0.2875 0.14    
-0.2875 0.136667    
-0.2925 0.133333    
-0.295 0.133333    
-0.295 0.133333    
-0.295 0.133333    
-0.295 0.136667    
