36
-0.12 0.52    
-0.1125 0.533333    
-0.1025 0.546667    
-0.075 0.566667    
-0.06 0.58    
-0.0425 0.593333    
-0.02 0.613333    
-0.0175 0.616667    
-0.025 0.613333    
-0.07 0.586667    
-0.1125 0.56    
-0.2075 0.47    
-0.25 0.413333    
-0.2825 0.346667    
-0.31 0.196667    
-0.3025 0.123333    
-0.2825 0.0566667    
-0.22 -0.0466667    
-0.1825 -0.0766667    
-0.1075 -0.106667    
-0.07 -0.1    
-0.035 -0.0766667    
0.005 0.00666667    
0.0075 0.0566667    
-0.0025 0.1    
-0.05 0.166667    
-0.0825 0.186667    
-0.1175 0.196667    
-0.18 0.196667    
-0.205 0.19    
-0.24 0.17    
-0.2525 0.163333    
-0.2625 0.16    
-0.28 0.16    
-0.285 0.16    
-0.29 0.163333    
