62
0.2625 0.646667    
0.2625 0.643333    
0.2625 0.64    
0.2625 0.633333    
0.2625 0.63    
0.2625 0.626667    
0.265 0.62    
0.265 0.616667    
0.2575 0.606667    
0.24 0.59    
0.1675 0.506667    
0.05 0.363333    
-0.015 0.276667    
-0.0825 0.186667    
-0.14 0.0866667    
-0.26 -0.126667    
-0.305 -0.23    
-0.3425 -0.33    
-0.38 -0.5    
-0.38 -0.566667    
-0.3525 -0.663333    
-0.32 -0.7    
-0.2775 -0.733333    
-0.12 -0.803333    
-0.035 -0.826667    
0.0475 -0.83    
0.1875 -0.786667    
0.235 -0.736667    
0.3175 -0.613333    
0.35 -0.55    
0.3725 -0.49    
0.3925 -0.383333    
0.395 -0.34    
0.39 -0.3    
0.3575 -0.223333    
0.3325 -0.19    
0.2975 -0.16    
0.2225 -0.113333    
0.18 -0.1    
0.1 -0.0866667    
0.065 -0.0866667    
0.0325 -0.0866667    
-0.0175 -0.0966667    
-0.035 -0.1    
-0.055 -0.11    
-0.055 -0.116667    
-0.0525 -0.12    
-0.045 -0.126667    
-0.0325 -0.13    
-0.0125 -0.133333    
-0.0125 -0.133333    
0.0275 -0.126667    
0.05 -0.116667    
0.085 -0.0966667    
0.1 -0.09    
0.125 -0.08    
0.1325 -0.08    
0.14 -0.08    
0.1525 -0.08    
0.1575 -0.0766667    
0.1625 -0.0733333    
0.165 -0.0733333    
