40
0.145 0.586667    
0.1725 0.603333    
0.195 0.62    
0.2175 0.656667    
0.2175 0.676667    
0.21 0.693333    
0.1725 0.723333    
0.145 0.723333    
0.0875 0.696667    
0.05 0.666667    
0.01 0.623333    
-0.08 0.516667    
-0.12 0.443333    
-0.17 0.286667    
-0.1725 0.196667    
-0.1425 0.02    
-0.1175 -0.0533333    
-0.0825 -0.116667    
-0.0425 -0.16    
0.055 -0.196667    
0.1525 -0.19    
0.1525 -0.19    
0.215 -0.136667    
0.23 -0.0966667    
0.2325 -0.00333333    
0.22 0.0466667    
0.1975 0.0866667    
0.1425 0.146667    
0.1125 0.166667    
0.08 0.18    
0.0225 0.2    
-0.005 0.203333    
-0.055 0.203333    
-0.0725 0.196667    
-0.0875 0.19    
-0.1 0.176667    
-0.1 0.173333    
-0.1 0.173333    
-0.095 0.18    
-0.0925 0.183333    
