93
0.115 0.533333    
0.115 0.536667    
0.115 0.54    
0.115 0.546667    
0.1125 0.546667    
0.1075 0.546667    
0.085 0.533333    
0.0675 0.523333    
0.025 0.49    
0.0025 0.47    
-0.04 0.42    
-0.04 0.42    
-0.075 0.366667    
-0.1025 0.323333    
-0.115 0.303333    
-0.125 0.283333    
-0.135 0.26    
-0.155 0.213333    
-0.1625 0.186667    
-0.1775 0.136667    
-0.185 0.106667    
-0.195 0.0733333    
-0.2175 -0.00333333    
-0.2275 -0.0466667    
-0.2375 -0.0866667    
-0.245 -0.153333    
-0.2425 -0.216667    
-0.2425 -0.216667    
-0.2275 -0.28    
-0.215 -0.31    
-0.185 -0.366667    
-0.1475 -0.42    
-0.1475 -0.42    
-0.11 -0.466667    
-0.0925 -0.49    
-0.06 -0.526667    
-0.0425 -0.54    
-0.0275 -0.553333    
0.01 -0.573333    
0.03 -0.576667    
0.0475 -0.576667    
0.075 -0.57    
0.09 -0.556667    
0.1 -0.546667    
0.1125 -0.506667    
0.1225 -0.446667    
0.125 -0.41    
0.1275 -0.376667    
0.125 -0.303333    
0.12 -0.273333    
0.115 -0.24    
0.11 -0.21    
0.095 -0.156667    
0.0875 -0.133333    
0.07 -0.0933333    
0.0575 -0.0766667    
0.045 -0.0633333    
0.015 -0.0433333    
-0.0025 -0.0366667    
-0.0175 -0.03    
-0.0175 -0.03    
-0.0375 -0.0266667    
-0.0575 -0.0266667    
-0.095 -0.0266667    
-0.1125 -0.03    
-0.135 -0.0333333    
-0.1475 -0.0366667    
-0.155 -0.04    
-0.175 -0.05    
-0.19 -0.0566667    
-0.1975 -0.06    
-0.2025 -0.0633333    
-0.21 -0.0666667    
-0.2225 -0.07    
-0.2275 -0.0733333    
-0.2325 -0.0766667    
-0.235 -0.0866667    
-0.2375 -0.0866667    
-0.24 -0.0933333    
-0.24 -0.0966667    
-0.24 -0.1    
-0.24 -0.1    
-0.24 -0.106667    
-0.24 -0.106667    
-0.24 -0.11    
-0.24 -0.11    
-0.24 -0.11    
-0.24 -0.113333    
-0.24 -0.11    
-0.24 -0.11    
-0.24 -0.11    
-0.24 -0.11    
-0.24 -0.106667    
