40
0.16 0.646667    
0.155 0.646667    
0.1525 0.646667    
0.15 0.646667    
0.1475 0.646667    
0.1425 0.65    
0.1375 0.65    
0.135 0.65    
0.1325 0.646667    
0.1275 0.64    
0.11 0.62    
0.0975 0.6    
0.08 0.57    
0.0325 0.476667    
0 0.413333    
-0.035 0.333333    
-0.1075 0.15    
-0.1425 0.05    
-0.1875 -0.153333    
-0.1975 -0.246667    
-0.1825 -0.4    
-0.16 -0.456667    
-0.1325 -0.496667    
-0.055 -0.533333    
-0.0075 -0.53    
0.04 -0.506667    
0.1375 -0.44    
0.18 -0.396667    
0.2075 -0.336667    
0.2275 -0.196667    
0.2125 -0.0466667    
0.2025 -0.00333333    
0.1775 0.0766667    
0.1275 0.176667    
0.1 0.213333    
0.0675 0.236667    
0.0375 0.25    
-0.02 0.246667    
-0.0475 0.24    
-0.0675 0.226667    
