64
-0.045 0.583333    
-0.0475 0.596667    
-0.0525 0.61    
-0.055 0.616667    
-0.06 0.626667    
-0.06 0.63    
-0.0575 0.633333    
-0.06 0.623333    
-0.0675 0.603333    
-0.0975 0.556667    
-0.1625 0.47    
-0.2075 0.416667    
-0.25 0.35    
-0.2775 0.306667    
-0.31 0.24    
-0.3475 0.143333    
-0.3575 0.09    
-0.36 0.0266667    
-0.355 -0.00666667    
-0.33 -0.07    
-0.2725 -0.143333    
-0.245 -0.166667    
-0.175 -0.206667    
-0.1225 -0.223333    
-0.0375 -0.24    
-0.005 -0.24    
0.0525 -0.223333    
0.0875 -0.203333    
0.13 -0.156667    
0.1425 -0.113333    
0.1425 -0.04    
0.13 0.01    
0.1025 0.0766667    
0.0725 0.116667    
0.0225 0.16    
-0.0025 0.176667    
-0.065 0.203333    
-0.1125 0.22    
-0.1425 0.226667    
-0.1675 0.233333    
-0.21 0.233333    
-0.235 0.23    
-0.255 0.223333    
-0.2725 0.216667    
-0.29 0.21    
-0.3025 0.203333    
-0.305 0.2    
-0.3075 0.196667    
-0.31 0.196667    
-0.31 0.196667    
-0.31 0.2    
-0.31 0.203333    
-0.3075 0.21    
-0.305 0.223333    
-0.3 0.233333    
-0.2975 0.24    
-0.295 0.253333    
-0.3025 0.27    
-0.3075 0.283333    
-0.315 0.296667    
-0.325 0.303333    
-0.345 0.313333    
-0.36 0.32    
-0.3675 0.32    
