65
0.065 0.676667    
0.055 0.683333    
0.04 0.686667    
0.0325 0.69    
0.0225 0.683333    
0.0125 0.673333    
-0.0225 0.606667    
-0.0375 0.563333    
-0.0875 0.423333    
-0.12 0.32    
-0.1475 0.216667    
-0.1725 0.113333    
-0.205 -0.07    
-0.22 -0.213333    
-0.2225 -0.286667    
-0.2125 -0.463333    
-0.1825 -0.59    
-0.16 -0.646667    
-0.105 -0.743333    
-0.055 -0.796667    
0.0375 -0.85    
0.0775 -0.86    
0.1525 -0.856667    
0.21 -0.836667    
0.28 -0.783333    
0.35 -0.7    
0.3825 -0.64    
0.41 -0.563333    
0.42 -0.526667    
0.4275 -0.413333    
0.4225 -0.316667    
0.41 -0.246667    
0.3875 -0.18    
0.3575 -0.123333    
0.31 -0.0666667    
0.2575 -0.02    
0.19 0.0233333    
0.15 0.0466667    
0.1075 0.0633333    
0.07 0.08    
0.0325 0.0933333    
-0.005 0.103333    
-0.04 0.106667    
-0.0725 0.113333    
-0.1075 0.113333    
-0.1275 0.113333    
-0.15 0.11    
-0.16 0.106667    
-0.165 0.103333    
-0.1675 0.103333    
-0.1725 0.0966667    
-0.175 0.0933333    
-0.1775 0.09    
-0.1775 0.0866667    
-0.18 0.0833333    
-0.18 0.0833333    
-0.18 0.0833333    
-0.1825 0.0833333    
-0.185 0.0833333    
-0.19 0.08    
-0.195 0.0766667    
-0.1975 0.0733333    
-0.2 0.0733333    
-0.2025 0.0766667    
-0.2025 0.0766667    
