43
0.2725 0.606667    
0.275 0.61    
0.28 0.62    
0.2825 0.63    
0.2825 0.63    
0.2825 0.626667    
0.275 0.62    
0.255 0.6    
0.23 0.586667    
0.19 0.553333    
0.12 0.46    
0.0625 0.356667    
-0.0125 0.173333    
-0.0575 -0.02    
-0.065 -0.146667    
-0.0525 -0.28    
0.0025 -0.413333    
0.045 -0.473333    
0.11 -0.533333    
0.14 -0.553333    
0.2125 -0.553333    
0.2575 -0.496667    
0.2725 -0.45    
0.2875 -0.32    
0.28 -0.2    
0.24 -0.0433333    
0.1725 0.0866667    
0.0925 0.166667    
0.015 0.206667    
-0.0175 0.213333    
-0.085 0.216667    
-0.1175 0.213333    
-0.1525 0.2    
-0.1675 0.19    
-0.2 0.16    
-0.21 0.15    
-0.2175 0.146667    
-0.2225 0.15    
-0.2275 0.156667    
-0.2275 0.163333    
-0.225 0.173333    
-0.22 0.19    
-0.2175 0.2    
