53
0.0775 0.616667    
0.0825 0.61    
0.0875 0.6    
0.0875 0.583333    
0.0825 0.566667    
0.0675 0.54    
0.055 0.526667    
0.025 0.486667    
-0.0125 0.436667    
-0.065 0.356667    
-0.1175 0.266667    
-0.15 0.196667    
-0.185 0.11    
-0.205 0.05    
-0.225 -0.0366667    
-0.2325 -0.123333    
-0.2325 -0.213333    
-0.2225 -0.286667    
-0.2 -0.38    
-0.175 -0.443333    
-0.13 -0.516667    
-0.08 -0.566667    
-0.005 -0.603333    
0.0075 -0.606667    
0.0475 -0.606667    
0.1 -0.593333    
0.135 -0.57    
0.17 -0.533333    
0.1875 -0.506667    
0.1975 -0.47    
0.195 -0.44    
0.1875 -0.4    
0.1725 -0.356667    
0.1475 -0.316667    
0.125 -0.293333    
0.09 -0.27    
0.06 -0.26    
0.02 -0.246667    
-0.01 -0.243333    
-0.0575 -0.24    
-0.0775 -0.24    
-0.1125 -0.243333    
-0.1275 -0.246667    
-0.155 -0.25    
-0.1725 -0.253333    
-0.19 -0.256667    
-0.1975 -0.26    
-0.205 -0.256667    
-0.2075 -0.256667    
-0.2075 -0.256667    
-0.2075 -0.253333    
-0.205 -0.25    
-0.2025 -0.25    
