106
0.1025 0.62    
0.105 0.623333    
0.105 0.62    
0.1025 0.613333    
0.0975 0.603333    
0.09 0.59    
0.08 0.58    
0.0675 0.563333    
0.0575 0.55    
0.05 0.533333    
0.0425 0.516667    
0.03 0.48    
0.0225 0.443333    
0.015 0.42    
0.005 0.376667    
-0.005 0.343333    
-0.015 0.3    
-0.0325 0.24    
-0.0425 0.2    
-0.0575 0.143333    
-0.065 0.113333    
-0.0775 0.03    
-0.0825 -0.04    
-0.0825 -0.04    
-0.0825 -0.12    
-0.08 -0.18    
-0.07 -0.27    
-0.06 -0.316667    
-0.05 -0.356667    
-0.0325 -0.406667    
-0.0075 -0.453333    
0.015 -0.486667    
0.0525 -0.53    
0.08 -0.56    
0.12 -0.596667    
0.15 -0.62    
0.1875 -0.65    
0.22 -0.67    
0.2425 -0.68    
0.27 -0.676667    
0.3025 -0.646667    
0.3175 -0.63    
0.345 -0.583333    
0.3575 -0.553333    
0.3625 -0.526667    
0.3675 -0.496667    
0.3725 -0.46    
0.37 -0.413333    
0.3675 -0.396667    
0.3575 -0.353333    
0.35 -0.34    
0.335 -0.31    
0.3175 -0.28    
0.3025 -0.26    
0.28 -0.223333    
0.2675 -0.206667    
0.2525 -0.19    
0.235 -0.17    
0.2275 -0.163333    
0.2125 -0.15    
0.1925 -0.136667    
0.175 -0.126667    
0.1525 -0.12    
0.135 -0.116667    
0.115 -0.116667    
0.0975 -0.116667    
0.075 -0.116667    
0.06 -0.113333    
0.0475 -0.113333    
0.04 -0.113333    
0.0325 -0.116667    
0.02 -0.12    
0.01 -0.123333    
0.0025 -0.126667    
-0.005 -0.136667    
-0.0125 -0.143333    
-0.02 -0.153333    
-0.025 -0.16    
-0.035 -0.173333    
-0.0425 -0.18    
-0.0525 -0.19    
-0.0675 -0.21    
-0.08 -0.226667    
-0.085 -0.233333    
-0.0925 -0.25    
-0.0975 -0.266667    
-0.1 -0.27    
-0.1 -0.276667    
-0.1025 -0.28    
-0.1025 -0.283333    
-0.1 -0.286667    
-0.0975 -0.286667    
-0.095 -0.29    
-0.0925 -0.29    
-0.09 -0.286667    
-0.085 -0.286667    
-0.08 -0.286667    
-0.075 -0.283333    
-0.07 -0.28    
-0.065 -0.276667    
-0.0625 -0.273333    
-0.055 -0.27    
-0.05 -0.27    
-0.045 -0.27    
-0.04 -0.273333    
-0.0325 -0.273333    
