54
-0.0075 0.693333    
-0.005 0.693333    
-0.0025 0.693333    
-0.0025 0.69    
0 0.69    
0.0025 0.686667    
0.005 0.683333    
0.005 0.673333    
0.005 0.656667    
0 0.633333    
-0.0075 0.616667    
-0.0175 0.59    
-0.0375 0.556667    
-0.06 0.526667    
-0.0825 0.5    
-0.1225 0.463333    
-0.1375 0.446667    
-0.165 0.406667    
-0.19 0.363333    
-0.205 0.33    
-0.2325 0.27    
-0.2425 0.246667    
-0.26 0.186667    
-0.2725 0.116667    
-0.28 0.0666667    
-0.285 -0.0266667    
-0.28 -0.0766667    
-0.27 -0.123333    
-0.24 -0.173333    
-0.2125 -0.2    
-0.1625 -0.22    
-0.09 -0.226667    
-0.06 -0.223333    
0.0125 -0.206667    
0.0375 -0.196667    
0.0725 -0.173333    
0.105 -0.136667    
0.1225 -0.0966667    
0.1275 -0.0766667    
0.125 -0.0466667    
0.1075 -0.00333333    
0.0925 0.0166667    
0.0575 0.05    
0.015 0.0666667    
-0.0225 0.07    
-0.0575 0.0666667    
-0.105 0.06    
-0.15 0.0566667    
-0.18 0.0533333    
-0.2125 0.04    
-0.2375 0.0233333    
-0.245 0.0133333    
-0.2525 -0.00333333    
-0.2525 -0.0166667    
