45
-0.055 0.463333    
-0.0675 0.46    
-0.0825 0.453333    
-0.095 0.446667    
-0.105 0.436667    
-0.1225 0.423333    
-0.1425 0.406667    
-0.1625 0.383333    
-0.1825 0.356667    
-0.205 0.323333    
-0.2225 0.293333    
-0.255 0.213333    
-0.28 0.146667    
-0.3025 0.05    
-0.315 -0.0466667    
-0.3125 -0.12    
-0.3025 -0.22    
-0.2825 -0.306667    
-0.265 -0.36    
-0.235 -0.41    
-0.21 -0.433333    
-0.1725 -0.453333    
-0.13 -0.456667    
-0.0975 -0.45    
-0.055 -0.423333    
-0.0275 -0.393333    
0 -0.34    
0.015 -0.283333    
0.02 -0.24    
0.015 -0.186667    
0.0025 -0.15    
-0.0225 -0.113333    
-0.0475 -0.0933333    
-0.0875 -0.08    
-0.1275 -0.0766667    
-0.175 -0.0866667    
-0.205 -0.1    
-0.23 -0.116667    
-0.2575 -0.136667    
-0.2825 -0.156667    
-0.2975 -0.166667    
-0.315 -0.176667    
-0.32 -0.183333    
-0.3225 -0.183333    
-0.3225 -0.183333    
