27
-0.3675 0.656667    
-0.365 0.666667    
-0.3425 0.69    
-0.3175 0.703333    
-0.23 0.726667    
-0.1675 0.733333    
-0.0975 0.736667    
0.0375 0.723333    
0.1325 0.666667    
0.1525 0.616667    
0.1525 0.55    
0.14 0.466667    
0.0925 0.263333    
0.0675 0.153333    
0.0475 0.0433333    
0.0325 -0.143333    
0.0325 -0.143333    
0.0325 -0.143333    
0.035 -0.28    
0.0375 -0.33    
0.04 -0.393333    
0.0375 -0.413333    
0.0325 -0.426667    
0.02 -0.43    
0.015 -0.43    
0.0075 -0.43    
0 -0.43    
