28
-0.605 0.506667    
-0.61 0.53    
-0.6025 0.553333    
-0.5625 0.58    
-0.4975 0.603333    
-0.4225 0.603333    
-0.295 0.596667    
-0.1575 0.57    
0.0025 0.523333    
0.09 0.47    
0.12 0.39    
0.11 0.316667    
0.0725 0.19    
0.0325 0.09    
-0.02 -0.0433333    
-0.05 -0.133333    
-0.0775 -0.25    
-0.0875 -0.34    
-0.0825 -0.473333    
-0.07 -0.57    
-0.0575 -0.656667    
-0.04 -0.75    
-0.03 -0.8    
-0.03 -0.816667    
-0.03 -0.82    
-0.035 -0.81    
-0.04 -0.79    
-0.0425 -0.776667    
