32
-0.3075 0.526667    
-0.31 0.526667    
-0.315 0.53    
-0.3175 0.53    
-0.32 0.53    
-0.32 0.53    
-0.315 0.53    
-0.2825 0.533333    
-0.2075 0.543333    
-0.1575 0.546667    
-0.1075 0.55    
-0.025 0.546667    
0.0025 0.546667    
0.02 0.543333    
0.045 0.543333    
0.055 0.543333    
0.0625 0.546667    
0.0725 0.543333    
0.0675 0.523333    
0.0675 0.523333    
0.0675 0.523333    
0.045 0.466667    
0 0.323333    
-0.0175 0.24    
-0.035 0.153333    
-0.0375 0.0566667    
-0.0375 0.0133333    
-0.04 -0.07    
-0.0425 -0.11    
-0.045 -0.143333    
-0.0475 -0.173333    
-0.0525 -0.22    
