70
0.03 0.446667    
0.0225 0.453333    
0.0175 0.46    
0.0075 0.47    
0.0025 0.476667    
-0.015 0.493333    
-0.025 0.5    
-0.0375 0.51    
-0.065 0.523333    
-0.0775 0.53    
-0.1025 0.536667    
-0.115 0.543333    
-0.125 0.55    
-0.135 0.556667    
-0.15 0.573333    
-0.155 0.576667    
-0.1525 0.583333    
-0.1425 0.58    
-0.0975 0.566667    
-0.0625 0.556667    
-0.0225 0.546667    
0.075 0.526667    
0.13 0.523333    
0.185 0.513333    
0.2925 0.5    
0.34 0.49    
0.3825 0.48    
0.4475 0.46    
0.4725 0.446667    
0.4725 0.446667    
0.495 0.426667    
0.5075 0.403333    
0.515 0.373333    
0.51 0.3    
0.495 0.26    
0.45 0.163333    
0.4275 0.116667    
0.3875 0.0333333    
0.3725 -0.00333333    
0.36 -0.0366667    
0.3475 -0.0733333    
0.32 -0.156667    
0.285 -0.256667    
0.265 -0.313333    
0.245 -0.37    
0.225 -0.423333    
0.1925 -0.526667    
0.18 -0.576667    
0.155 -0.67    
0.1425 -0.706667    
0.135 -0.736667    
0.1275 -0.776667    
0.1275 -0.79    
0.13 -0.8    
0.13 -0.793333    
0.13 -0.78    
0.13 -0.76    
0.1325 -0.706667    
0.135 -0.68    
0.1425 -0.633333    
0.145 -0.616667    
0.1475 -0.606667    
0.1525 -0.59    
0.155 -0.583333    
0.1625 -0.563333    
0.1675 -0.553333    
0.175 -0.523333    
0.1775 -0.513333    
0.18 -0.506667    
0.185 -0.496667    
