30
-0.195 0.453333    
-0.195 0.456667    
-0.1975 0.46    
-0.18 0.476667    
-0.1375 0.496667    
-0.105 0.513333    
-0.07 0.526667    
-0.0375 0.54    
0.015 0.566667    
0.0275 0.573333    
0.0325 0.573333    
0.0175 0.5    
0 0.413333    
-0.02 0.303333    
-0.05 0.0566667    
-0.0625 -0.133333    
-0.06 -0.2    
-0.055 -0.25    
-0.05 -0.28    
-0.0325 -0.296667    
-0.0175 -0.286667    
-0.0175 -0.286667    
-0.01 -0.27    
-0.01 -0.26    
-0.01 -0.253333    
-0.0125 -0.25    
-0.0125 -0.246667    
-0.015 -0.243333    
-0.015 -0.24    
-0.015 -0.243333    
