58
-0.0975 0.596667    
-0.1025 0.6    
-0.1075 0.61    
-0.11 0.623333    
-0.1125 0.626667    
-0.1125 0.63    
-0.1175 0.636667    
-0.1175 0.64    
-0.1175 0.64    
-0.1125 0.643333    
-0.1025 0.646667    
-0.085 0.65    
-0.06 0.653333    
0.0075 0.666667    
0.0875 0.666667    
0.0875 0.666667    
0.16 0.666667    
0.195 0.666667    
0.255 0.676667    
0.2825 0.68    
0.3225 0.68    
0.3375 0.68    
0.35 0.68    
0.3575 0.676667    
0.3675 0.67    
0.3725 0.66    
0.3725 0.65    
0.3725 0.65    
0.37 0.633333    
0.3675 0.616667    
0.3625 0.593333    
0.3575 0.563333    
0.345 0.486667    
0.3375 0.436667    
0.32 0.316667    
0.3125 0.246667    
0.305 0.173333    
0.285 0    
0.2775 -0.0833333    
0.2675 -0.233333    
0.2675 -0.293333    
0.265 -0.363333    
0.2625 -0.443333    
0.2625 -0.62    
0.26 -0.77    
0.2575 -0.826667    
0.255 -0.87    
0.2525 -0.896667    
0.25 -0.933333    
0.2525 -0.946667    
0.255 -0.953333    
0.2575 -0.956667    
0.2575 -0.96    
0.2625 -0.966667    
0.2625 -0.97    
0.265 -0.97    
0.265 -0.973333    
0.2675 -0.973333    
