30
-0.2025 0.396667    
-0.2075 0.393333    
-0.2075 0.39    
-0.2125 0.386667    
-0.2125 0.386667    
-0.2125 0.383333    
-0.21 0.386667    
-0.195 0.383333    
-0.1825 0.383333    
-0.1675 0.38    
-0.1475 0.38    
-0.1 0.373333    
-0.0725 0.37    
-0.0475 0.366667    
0.0025 0.356667    
0.02 0.35    
0.05 0.333333    
0.0575 0.326667    
0.065 0.31    
0.0625 0.233333    
0.0525 0.156667    
0.0375 0.0566667    
-0.0025 -0.203333    
-0.02 -0.336667    
-0.0325 -0.463333    
-0.0425 -0.65    
-0.0425 -0.71    
-0.0425 -0.776667    
-0.0425 -0.793333    
-0.0425 -0.803333    
