56
-0.3975 0.446667    
-0.3975 0.45    
-0.3975 0.45    
-0.3925 0.453333    
-0.39 0.46    
-0.3875 0.466667    
-0.3875 0.473333    
-0.39 0.486667    
-0.39 0.49    
-0.39 0.49    
-0.3675 0.486667    
-0.3425 0.483333    
-0.2875 0.483333    
-0.2525 0.483333    
-0.175 0.486667    
-0.0725 0.486667    
-0.03 0.483333    
0.0425 0.476667    
0.1125 0.466667    
0.17 0.456667    
0.1975 0.45    
0.25 0.433333    
0.295 0.403333    
0.3125 0.38    
0.3225 0.353333    
0.3225 0.306667    
0.3175 0.273333    
0.305 0.24    
0.2875 0.2    
0.255 0.11    
0.2475 0.0866667    
0.225 0.01    
0.2025 -0.0733333    
0.1675 -0.243333    
0.1575 -0.293333    
0.1425 -0.35    
0.125 -0.416667    
0.1175 -0.436667    
0.11 -0.45    
0.1025 -0.46    
0.0975 -0.46    
0.0825 -0.456667    
0.0575 -0.45    
0.035 -0.45    
0.0125 -0.453333    
-0.01 -0.463333    
-0.04 -0.483333    
-0.065 -0.513333    
-0.0725 -0.526667    
-0.085 -0.546667    
-0.0925 -0.56    
-0.0925 -0.563333    
-0.0975 -0.563333    
-0.1 -0.556667    
-0.105 -0.543333    
-0.11 -0.53    
