47
-0.445 0.773333    
-0.4475 0.766667    
-0.4525 0.756667    
-0.455 0.756667    
-0.455 0.753333    
-0.455 0.746667    
-0.4475 0.74    
-0.4425 0.74    
-0.4325 0.736667    
-0.42 0.74    
-0.4175 0.74    
-0.4125 0.74    
-0.41 0.736667    
-0.405 0.736667    
-0.4 0.733333    
-0.3925 0.733333    
-0.3775 0.733333    
-0.3475 0.736667    
-0.3 0.736667    
-0.25 0.733333    
-0.1775 0.72    
-0.1125 0.706667    
0 0.686667    
0.085 0.676667    
0.1475 0.666667    
0.2 0.66    
0.2575 0.653333    
0.28 0.65    
0.305 0.646667    
0.32 0.64    
0.3175 0.62    
0.3 0.586667    
0.275 0.536667    
0.2375 0.446667    
0.185 0.286667    
0.1625 0.21    
0.125 0.05    
0.1 -0.0733333    
0.0675 -0.243333    
0.0475 -0.36    
0.025 -0.51    
0.0125 -0.61    
0 -0.723333    
-0.0075 -0.816667    
-0.01 -0.873333    
-0.015 -0.933333    
-0.02 -0.993333    
