71
-0.19 0.396667    
-0.1825 0.396667    
-0.18 0.396667    
-0.175 0.396667    
-0.17 0.396667    
-0.1625 0.39    
-0.1525 0.386667    
-0.145 0.383333    
-0.135 0.38    
-0.1325 0.38    
-0.125 0.38    
-0.12 0.386667    
-0.115 0.39    
-0.1125 0.396667    
-0.115 0.41    
-0.1175 0.42    
-0.12 0.426667    
-0.125 0.433333    
-0.13 0.446667    
-0.1325 0.456667    
-0.135 0.466667    
-0.14 0.48    
-0.145 0.486667    
-0.15 0.493333    
-0.1525 0.496667    
-0.145 0.496667    
-0.115 0.496667    
-0.075 0.503333    
-0.0025 0.516667    
0.0575 0.53    
0.1475 0.56    
0.1975 0.573333    
0.2225 0.576667    
0.2425 0.576667    
0.26 0.57    
0.27 0.566667    
0.2775 0.56    
0.275 0.54    
0.265 0.513333    
0.23 0.436667    
0.2125 0.396667    
0.1775 0.29    
0.15 0.2    
0.115 0.0766667    
0.1 0.0166667    
0.0825 -0.07    
0.065 -0.16    
0.055 -0.22    
0.0525 -0.253333    
0.0525 -0.28    
0.0525 -0.293333    
0.05 -0.306667    
0.05 -0.31    
0.0475 -0.306667    
0.0425 -0.306667    
0.03 -0.293333    
0.0175 -0.276667    
0.0025 -0.26    
-0.0125 -0.243333    
-0.035 -0.206667    
-0.0475 -0.19    
-0.0575 -0.173333    
-0.0625 -0.163333    
-0.0675 -0.153333    
-0.0725 -0.143333    
-0.075 -0.14    
-0.08 -0.136667    
-0.0875 -0.13    
-0.0925 -0.13    
-0.1 -0.126667    
-0.1075 -0.123333    
