38
-0.26 0.586667    
-0.245 0.58    
-0.21 0.57    
-0.1575 0.556667    
-0.1075 0.546667    
-0.055 0.536667    
0.03 0.526667    
0.075 0.526667    
0.125 0.526667    
0.1675 0.53    
0.19 0.53    
0.2125 0.526667    
0.2225 0.523333    
0.2275 0.516667    
0.2325 0.506667    
0.2325 0.5    
0.2325 0.486667    
0.23 0.46    
0.225 0.416667    
0.22 0.373333    
0.215 0.286667    
0.21 0.203333    
0.205 0.0766667    
0.2025 -0.05    
0.205 -0.143333    
0.2075 -0.23    
0.21 -0.326667    
0.215 -0.413333    
0.22 -0.49    
0.225 -0.533333    
0.23 -0.586667    
0.2375 -0.63    
0.2425 -0.656667    
0.245 -0.683333    
0.2525 -0.716667    
0.255 -0.73    
0.26 -0.746667    
0.2625 -0.753333    
