53
-0.305 0.363333    
-0.3 0.363333    
-0.295 0.37    
-0.2875 0.373333    
-0.27 0.376667    
-0.2225 0.386667    
-0.1675 0.396667    
-0.1325 0.406667    
-0.0625 0.423333    
-0.005 0.443333    
0.0675 0.466667    
0.1175 0.483333    
0.19 0.5    
0.24 0.51    
0.26 0.51    
0.305 0.513333    
0.33 0.513333    
0.34 0.513333    
0.3475 0.513333    
0.355 0.506667    
0.3575 0.493333    
0.35 0.456667    
0.34 0.423333    
0.32 0.373333    
0.305 0.346667    
0.27 0.28    
0.215 0.166667    
0.18 0.0833333    
0.1425 0    
0.1125 -0.09    
0.065 -0.233333    
0.0375 -0.32    
0.0125 -0.406667    
-0.0225 -0.54    
-0.04 -0.603333    
-0.0525 -0.653333    
-0.06 -0.693333    
-0.0675 -0.733333    
-0.0725 -0.763333    
-0.0725 -0.78    
-0.07 -0.793333    
-0.0675 -0.796667    
-0.06 -0.793333    
-0.0525 -0.783333    
-0.045 -0.776667    
-0.035 -0.763333    
-0.02 -0.746667    
-0.01 -0.736667    
0.0025 -0.73    
0.0075 -0.73    
0.0225 -0.726667    
0.0275 -0.726667    
0.0325 -0.726667    
