38
-0.255 0.533333    
-0.2525 0.53    
-0.25 0.526667    
-0.2475 0.523333    
-0.2475 0.523333    
-0.2475 0.523333    
-0.245 0.523333    
-0.24 0.523333    
-0.2225 0.526667    
-0.1875 0.53    
-0.1475 0.536667    
-0.0825 0.543333    
-0.015 0.556667    
0.0475 0.58    
0.085 0.6    
0.1175 0.616667    
0.1475 0.63    
0.165 0.633333    
0.1725 0.626667    
0.17 0.606667    
0.16 0.57    
0.1475 0.53    
0.13 0.48    
0.09 0.363333    
0.06 0.273333    
0.0275 0.18    
-0.0225 0.00333333    
-0.045 -0.0966667    
-0.0625 -0.183333    
-0.0725 -0.26    
-0.0775 -0.31    
-0.075 -0.346667    
-0.07 -0.346667    
-0.0575 -0.326667    
-0.045 -0.293333    
-0.0325 -0.256667    
-0.0275 -0.236667    
-0.025 -0.216667    
