38
-0.26 0.49    
-0.2625 0.493333    
-0.265 0.496667    
-0.265 0.493333    
-0.265 0.49    
-0.265 0.49    
-0.265 0.486667    
-0.26 0.483333    
-0.255 0.48    
-0.2475 0.48    
-0.22 0.483333    
-0.195 0.486667    
-0.165 0.49    
-0.1175 0.496667    
-0.0775 0.503333    
-0.025 0.506667    
0.03 0.51    
0.0675 0.51    
0.11 0.51    
0.1425 0.503333    
0.1575 0.5    
0.165 0.486667    
0.165 0.47    
0.1525 0.433333    
0.13 0.373333    
0.1125 0.31    
0.09 0.23    
0.0675 0.106667    
0.045 -0.0466667    
0.0325 -0.163333    
0.015 -0.313333    
0.01 -0.38    
-0.0025 -0.463333    
-0.02 -0.536667    
-0.03 -0.57    
-0.045 -0.593333    
-0.0575 -0.603333    
-0.0675 -0.606667    
