39
-0.23 0.426667    
-0.2125 0.413333    
-0.1925 0.39    
-0.1625 0.353333    
-0.0925 0.236667    
-0.055 0.156667    
-0.0175 0.0633333    
0.03 -0.133333    
0.04 -0.23    
0.015 -0.396667    
-0.02 -0.46    
-0.0625 -0.506667    
-0.1575 -0.55    
-0.2075 -0.543333    
-0.2525 -0.523333    
-0.3125 -0.426667    
-0.3225 -0.363333    
-0.3175 -0.293333    
-0.2575 -0.15    
-0.205 -0.08    
-0.0775 0.0466667    
-0.0125 0.103333    
0.0475 0.156667    
0.1325 0.25    
0.1525 0.293333    
0.155 0.376667    
0.1375 0.413333    
0.11 0.446667    
0.0775 0.473333    
0.0025 0.506667    
-0.0375 0.51    
-0.105 0.496667    
-0.1325 0.48    
-0.1575 0.463333    
-0.2025 0.42    
-0.22 0.4    
-0.2475 0.366667    
-0.255 0.353333    
-0.265 0.333333    
