43
-0.27 0.57    
-0.235 0.563333    
-0.18 0.546667    
-0.1275 0.523333    
-0.0725 0.493333    
-0.01 0.446667    
0.0175 0.4    
0.025 0.33    
0.0025 0.213333    
-0.0325 0.116667    
-0.095 -0.0166667    
-0.1575 -0.13    
-0.1925 -0.2    
-0.2275 -0.286667    
-0.2325 -0.346667    
-0.22 -0.4    
-0.18 -0.45    
-0.1125 -0.463333    
-0.0575 -0.443333    
0.0175 -0.386667    
0.0625 -0.33    
0.095 -0.26    
0.11 -0.16    
0.09 -0.0766667    
0.05 0    
0.0125 0.05    
-0.055 0.11    
-0.1375 0.176667    
-0.18 0.22    
-0.205 0.28    
-0.1875 0.353333    
-0.1575 0.41    
-0.1075 0.48    
-0.0675 0.53    
-0.0325 0.576667    
-0.0075 0.616667    
0.015 0.656667    
0.025 0.686667    
0.03 0.7    
0.03 0.71    
0.03 0.716667    
0.03 0.72    
0.025 0.72    
