49
0.0225 0.46    
0.0225 0.46    
0.0275 0.456667    
0.0275 0.46    
0.03 0.46    
0.035 0.463333    
0.0375 0.47    
0.04 0.48    
0.0425 0.523333    
0.04 0.556667    
0.0175 0.626667    
-0.0075 0.656667    
-0.04 0.673333    
-0.12 0.673333    
-0.1625 0.66    
-0.2375 0.596667    
-0.2625 0.55    
-0.275 0.5    
-0.25 0.39    
-0.2125 0.333333    
-0.1675 0.283333    
-0.055 0.193333    
-0.0025 0.156667    
0.0425 0.126667    
0.1025 0.07    
0.1125 0.04    
0.1075 -0.03    
0.0925 -0.07    
0.0425 -0.133333    
0.0425 -0.133333    
-0.025 -0.16    
-0.065 -0.15    
-0.15 -0.0933333    
-0.1875 -0.0566667    
-0.2175 -0.02    
-0.2425 0.05    
-0.22 0.13    
-0.1925 0.17    
-0.16 0.213333    
-0.08 0.283333    
-0.04 0.31    
-0.04 0.31    
0.0025 0.34    
0.0375 0.363333    
0.0675 0.386667    
0.0875 0.406667    
0.1075 0.446667    
0.11 0.476667    
0.11 0.49    
