69
-0.31 0.416667    
-0.31 0.416667    
-0.31 0.416667    
-0.31 0.42    
-0.3075 0.423333    
-0.29 0.443333    
-0.265 0.456667    
-0.185 0.493333    
-0.13 0.513333    
-0.065 0.533333    
0 0.56    
0.1225 0.586667    
0.175 0.586667    
0.2175 0.573333    
0.2775 0.506667    
0.2925 0.466667    
0.2975 0.42    
0.2725 0.313333    
0.1975 0.186667    
0.15 0.12    
0.1 0.05    
0.0475 -0.0233333    
-0.04 -0.173333    
-0.07 -0.246667    
-0.0925 -0.313333    
-0.115 -0.446667    
-0.1075 -0.573333    
-0.0925 -0.64    
-0.07 -0.7    
0.005 -0.793333    
0.0425 -0.816667    
0.085 -0.826667    
0.1225 -0.83    
0.1925 -0.813333    
0.26 -0.773333    
0.2875 -0.746667    
0.31 -0.71    
0.325 -0.67    
0.335 -0.563333    
0.3325 -0.503333    
0.3275 -0.44    
0.2925 -0.323333    
0.27 -0.276667    
0.24 -0.236667    
0.1775 -0.176667    
0.14 -0.156667    
0.0625 -0.116667    
0.025 -0.1    
-0.05 -0.0533333    
-0.085 -0.0333333    
-0.15 0.01    
-0.1775 0.0266667    
-0.2 0.04    
-0.2175 0.06    
-0.2325 0.0766667    
-0.2475 0.12    
-0.245 0.15    
-0.2325 0.21    
-0.215 0.26    
-0.2125 0.263333    
-0.19 0.296667    
-0.1775 0.31    
-0.16 0.323333    
-0.1525 0.326667    
-0.145 0.326667    
-0.1325 0.32    
-0.1275 0.32    
-0.125 0.32    
-0.12 0.333333    
