53
0.0525 0.296667    
0.08 0.31    
0.11 0.336667    
0.11 0.336667    
0.1025 0.33    
0.0825 0.316667    
0.0525 0.283333    
-0.0325 0.17    
-0.07 0.1    
-0.12 -0.0466667    
-0.1225 -0.11    
-0.11 -0.166667    
-0.0325 -0.246667    
0.0225 -0.27    
0.08 -0.276667    
0.1875 -0.26    
0.225 -0.24    
0.2525 -0.213333    
0.2725 -0.153333    
0.27 -0.12    
0.2325 -0.0433333    
0.1975 -0.00666667    
0.1575 0.0266667    
0.115 0.0633333    
0.0275 0.13    
-0.0075 0.163333    
-0.0625 0.24    
-0.0775 0.276667    
-0.0875 0.346667    
-0.08 0.376667    
-0.055 0.423333    
-0.055 0.423333    
-0.025 0.456667    
-0.0025 0.47    
0.005 0.473333    
0.015 0.476667    
0.03 0.486667    
0.04 0.49    
0.0475 0.493333    
0.065 0.503333    
0.0725 0.506667    
0.0825 0.503333    
0.0825 0.5    
0.0825 0.493333    
0.0775 0.486667    
0.07 0.47    
0.065 0.463333    
0.06 0.46    
0.055 0.456667    
0.05 0.456667    
0.05 0.456667    
0.0475 0.463333    
0.0475 0.473333    
