138
0.0825 0.51    
0.085 0.513333    
0.0875 0.516667    
0.09 0.516667    
0.09 0.516667    
0.0925 0.516667    
0.0925 0.516667    
0.0925 0.516667    
0.0875 0.526667    
0.0825 0.533333    
0.0775 0.54    
0.0625 0.553333    
0.0525 0.56    
0.0425 0.563333    
0.0175 0.57    
0.0025 0.57    
-0.015 0.566667    
-0.045 0.556667    
-0.06 0.55    
-0.06 0.55    
-0.0775 0.536667    
-0.09 0.526667    
-0.12 0.503333    
-0.1325 0.49    
-0.1425 0.48    
-0.165 0.453333    
-0.175 0.44    
-0.19 0.41    
-0.1975 0.39    
-0.205 0.35    
-0.205 0.35    
-0.205 0.296667    
-0.1925 0.246667    
-0.1825 0.223333    
-0.17 0.203333    
-0.155 0.183333    
-0.1225 0.156667    
-0.1 0.146667    
-0.05 0.123333    
-0.0225 0.11    
0.0075 0.0966667    
0.0675 0.0566667    
0.095 0.0333333    
0.145 -0.01    
0.1625 -0.03    
0.1775 -0.0466667    
0.1875 -0.0633333    
0.205 -0.103333    
0.215 -0.13    
0.2275 -0.19    
0.2325 -0.26    
0.2325 -0.26    
0.2225 -0.326667    
0.2 -0.386667    
0.2 -0.386667    
0.1625 -0.436667    
0.145 -0.46    
0.1025 -0.493333    
0.0825 -0.503333    
0.0625 -0.513333    
0.0275 -0.52    
0.01 -0.52    
-0.0225 -0.513333    
-0.0375 -0.51    
-0.055 -0.5    
-0.085 -0.486667    
-0.0975 -0.476667    
-0.11 -0.466667    
-0.13 -0.45    
-0.1375 -0.44    
-0.145 -0.426667    
-0.1575 -0.396667    
-0.1625 -0.376667    
-0.1675 -0.356667    
-0.175 -0.32    
-0.1775 -0.3    
-0.18 -0.283333    
-0.1825 -0.243333    
-0.18 -0.203333    
-0.175 -0.18    
-0.17 -0.16    
-0.1575 -0.116667    
-0.15 -0.0966667    
-0.14 -0.0766667    
-0.115 -0.0266667    
-0.105 -0.00666667    
-0.0925 0.0133333    
-0.075 0.04    
-0.055 0.0666667    
-0.0475 0.08    
-0.0375 0.09    
-0.0275 0.106667    
-0.005 0.136667    
0.01 0.153333    
0.0375 0.186667    
0.05 0.196667    
0.0625 0.206667    
0.0725 0.213333    
0.0875 0.226667    
0.0975 0.236667    
0.0975 0.236667    
0.1025 0.246667    
0.1075 0.26    
0.11 0.266667    
0.1125 0.273333    
0.1175 0.286667    
0.12 0.293333    
0.12 0.303333    
0.1225 0.323333    
0.1225 0.336667    
0.12 0.346667    
0.12 0.356667    
0.12 0.356667    
0.115 0.38    
0.115 0.393333    
0.1125 0.403333    
0.1125 0.413333    
0.11 0.426667    
0.105 0.436667    
0.105 0.44    
0.105 0.446667    
0.105 0.446667    
0.105 0.453333    
0.105 0.453333    
0.105 0.453333    
0.105 0.456667    
0.105 0.456667    
0.105 0.456667    
0.105 0.456667    
0.105 0.456667    
0.105 0.456667    
0.105 0.456667    
0.105 0.456667    
0.1075 0.456667    
0.1075 0.456667    
0.1075 0.456667    
0.1075 0.456667    
0.1075 0.46    
