45
-0.105 0.343333    
-0.11 0.37    
-0.115 0.413333    
-0.115 0.43    
-0.1125 0.456667    
-0.0975 0.483333    
-0.085 0.5    
-0.0675 0.513333    
-0.02 0.53    
0.01 0.526667    
0.035 0.51    
0.075 0.45    
0.085 0.41    
0.0875 0.36    
0.07 0.25    
0.025 0.13    
0.025 0.13    
0.025 0.13    
-0.015 0.0433333    
-0.09 -0.123333    
-0.12 -0.206667    
-0.14 -0.293333    
-0.1325 -0.426667    
-0.1125 -0.49    
-0.055 -0.586667    
-0.02 -0.613333    
0.015 -0.626667    
0.0525 -0.62    
0.115 -0.563333    
0.145 -0.456667    
0.1475 -0.386667    
0.1375 -0.31    
0.12 -0.233333    
0.06 -0.0866667    
-0.015 0.02    
-0.05 0.0566667    
-0.0825 0.08    
-0.11 0.1    
-0.15 0.12    
-0.165 0.13    
-0.1725 0.136667    
-0.1775 0.156667    
-0.175 0.17    
-0.1575 0.2    
-0.1475 0.22    
