75
-0.2925 0.59    
-0.295 0.59    
-0.3 0.58    
-0.3025 0.57    
-0.3 0.56    
-0.295 0.55    
-0.2925 0.536667    
-0.29 0.533333    
-0.2875 0.54    
-0.28 0.56    
-0.27 0.576667    
-0.255 0.596667    
-0.225 0.616667    
-0.1825 0.64    
-0.145 0.653333    
-0.09 0.67    
-0.05 0.676667    
0.0075 0.673333    
0.0375 0.66    
0.065 0.64    
0.0975 0.603333    
0.1175 0.566667    
0.135 0.493333    
0.125 0.42    
0.11 0.383333    
0.07 0.31    
0.0275 0.253333    
-0.03 0.19    
-0.0775 0.143333    
-0.1425 0.0866667    
-0.1875 0.05    
-0.205 0.0333333    
-0.2275 0    
-0.235 -0.0333333    
-0.22 -0.0966667    
-0.1925 -0.143333    
-0.18 -0.156667    
-0.11 -0.226667    
-0.0225 -0.29    
0.0525 -0.323333    
0.15 -0.353333    
0.205 -0.35    
0.2725 -0.31    
0.29 -0.266667    
0.2925 -0.19    
0.2675 -0.11    
0.2375 -0.0466667    
0.185 0.03    
0.1525 0.0666667    
0.0825 0.13    
-0.01 0.193333    
-0.0675 0.223333    
-0.1225 0.246667    
-0.1775 0.263333    
-0.2475 0.286667    
-0.305 0.31    
-0.3425 0.33    
-0.385 0.363333    
-0.395 0.376667    
-0.41 0.4    
-0.4225 0.423333    
-0.4275 0.436667    
-0.435 0.453333    
-0.44 0.463333    
-0.4425 0.47    
-0.445 0.48    
-0.445 0.486667    
-0.445 0.51    
-0.4475 0.52    
-0.4525 0.546667    
-0.4625 0.57    
-0.4675 0.58    
-0.475 0.593333    
-0.4825 0.603333    
-0.49 0.613333    
