77
0.125 0.45    
0.14 0.45    
0.1575 0.453333    
0.175 0.46    
0.1975 0.476667    
0.2175 0.513333    
0.22 0.53    
0.21 0.576667    
0.19 0.613333    
0.15 0.65    
0.095 0.663333    
0.0525 0.656667    
-0.0075 0.62    
-0.0525 0.58    
-0.105 0.51    
-0.1375 0.45    
-0.1725 0.373333    
-0.1925 0.316667    
-0.21 0.246667    
-0.2125 0.156667    
-0.2075 0.123333    
-0.18 0.0566667    
-0.1175 -0.0166667    
-0.085 -0.0433333    
-0.0125 -0.09    
0.0625 -0.14    
0.1325 -0.196667    
0.165 -0.226667    
0.2025 -0.276667    
0.2375 -0.353333    
0.2475 -0.393333    
0.2525 -0.476667    
0.235 -0.576667    
0.2125 -0.63    
0.185 -0.676667    
0.15 -0.72    
0.08 -0.78    
0.04 -0.806667    
0 -0.82    
-0.0375 -0.826667    
-0.085 -0.823333    
-0.1425 -0.806667    
-0.1875 -0.78    
-0.2175 -0.75    
-0.245 -0.713333    
-0.27 -0.67    
-0.2975 -0.593333    
-0.31 -0.526667    
-0.3125 -0.49    
-0.31 -0.436667    
-0.29 -0.323333    
-0.2775 -0.29    
-0.245 -0.23    
-0.215 -0.19    
-0.1725 -0.146667    
-0.135 -0.116667    
-0.085 -0.0766667    
-0.025 -0.0233333    
-0.0025 -0.00333333    
0.035 0.04    
0.06 0.07    
0.0875 0.106667    
0.1075 0.136667    
0.12 0.156667    
0.145 0.196667    
0.17 0.233333    
0.1925 0.266667    
0.2125 0.286667    
0.2225 0.293333    
0.23 0.293333    
0.2425 0.293333    
0.25 0.29    
0.2525 0.286667    
0.2575 0.283333    
0.2575 0.28    
0.2575 0.273333    
0.2575 0.27    
