85
0.2025 0.633333    
0.2025 0.62    
0.2025 0.596667    
0.2025 0.596667    
0.2025 0.596667    
0.2 0.596667    
0.195 0.603333    
0.1825 0.61    
0.165 0.6    
0.1025 0.57    
0.0475 0.54    
-0.015 0.506667    
-0.08 0.473333    
-0.1525 0.426667    
-0.2 0.356667    
-0.205 0.33    
-0.1825 0.266667    
-0.1425 0.223333    
-0.0575 0.173333    
0.0175 0.136667    
0.1125 0.0733333    
0.1725 0.02    
0.225 -0.0666667    
0.245 -0.166667    
0.2375 -0.22    
0.21 -0.3    
0.1675 -0.373333    
0.085 -0.456667    
0.01 -0.5    
-0.0925 -0.51    
-0.195 -0.456667    
-0.255 -0.393333    
-0.305 -0.286667    
-0.3075 -0.16    
-0.275 -0.08    
-0.2075 0.0333333    
-0.1225 0.136667    
-0.0575 0.203333    
0.0025 0.26    
0.0725 0.35    
0.1225 0.436667    
0.1475 0.49    
0.165 0.546667    
0.165 0.556667    
0.15 0.546667    
0.1225 0.526667    
0.0825 0.51    
0.0425 0.503333    
-0.0275 0.493333    
-0.07 0.486667    
-0.11 0.476667    
-0.1475 0.466667    
-0.2075 0.473333    
-0.24 0.493333    
-0.27 0.513333    
-0.2825 0.53    
-0.2825 0.53    
-0.26 0.5    
-0.2325 0.473333    
-0.225 0.466667    
-0.2 0.45    
-0.175 0.436667    
-0.1325 0.43    
-0.1 0.43    
-0.0875 0.433333    
-0.0675 0.44    
-0.0425 0.45    
-0.0375 0.453333    
-0.0275 0.47    
-0.0175 0.483333    
-0.0025 0.503333    
0.0075 0.52    
0.02 0.536667    
0.03 0.546667    
0.0325 0.553333    
0.0375 0.56    
0.0425 0.566667    
0.05 0.59    
0.06 0.62    
0.07 0.64    
0.08 0.666667    
0.0875 0.69    
0.09 0.733333    
0.0875 0.773333    
0.0825 0.8    
