84
-0.0425 0.306667    
-0.0275 0.3    
-0.0175 0.293333    
0.03 0.286667    
0.0675 0.29    
0.1175 0.3    
0.15 0.32    
0.1875 0.353333    
0.21 0.38    
0.2375 0.43    
0.245 0.46    
0.2475 0.49    
0.2425 0.533333    
0.2325 0.563333    
0.2075 0.593333    
0.17 0.613333    
0.14 0.62    
0.0925 0.62    
0.0575 0.613333    
0.015 0.596667    
-0.02 0.573333    
-0.0425 0.55    
-0.0675 0.516667    
-0.085 0.48    
-0.095 0.456667    
-0.1 0.423333    
-0.0975 0.4    
-0.0875 0.366667    
-0.07 0.33    
-0.065 0.32    
-0.03 0.283333    
0 0.253333    
0.0425 0.21    
0.075 0.173333    
0.12 0.113333    
0.1425 0.0733333    
0.16 0.0366667    
0.175 0    
0.1875 -0.0633333    
0.19 -0.1    
0.1875 -0.146667    
0.18 -0.173333    
0.1675 -0.203333    
0.1525 -0.22    
0.12 -0.233333    
0.095 -0.24    
0.0625 -0.246667    
0.0375 -0.243333    
0.0125 -0.24    
-0.015 -0.226667    
-0.0375 -0.206667    
-0.0475 -0.19    
-0.0575 -0.17    
-0.065 -0.14    
-0.065 -0.113333    
-0.065 -0.09    
-0.0625 -0.0533333    
-0.06 -0.03    
-0.055 -0.00333333    
-0.05 0.02    
-0.045 0.0466667    
-0.04 0.0633333    
-0.035 0.0833333    
-0.03 0.106667    
-0.0225 0.126667    
-0.0175 0.143333    
-0.0075 0.16    
0.005 0.18    
0.0175 0.196667    
0.0275 0.206667    
0.035 0.213333    
0.0425 0.226667    
0.05 0.24    
0.055 0.25    
0.0625 0.266667    
0.07 0.276667    
0.075 0.29    
0.0825 0.3    
0.085 0.306667    
0.0875 0.313333    
0.09 0.32    
0.0925 0.326667    
0.0925 0.33    
0.0925 0.333333    
