89
0.195 0.533333    
0.2 0.54    
0.1925 0.546667    
0.18 0.553333    
0.1575 0.556667    
0.135 0.56    
0.1075 0.563333    
0.09 0.56    
0.065 0.546667    
0.0525 0.526667    
0.045 0.503333    
0.04 0.473333    
0.04 0.43    
0.0475 0.386667    
0.06 0.336667    
0.08 0.283333    
0.0925 0.253333    
0.135 0.176667    
0.175 0.116667    
0.2075 0.0666667    
0.2425 0.0166667    
0.275 -0.0333333    
0.3375 -0.136667    
0.355 -0.173333    
0.3875 -0.243333    
0.41 -0.32    
0.42 -0.376667    
0.4175 -0.43    
0.41 -0.49    
0.3875 -0.573333    
0.3675 -0.61    
0.345 -0.626667    
0.3275 -0.63    
0.28 -0.616667    
0.2625 -0.61    
0.225 -0.593333    
0.1975 -0.58    
0.16 -0.566667    
0.1225 -0.54    
0.1025 -0.516667    
0.08 -0.473333    
0.0725 -0.45    
0.0675 -0.373333    
0.0775 -0.31    
0.09 -0.276667    
0.1175 -0.21    
0.1425 -0.156667    
0.175 -0.0866667    
0.2 -0.03    
0.2275 0.03    
0.2575 0.11    
0.2725 0.156667    
0.285 0.2    
0.295 0.236667    
0.31 0.29    
0.315 0.313333    
0.3225 0.333333    
0.33 0.356667    
0.335 0.38    
0.335 0.396667    
0.3325 0.416667    
0.32 0.443333    
0.3175 0.453333    
0.305 0.466667    
0.2975 0.476667    
0.29 0.486667    
0.2775 0.496667    
0.2725 0.5    
0.265 0.5    
0.2475 0.503333    
0.24 0.503333    
0.23 0.503333    
0.2225 0.5    
0.215 0.496667    
0.2125 0.493333    
0.2075 0.49    
0.205 0.49    
0.1975 0.49    
0.19 0.49    
0.1775 0.49    
0.1675 0.49    
0.1525 0.493333    
0.135 0.496667    
0.1275 0.5    
0.1175 0.503333    
0.1125 0.503333    
0.105 0.506667    
0.1025 0.51    
0.1 0.513333    
