69
-0.335 0.483333    
-0.3325 0.48    
-0.3275 0.476667    
-0.325 0.473333    
-0.3225 0.473333    
-0.315 0.473333    
-0.305 0.483333    
-0.295 0.483333    
-0.2725 0.48    
-0.25 0.48    
-0.2225 0.48    
-0.19 0.48    
-0.1575 0.486667    
-0.1075 0.5    
-0.0875 0.5    
-0.055 0.483333    
-0.0325 0.463333    
-0.025 0.443333    
-0.0275 0.403333    
-0.045 0.363333    
-0.0675 0.33    
-0.1 0.293333    
-0.17 0.253333    
-0.205 0.233333    
-0.2475 0.203333    
-0.3 0.153333    
-0.3425 0.0933333    
-0.3675 0.04    
-0.3825 -0.03    
-0.38 -0.08    
-0.3575 -0.146667    
-0.2975 -0.22    
-0.265 -0.246667    
-0.1925 -0.276667    
-0.1025 -0.283333    
-0.0725 -0.28    
-0.0375 -0.263333    
-0.01 -0.22    
-0.015 -0.19    
-0.03 -0.16    
-0.0675 -0.11    
-0.1025 -0.0733333    
-0.1525 -0.0333333    
-0.1975 0.00666667    
-0.2325 0.0466667    
-0.2525 0.0733333    
-0.2575 0.0833333    
-0.275 0.126667    
-0.2825 0.17    
-0.2825 0.203333    
-0.28 0.246667    
-0.2725 0.286667    
-0.2675 0.32    
-0.2625 0.353333    
-0.2575 0.376667    
-0.255 0.393333    
-0.255 0.406667    
-0.2525 0.42    
-0.25 0.436667    
-0.2525 0.45    
-0.2525 0.47    
-0.255 0.49    
-0.255 0.49    
-0.2475 0.48    
-0.24 0.466667    
-0.23 0.45    
-0.22 0.436667    
-0.2175 0.433333    
-0.215 0.43    
