74
-0.065 0.41    
-0.0475 0.413333    
-0.035 0.413333    
-0.0175 0.41    
-0.005 0.41    
0.015 0.413333    
0.05 0.426667    
0.08 0.443333    
0.1325 0.48    
0.1575 0.503333    
0.1775 0.526667    
0.19 0.546667    
0.185 0.563333    
0.1575 0.576667    
0.125 0.576667    
0.0825 0.573333    
0.025 0.553333    
-0.015 0.533333    
-0.0625 0.506667    
-0.0925 0.48    
-0.105 0.46    
-0.115 0.436667    
-0.115 0.42    
-0.1025 0.393333    
-0.0875 0.373333    
-0.06 0.346667    
-0.015 0.316667    
0.0125 0.3    
0.0375 0.276667    
0.0625 0.24    
0.0775 0.213333    
0.09 0.173333    
0.0975 0.123333    
0.0975 0.0733333    
0.095 0.0166667    
0.0875 -0.0666667    
0.0675 -0.15    
0.0475 -0.203333    
0.01 -0.26    
-0.01 -0.286667    
-0.0475 -0.313333    
-0.11 -0.34    
-0.1425 -0.343333    
-0.17 -0.343333    
-0.195 -0.333333    
-0.2075 -0.316667    
-0.21 -0.3    
-0.2025 -0.27    
-0.1875 -0.233333    
-0.17 -0.2    
-0.1325 -0.133333    
-0.1075 -0.0933333    
-0.08 -0.05    
-0.0425 0.00666667    
-0.0175 0.05    
0.02 0.106667    
0.055 0.173333    
0.07 0.213333    
0.0825 0.253333    
0.095 0.303333    
0.1 0.35    
0.1025 0.383333    
0.1025 0.416667    
0.095 0.463333    
0.085 0.486667    
0.0725 0.51    
0.0575 0.523333    
0.0425 0.53    
0.02 0.533333    
0.0025 0.53    
-0.0125 0.526667    
-0.025 0.52    
-0.0325 0.516667    
-0.04 0.513333    
