51
0.11 0.613333    
0.1175 0.62    
0.1175 0.63    
0.1075 0.656667    
0.095 0.673333    
0.0725 0.693333    
0.045 0.706667    
-0.0275 0.736667    
-0.07 0.746667    
-0.115 0.753333    
-0.2075 0.746667    
-0.25 0.73    
-0.3175 0.663333    
-0.3375 0.613333    
-0.3475 0.493333    
-0.3325 0.43    
-0.305 0.373333    
-0.235 0.29    
-0.195 0.266667    
-0.1575 0.26    
-0.1225 0.263333    
-0.0725 0.31    
-0.0325 0.396667    
-0.0175 0.443333    
0 0.493333    
0.035 0.593333    
0.05 0.633333    
0.0625 0.666667    
0.0725 0.693333    
0.09 0.726667    
0.0975 0.716667    
0.0975 0.716667    
0.1025 0.646667    
0.1025 0.646667    
0.1025 0.646667    
0.1025 0.346667    
0.1025 0.346667    
0.1175 0.113333    
0.1375 -0.106667    
0.15 -0.17    
0.165 -0.23    
0.175 -0.276667    
0.19 -0.346667    
0.195 -0.37    
0.2 -0.386667    
0.2025 -0.406667    
0.2025 -0.41    
0.2025 -0.413333    
0.2 -0.416667    
0.2 -0.416667    
0.1975 -0.416667    
