33
-0.0725 0.493333    
-0.0775 0.516667    
-0.0925 0.546667    
-0.135 0.58    
-0.185 0.593333    
-0.2875 0.563333    
-0.3475 0.506667    
-0.3975 0.433333    
-0.4225 0.38    
-0.4375 0.276667    
-0.4175 0.153333    
-0.375 0.0766667    
-0.3125 0.0166667    
-0.235 -0.00333333    
-0.13 0.03    
-0.0375 0.0966667    
0.0175 0.163333    
0.055 0.223333    
0.075 0.273333    
0.0675 0.266667    
0.05 0.226667    
0.025 0.16    
-0.0125 0.0233333    
-0.04 -0.106667    
-0.0725 -0.296667    
-0.0925 -0.443333    
-0.11 -0.63    
-0.1175 -0.743333    
-0.1225 -0.83    
-0.1275 -0.903333    
-0.135 -0.936667    
-0.14 -0.94    
-0.1475 -0.936667    
