40
-0.32 0.326667    
-0.3 0.333333    
-0.26 0.35    
-0.2475 0.356667    
-0.235 0.366667    
-0.2425 0.363333    
-0.26 0.35    
-0.315 0.28    
-0.3425 0.23    
-0.3575 0.183333    
-0.3525 0.113333    
-0.33 0.103333    
-0.3025 0.113333    
-0.24 0.156667    
-0.215 0.18    
-0.185 0.206667    
-0.1775 0.2    
-0.1725 0.12    
-0.17 0.0266667    
-0.1675 -0.1    
-0.1625 -0.403333    
-0.16 -0.536667    
-0.16 -0.64    
-0.16 -0.713333    
-0.165 -0.8    
-0.1675 -0.84    
-0.1675 -0.853333    
-0.1675 -0.863333    
-0.16 -0.87    
-0.155 -0.86    
-0.1475 -0.846667    
-0.14 -0.826667    
-0.1275 -0.783333    
-0.1225 -0.753333    
-0.12 -0.743333    
-0.12 -0.736667    
-0.12 -0.73    
-0.12 -0.73    
-0.1225 -0.73    
-0.125 -0.73    
