35
0.015 0.456667    
0.015 0.46    
0.015 0.463333    
0.0125 0.47    
0.005 0.493333    
-0.0075 0.513333    
-0.0225 0.533333    
-0.0675 0.58    
-0.095 0.6    
-0.155 0.616667    
-0.185 0.61    
-0.215 0.583333    
-0.2425 0.543333    
-0.2675 0.436667    
-0.26 0.376667    
-0.21 0.293333    
-0.1625 0.27    
-0.11 0.266667    
0 0.29    
0.08 0.326667    
0.105 0.34    
0.1175 0.35    
0.1225 0.353333    
0.1225 0.35    
0.1025 0.3    
0.0625 0.176667    
0.0425 0.0933333    
0.025 0.01    
0.0125 -0.07    
0 -0.19    
-0.005 -0.266667    
-0.0075 -0.293333    
-0.0075 -0.313333    
-0.0075 -0.336667    
-0.0075 -0.34    
