66
0.0175 0.403333    
0.0425 0.41    
0.055 0.41    
0.0675 0.413333    
0.08 0.42    
0.0975 0.436667    
0.1075 0.446667    
0.1125 0.46    
0.1225 0.483333    
0.125 0.493333    
0.1225 0.51    
0.1175 0.516667    
0.0975 0.523333    
0.08 0.526667    
0.0575 0.526667    
0.0025 0.523333    
-0.0275 0.513333    
-0.0925 0.493333    
-0.0925 0.493333    
-0.1575 0.463333    
-0.19 0.443333    
-0.22 0.423333    
-0.2725 0.373333    
-0.2975 0.336667    
-0.335 0.24    
-0.345 0.186667    
-0.3375 0.0766667    
-0.315 0.0233333    
-0.285 -0.0333333    
-0.25 -0.0833333    
-0.1775 -0.15    
-0.1075 -0.15    
-0.0675 -0.13    
-0.025 -0.1    
0.0175 -0.0666667    
0.0975 0.02    
0.13 0.0666667    
0.18 0.156667    
0.1975 0.2    
0.2125 0.236667    
0.235 0.31    
0.245 0.34    
0.26 0.393333    
0.2675 0.41    
0.275 0.43    
0.2775 0.43    
0.275 0.416667    
0.2725 0.39    
0.265 0.29    
0.2575 0.22    
0.2525 0.143333    
0.2525 0.143333    
0.2375 0.0233333    
0.2275 -0.0866667    
0.205 -0.296667    
0.195 -0.433333    
0.195 -0.48    
0.1925 -0.52    
0.1925 -0.553333    
0.1925 -0.596667    
0.195 -0.606667    
0.2 -0.61    
0.205 -0.6    
0.2125 -0.576667    
0.2225 -0.55    
0.235 -0.486667    
