40
0.02 0.633333    
0.0125 0.653333    
0.0125 0.653333    
-0.01 0.663333    
-0.0375 0.663333    
-0.1025 0.646667    
-0.1375 0.616667    
-0.19 0.526667    
-0.21 0.463333    
-0.2225 0.4    
-0.22 0.3    
-0.2 0.27    
-0.175 0.256667    
-0.11 0.263333    
-0.075 0.276667    
-0.0425 0.303333    
0.0125 0.38    
0.0425 0.463333    
0.0475 0.496667    
0.0475 0.52    
0.0425 0.53    
0.035 0.513333    
0.0125 0.4    
-0.0025 0.31    
-0.02 0.21    
-0.035 0.0966667    
-0.055 -0.1    
-0.0575 -0.196667    
-0.0525 -0.283333    
-0.0375 -0.42    
-0.03 -0.46    
-0.0225 -0.473333    
-0.0075 -0.466667    
-0.0025 -0.456667    
0.0075 -0.426667    
0.01 -0.406667    
0.0125 -0.386667    
0.015 -0.34    
0.015 -0.323333    
0.0175 -0.306667    
