106
0.0675 0.36    
0.0675 0.353333    
0.0675 0.35    
0.0675 0.343333    
0.07 0.34    
0.0725 0.34    
0.0775 0.34    
0.0975 0.343333    
0.1125 0.35    
0.13 0.356667    
0.1625 0.373333    
0.1925 0.393333    
0.2025 0.406667    
0.21 0.416667    
0.2175 0.426667    
0.22 0.436667    
0.2175 0.463333    
0.21 0.493333    
0.2025 0.506667    
0.1925 0.52    
0.16 0.55    
0.14 0.56    
0.14 0.56    
0.105 0.57    
0.0675 0.576667    
0.03 0.58    
-0.04 0.576667    
-0.06 0.573333    
-0.08 0.566667    
-0.1075 0.55    
-0.1175 0.543333    
-0.1325 0.523333    
-0.1375 0.513333    
-0.1425 0.503333    
-0.1525 0.473333    
-0.1575 0.456667    
-0.1625 0.413333    
-0.1625 0.393333    
-0.1625 0.373333    
-0.16 0.356667    
-0.1525 0.316667    
-0.15 0.3    
-0.14 0.27    
-0.1325 0.253333    
-0.1325 0.253333    
-0.1225 0.243333    
-0.105 0.233333    
-0.105 0.233333    
-0.0825 0.226667    
-0.0675 0.226667    
-0.0325 0.23    
-0.015 0.236667    
0.005 0.243333    
0.045 0.266667    
0.065 0.276667    
0.1025 0.303333    
0.1175 0.316667    
0.1475 0.336667    
0.1575 0.346667    
0.1675 0.353333    
0.1825 0.37    
0.1875 0.376667    
0.1925 0.383333    
0.195 0.39    
0.2 0.396667    
0.2025 0.4    
0.205 0.4    
0.2025 0.4    
0.2 0.396667    
0.1925 0.383333    
0.1875 0.37    
0.1725 0.336667    
0.165 0.316667    
0.1575 0.29    
0.14 0.236667    
0.1325 0.203333    
0.1225 0.166667    
0.1075 0.0933333    
0.1025 0.0566667    
0.0975 0.0233333    
0.085 -0.0466667    
0.08 -0.0833333    
0.07 -0.153333    
0.065 -0.183333    
0.0625 -0.216667    
0.06 -0.286667    
0.0575 -0.32    
0.055 -0.35    
0.0525 -0.403333    
0.0525 -0.426667    
0.0525 -0.446667    
0.0525 -0.476667    
0.0525 -0.49    
0.0525 -0.51    
0.0525 -0.52    
0.055 -0.533333    
0.055 -0.54    
0.055 -0.546667    
0.055 -0.55    
0.0575 -0.556667    
0.0575 -0.556667    
0.0575 -0.56    
0.0575 -0.563333    
0.0575 -0.563333    
0.0575 -0.566667    
0.0575 -0.566667    
