43
-0.0125 0.496667    
-0.005 0.503333    
0.005 0.513333    
0.01 0.52    
0.0125 0.533333    
0.01 0.54    
0.0025 0.543333    
-0.01 0.54    
-0.0575 0.51    
-0.09 0.476667    
-0.1225 0.433333    
-0.175 0.32    
-0.195 0.183333    
-0.195 0.113333    
-0.1875 0.0533333    
-0.1775 0.00666667    
-0.1425 -0.0266667    
-0.1425 -0.0266667    
-0.1425 -0.0266667    
-0.09 0.0466667    
-0.065 0.103333    
-0.0425 0.166667    
-0.02 0.283333    
-0.0125 0.33    
-0.005 0.403333    
-0.0025 0.43    
0 0.45    
0.005 0.47    
0.01 0.476667    
0.01 0.466667    
0.0125 0.443333    
0.015 0.4    
0.0175 0.253333    
0.015 0.153333    
0.01 0.0433333    
0.0025 -0.21    
0.0025 -0.34    
0.01 -0.583333    
0.015 -0.686667    
0.035 -0.85    
0.0425 -0.91    
0.05 -0.95    
0.0525 -0.973333    
