75
-0.065 0.69    
-0.0725 0.69    
-0.075 0.69    
-0.075 0.696667    
-0.075 0.7    
-0.07 0.703333    
-0.065 0.706667    
-0.0675 0.706667    
-0.075 0.703333    
-0.1025 0.69    
-0.125 0.683333    
-0.1525 0.67    
-0.18 0.653333    
-0.22 0.63    
-0.25 0.606667    
-0.2625 0.593333    
-0.285 0.563333    
-0.3 0.536667    
-0.315 0.496667    
-0.3175 0.453333    
-0.3075 0.416667    
-0.2875 0.38    
-0.2675 0.353333    
-0.2175 0.3    
-0.1725 0.27    
-0.1175 0.236667    
-0.0775 0.23    
-0.03 0.236667    
0.0125 0.263333    
0.025 0.28    
0.0425 0.316667    
0.05 0.37    
0.0475 0.39    
0.045 0.436667    
0.0375 0.473333    
0.0275 0.516667    
0.0225 0.536667    
0.0175 0.55    
0.0175 0.566667    
0.02 0.58    
0.025 0.586667    
0.0325 0.59    
0.0375 0.593333    
0.0425 0.586667    
0.0475 0.563333    
0.05 0.533333    
0.05 0.49    
0.0475 0.433333    
0.0425 0.363333    
0.025 0.23    
0.01 0.126667    
-0.0025 0.05    
-0.015 -0.0433333    
-0.02 -0.0933333    
-0.0275 -0.233333    
-0.03 -0.31    
-0.03 -0.336667    
-0.03 -0.42    
-0.025 -0.51    
-0.02 -0.553333    
-0.015 -0.573333    
-0.015 -0.563333    
-0.0225 -0.53    
-0.03 -0.486667    
-0.035 -0.453333    
-0.04 -0.403333    
-0.045 -0.37    
-0.0525 -0.336667    
-0.06 -0.313333    
-0.065 -0.303333    
-0.07 -0.29    
-0.0725 -0.28    
-0.0725 -0.273333    
-0.0725 -0.266667    
-0.0725 -0.263333    
