71
0.0075 0.306667    
-0.005 0.303333    
-0.015 0.293333    
-0.02 0.29    
-0.025 0.273333    
-0.0225 0.253333    
-0.0175 0.246667    
-0.005 0.226667    
0.0075 0.21    
0.0325 0.196667    
0.06 0.193333    
0.0825 0.2    
0.11 0.22    
0.1275 0.24    
0.1575 0.293333    
0.1775 0.346667    
0.1925 0.393333    
0.205 0.436667    
0.2125 0.486667    
0.2125 0.563333    
0.2075 0.606667    
0.1925 0.65    
0.165 0.7    
0.1325 0.73    
0.0825 0.763333    
0.0375 0.786667    
-0.045 0.806667    
-0.09 0.806667    
-0.14 0.796667    
-0.2 0.756667    
-0.2625 0.683333    
-0.28 0.643333    
-0.3025 0.583333    
-0.3125 0.533333    
-0.3125 0.436667    
-0.2875 0.34    
-0.2575 0.283333    
-0.1875 0.213333    
-0.1575 0.196667    
-0.08 0.173333    
-0.0225 0.173333    
0.005 0.18    
0.0575 0.2    
0.0925 0.22    
0.1425 0.27    
0.165 0.303333    
0.1825 0.336667    
0.2025 0.376667    
0.2125 0.403333    
0.225 0.43    
0.23 0.44    
0.235 0.443333    
0.2375 0.44    
0.24 0.423333    
0.235 0.406667    
0.2275 0.38    
0.2175 0.346667    
0.205 0.306667    
0.175 0.206667    
0.165 0.17    
0.14 0.0833333    
0.12 0.0133333    
0.0975 -0.09    
0.08 -0.173333    
0.055 -0.31    
0.0375 -0.423333    
0.0275 -0.48    
0.01 -0.6    
0.0025 -0.633333    
-0.025 -0.786667    
-0.0475 -0.906667    
