49
0.1275 0.476667    
0.1275 0.48    
0.1275 0.48    
0.13 0.48    
0.1325 0.483333    
0.1325 0.483333    
0.1325 0.486667    
0.1275 0.49    
0.115 0.503333    
0.09 0.523333    
0.09 0.523333    
0.035 0.533333    
-0.06 0.52    
-0.1175 0.473333    
-0.17 0.403333    
-0.2025 0.26    
-0.19 0.17    
-0.155 0.1    
-0.065 0.0333333    
-0.01 0.0266667    
0.045 0.0366667    
0.095 0.0633333    
0.17 0.143333    
0.2025 0.203333    
0.225 0.263333    
0.24 0.313333    
0.2375 0.35    
0.2125 0.31    
0.2 0.266667    
0.165 0.103333    
0.1375 -0.07    
0.1275 -0.16    
0.115 -0.34    
0.11 -0.466667    
0.105 -0.636667    
0.105 -0.713333    
0.105 -0.78    
0.1025 -0.82    
0.0975 -0.833333    
0.09 -0.83    
0.075 -0.81    
0.0525 -0.763333    
0.03 -0.666667    
0.01 -0.5    
0.0025 -0.4    
0.0025 -0.37    
-0.0025 -0.286667    
-0.015 -0.23    
-0.0225 -0.206667    
