74
0.1275 0.413333    
0.1125 0.44    
0.0925 0.463333    
0.0675 0.486667    
0.0175 0.523333    
-0.0175 0.543333    
-0.07 0.56    
-0.115 0.563333    
-0.175 0.563333    
-0.22 0.55    
-0.275 0.526667    
-0.3075 0.5    
-0.345 0.446667    
-0.355 0.413333    
-0.3525 0.366667    
-0.345 0.336667    
-0.315 0.29    
-0.2775 0.246667    
-0.2475 0.216667    
-0.2275 0.203333    
-0.19 0.183333    
-0.14 0.17    
-0.1 0.163333    
-0.0625 0.156667    
-0.01 0.15    
0.015 0.156667    
0.0375 0.166667    
0.06 0.186667    
0.0775 0.21    
0.0875 0.22    
0.0975 0.233333    
0.1125 0.253333    
0.125 0.283333    
0.1375 0.306667    
0.145 0.333333    
0.15 0.343333    
0.1525 0.353333    
0.1525 0.356667    
0.15 0.36    
0.1475 0.363333    
0.145 0.363333    
0.14 0.363333    
0.1375 0.36    
0.1325 0.353333    
0.1325 0.343333    
0.13 0.323333    
0.1275 0.273333    
0.125 0.233333    
0.125 0.193333    
0.12 0.123333    
0.12 0.0966667    
0.1175 0.0333333    
0.1175 -0.02    
0.1175 -0.0566667    
0.12 -0.0933333    
0.12 -0.12    
0.1225 -0.176667    
0.1225 -0.223333    
0.1275 -0.29    
0.13 -0.353333    
0.135 -0.393333    
0.14 -0.43    
0.1475 -0.476667    
0.1525 -0.5    
0.1575 -0.516667    
0.165 -0.536667    
0.17 -0.546667    
0.175 -0.556667    
0.18 -0.55    
0.185 -0.543333    
0.1875 -0.536667    
0.19 -0.526667    
0.19 -0.526667    
0.19 -0.53    
