78
0.015 0.586667    
0.0125 0.59    
0.0075 0.593333    
-0.0025 0.593333    
-0.01 0.593333    
-0.0275 0.59    
-0.0425 0.59    
-0.0625 0.583333    
-0.08 0.58    
-0.11 0.563333    
-0.1175 0.556667    
-0.135 0.54    
-0.1425 0.526667    
-0.145 0.516667    
-0.155 0.496667    
-0.16 0.48    
-0.1675 0.44    
-0.1725 0.416667    
-0.175 0.38    
-0.175 0.32    
-0.165 0.266667    
-0.15 0.23    
-0.1025 0.173333    
-0.055 0.14    
-0.03 0.13    
0.005 0.123333    
0.0675 0.153333    
0.085 0.176667    
0.1225 0.233333    
0.145 0.28    
0.165 0.326667    
0.1875 0.376667    
0.205 0.423333    
0.2125 0.443333    
0.2175 0.45    
0.2225 0.456667    
0.225 0.456667    
0.2275 0.456667    
0.2275 0.453333    
0.225 0.443333    
0.2225 0.433333    
0.22 0.41    
0.2125 0.373333    
0.2075 0.336667    
0.1975 0.276667    
0.1825 0.21    
0.1725 0.16    
0.15 0.0766667    
0.1375 0.0266667    
0.12 -0.0266667    
0.1 -0.0866667    
0.07 -0.166667    
0.055 -0.213333    
0.035 -0.283333    
0.0075 -0.396667    
0 -0.436667    
-0.0125 -0.526667    
-0.015 -0.583333    
-0.015 -0.616667    
-0.015 -0.65    
-0.0125 -0.686667    
-0.0125 -0.71    
-0.01 -0.733333    
-0.01 -0.76    
-0.0075 -0.783333    
-0.01 -0.793333    
-0.01 -0.803333    
-0.0075 -0.813333    
-0.0075 -0.823333    
-0.005 -0.833333    
-0.0025 -0.843333    
0 -0.856667    
0 -0.876667    
0.0025 -0.886667    
0.0025 -0.9    
0.005 -0.91    
0.0075 -0.92    
0.01 -0.923333    
