65
-0.14 0.61    
-0.14 0.61    
-0.14 0.613333    
-0.1425 0.616667    
-0.145 0.62    
-0.155 0.62    
-0.165 0.613333    
-0.1875 0.6    
-0.2075 0.59    
-0.2275 0.576667    
-0.2525 0.56    
-0.27 0.543333    
-0.29 0.51    
-0.305 0.463333    
-0.31 0.416667    
-0.315 0.34    
-0.31 0.276667    
-0.3025 0.25    
-0.285 0.21    
-0.23 0.15    
-0.2075 0.133333    
-0.16 0.12    
-0.1275 0.12    
-0.085 0.13    
-0.055 0.163333    
-0.05 0.173333    
-0.035 0.203333    
-0.0275 0.256667    
-0.025 0.316667    
-0.0275 0.34    
-0.0325 0.393333    
-0.04 0.433333    
-0.045 0.46    
-0.05 0.48    
-0.0525 0.5    
-0.0525 0.513333    
-0.0525 0.523333    
-0.0525 0.523333    
-0.055 0.513333    
-0.055 0.49    
-0.05 0.453333    
-0.045 0.41    
-0.035 0.333333    
-0.0275 0.283333    
-0.025 0.24    
-0.03 0.206667    
-0.035 0.17    
-0.045 0.11    
-0.05 0.0433333    
-0.05 -0.0133333    
-0.0525 -0.0866667    
-0.0525 -0.186667    
-0.055 -0.23    
-0.055 -0.32    
-0.0525 -0.383333    
-0.0425 -0.45    
-0.0275 -0.486667    
-0.015 -0.5    
0.0075 -0.496667    
0.015 -0.496667    
0.02 -0.493333    
0.03 -0.49    
0.035 -0.486667    
0.0375 -0.48    
0.0375 -0.473333    
