64
-0.1225 0.47    
-0.1225 0.463333    
-0.12 0.456667    
-0.1125 0.446667    
-0.105 0.443333    
-0.0975 0.44    
-0.09 0.443333    
-0.085 0.443333    
-0.09 0.45    
-0.1 0.45    
-0.1175 0.446667    
-0.1525 0.44    
-0.1825 0.43    
-0.225 0.41    
-0.2625 0.386667    
-0.285 0.366667    
-0.3075 0.336667    
-0.3175 0.303333    
-0.32 0.28    
-0.3175 0.253333    
-0.305 0.206667    
-0.2875 0.173333    
-0.255 0.136667    
-0.2325 0.123333    
-0.2075 0.123333    
-0.1775 0.13    
-0.15 0.143333    
-0.1325 0.156667    
-0.115 0.176667    
-0.1075 0.19    
-0.095 0.206667    
-0.0825 0.236667    
-0.0725 0.27    
-0.065 0.3    
-0.0575 0.326667    
-0.05 0.363333    
-0.0475 0.383333    
-0.045 0.4    
-0.045 0.41    
-0.045 0.416667    
-0.0425 0.423333    
-0.0425 0.426667    
-0.045 0.426667    
-0.045 0.423333    
-0.05 0.406667    
-0.055 0.393333    
-0.0625 0.353333    
-0.0675 0.32    
-0.0725 0.283333    
-0.0775 0.223333    
-0.08 0.133333    
-0.0825 0.06    
-0.0825 -0.0366667    
-0.0825 -0.11    
-0.0825 -0.196667    
-0.0825 -0.253333    
-0.085 -0.333333    
-0.0875 -0.36    
-0.09 -0.406667    
-0.09 -0.436667    
-0.0925 -0.47    
-0.0925 -0.486667    
-0.0925 -0.496667    
-0.0925 -0.503333    
