42
0.215 0.323333    
0.1275 0.396667    
0.015 0.463333    
-0.04 0.49    
-0.095 0.506667    
-0.2 0.51    
-0.2525 0.48    
-0.2975 0.43    
-0.3375 0.36    
-0.39 0.186667    
-0.3975 0.09    
-0.3725 -0.0833333    
-0.325 -0.15    
-0.325 -0.15    
-0.2575 -0.18    
-0.1875 -0.193333    
-0.0475 -0.16    
0.0175 -0.123333    
0.0775 -0.0766667    
0.13 -0.02    
0.17 0.0833333    
0.185 0.136667    
0.1975 0.233333    
0.2 0.28    
0.2025 0.32    
0.2025 0.38    
0.2025 0.4    
0.2025 0.416667    
0.205 0.413333    
0.2125 0.343333    
0.22 0.283333    
0.2325 0.21    
0.2475 0.13    
0.2825 -0.0233333    
0.3 -0.0866667    
0.335 -0.166667    
0.345 -0.19    
0.3525 -0.203333    
0.36 -0.21    
0.3625 -0.21    
0.36 -0.196667    
0.3575 -0.186667    
