34
-0.22 0.286667    
-0.23 0.296667    
-0.26 0.293333    
-0.295 0.276667    
-0.3425 0.223333    
-0.375 0.17    
-0.39 0.0833333    
-0.3725 0    
-0.3375 -0.05    
-0.32 -0.0633333    
-0.235 -0.0766667    
-0.1675 -0.0533333    
-0.0725 0.0166667    
-0.01 0.0933333    
0.0325 0.166667    
0.0775 0.276667    
0.0825 0.323333    
0.08 0.353333    
0.0675 0.366667    
0.045 0.363333    
0.0175 0.33    
-0.01 0.266667    
-0.025 0.203333    
-0.03 0.126667    
-0.025 0.02    
-0.015 -0.06    
0.0075 -0.163333    
0.0275 -0.23    
0.0625 -0.323333    
0.0825 -0.366667    
0.1025 -0.403333    
0.125 -0.433333    
0.135 -0.45    
0.145 -0.463333    
