30
-0.02 0.3    
-0.0325 0.343333    
-0.0625 0.366667    
-0.095 0.37    
-0.1575 0.353333    
-0.2425 0.303333    
-0.3125 0.243333    
-0.3775 0.166667    
-0.45 0.0266667    
-0.455 -0.05    
-0.4175 -0.116667    
-0.3425 -0.12    
-0.27 -0.0833333    
-0.175 0.00666667    
-0.115 0.0933333    
-0.08 0.156667    
-0.0325 0.266667    
-0.0125 0.326667    
-0.0025 0.356667    
-0.0125 0.323333    
-0.0325 0.246667    
-0.065 0.0966667    
-0.0925 -0.0766667    
-0.0925 -0.223333    
-0.0675 -0.296667    
0.0025 -0.336667    
0.105 -0.326667    
0.185 -0.293333    
0.28 -0.233333    
0.3175 -0.2    
