33
-0.295 0.33    
-0.2725 0.363333    
-0.255 0.39    
-0.235 0.436667    
-0.24 0.45    
-0.295 0.44    
-0.3375 0.396667    
-0.38 0.316667    
-0.425 0.09    
-0.4225 -0.0233333    
-0.4025 -0.113333    
-0.3375 -0.173333    
-0.295 -0.146667    
-0.2525 -0.0866667    
-0.18 0.0766667    
-0.1425 0.226667    
-0.1375 0.273333    
-0.14 0.303333    
-0.1475 0.316667    
-0.17 0.273333    
-0.1825 0.213333    
-0.1825 0.213333    
-0.1775 0.1    
-0.1675 -0.0233333    
-0.11 -0.246667    
-0.065 -0.333333    
-0.0275 -0.36    
0.065 -0.36    
0.115 -0.336667    
0.165 -0.3    
0.245 -0.233333    
0.27 -0.21    
0.3 -0.18    
