43
-0.065 0.39    
-0.0625 0.386667    
-0.0575 0.38    
-0.0575 0.376667    
-0.06 0.37    
-0.065 0.363333    
-0.0725 0.363333    
-0.095 0.373333    
-0.1125 0.386667    
-0.1375 0.4    
-0.195 0.41    
-0.225 0.403333    
-0.2525 0.386667    
-0.2875 0.326667    
-0.295 0.276667    
-0.295 0.146667    
-0.2875 0.0833333    
-0.275 0.0266667    
-0.235 -0.0366667    
-0.21 -0.0433333    
-0.1775 -0.0333333    
-0.11 0.04    
-0.0825 0.0966667    
-0.045 0.226667    
-0.035 0.283333    
-0.03 0.326667    
-0.0275 0.38    
-0.0275 0.393333    
-0.0275 0.4    
-0.0275 0.38    
-0.0275 0.353333    
-0.025 0.313333    
-0.0225 0.21    
-0.02 0.16    
-0.005 0.06    
0.01 0.02    
0.03 -0.0233333    
0.085 -0.0966667    
0.1125 -0.126667    
0.1575 -0.163333    
0.175 -0.173333    
0.195 -0.18    
0.2 -0.18    
