165
-0.085 0.303333    
-0.095 0.31    
-0.1 0.313333    
-0.1075 0.323333    
-0.1125 0.33    
-0.1275 0.346667    
-0.1425 0.353333    
-0.16 0.363333    
-0.2275 0.37    
-0.32 0.333333    
-0.3675 0.303333    
-0.4125 0.266667    
-0.4525 0.223333    
-0.5025 0.103333    
-0.5125 0.0233333    
-0.51 -0.06    
-0.4825 -0.25    
-0.43 -0.423333    
-0.4 -0.5    
-0.3575 -0.576667    
-0.2575 -0.656667    
-0.2175 -0.67    
-0.1675 -0.68    
-0.12 -0.67    
-0.035 -0.623333    
0.0025 -0.57    
0.045 -0.376667    
0.0575 -0.253333    
0.0825 -0.0266667    
0.0825 -0.0266667    
0.105 0.163333    
0.1125 0.196667    
0.1175 0.22    
0.1225 0.24    
0.125 0.253333    
0.13 0.27    
0.1325 0.276667    
0.135 0.286667    
0.135 0.29    
0.1375 0.29    
0.14 0.28    
0.1425 0.273333    
0.15 0.26    
0.1525 0.253333    
0.1575 0.25    
0.1625 0.246667    
0.1625 0.246667    
0.1625 0.246667    
0.155 0.263333    
0.1475 0.276667    
0.1375 0.296667    
0.1075 0.353333    
0.0925 0.386667    
0.0525 0.456667    
0.035 0.49    
0.0175 0.52    
-0.0225 0.573333    
-0.04 0.6    
-0.06 0.623333    
-0.095 0.666667    
-0.1125 0.686667    
-0.1475 0.713333    
-0.1675 0.723333    
-0.19 0.723333    
-0.2325 0.713333    
-0.2525 0.703333    
-0.27 0.693333    
-0.295 0.673333    
-0.3025 0.67    
-0.3075 0.66    
-0.315 0.643333    
-0.3175 0.636667    
-0.3225 0.63    
-0.3225 0.633333    
-0.325 0.633333    
-0.3225 0.633333    
-0.315 0.64    
-0.315 0.64    
-0.2875 0.653333    
-0.265 0.663333    
-0.2125 0.676667    
-0.185 0.683333    
-0.1575 0.686667    
-0.1075 0.7    
-0.085 0.703333    
-0.0425 0.7    
-0.0225 0.696667    
-0.0025 0.69    
0.0325 0.666667    
0.05 0.653333    
0.05 0.653333    
0.0725 0.62    
0.095 0.586667    
0.135 0.513333    
0.1525 0.47    
0.1625 0.44    
0.1775 0.37    
0.185 0.326667    
0.2 0.24    
0.2 0.24    
0.215 0.146667    
0.22 0.103333    
0.2275 0.0133333    
0.2275 -0.03    
0.2275 -0.07    
0.23 -0.156667    
0.23 -0.2    
0.2375 -0.273333    
0.2425 -0.306667    
0.2575 -0.373333    
0.2675 -0.41    
0.2825 -0.48    
0.2925 -0.52    
0.305 -0.553333    
0.315 -0.586667    
0.335 -0.643333    
0.345 -0.66    
0.3525 -0.676667    
0.3725 -0.706667    
0.385 -0.72    
0.4 -0.74    
0.44 -0.766667    
0.4775 -0.773333    
0.4925 -0.77    
0.505 -0.766667    
0.515 -0.76    
0.5375 -0.736667    
0.545 -0.723333    
0.5525 -0.703333    
0.5575 -0.676667    
0.555 -0.67    
0.55 -0.663333    
0.5475 -0.66    
0.545 -0.66    
0.5375 -0.656667    
0.535 -0.653333    
0.5325 -0.653333    
0.5325 -0.65    
0.53 -0.65    
0.53 -0.646667    
0.5275 -0.643333    
0.5275 -0.64    
0.525 -0.64    
0.5225 -0.636667    
0.52 -0.636667    
0.515 -0.633333    
0.515 -0.633333    
0.5125 -0.63    
0.5075 -0.623333    
0.505 -0.616667    
0.5025 -0.613333    
0.5 -0.606667    
0.5 -0.606667    
0.495 -0.6    
0.4925 -0.593333    
0.4925 -0.593333    
0.4875 -0.586667    
0.4875 -0.58    
0.485 -0.573333    
0.485 -0.566667    
0.485 -0.56    
0.48 -0.553333    
0.4775 -0.546667    
0.4725 -0.543333    
0.46 -0.533333    
