50
0.015 0.643333    
0.025 0.646667    
0.03 0.65    
0.0375 0.65    
0.04 0.65    
0.04 0.646667    
0.0325 0.64    
-0.005 0.61    
-0.035 0.586667    
-0.075 0.556667    
-0.12 0.523333    
-0.2125 0.443333    
-0.25 0.4    
-0.28 0.35    
-0.31 0.236667    
-0.2875 0.123333    
-0.26 0.0833333    
-0.225 0.06    
-0.1825 0.0433333    
-0.095 0.06    
-0.0575 0.09    
0.0075 0.166667    
0.0275 0.213333    
0.0425 0.253333    
0.05 0.296667    
0.055 0.39    
0.045 0.483333    
0.04 0.516667    
0.035 0.536667    
0.03 0.54    
0.015 0.516667    
0.0075 0.473333    
0.0075 0.406667    
0.03 0.22    
0.0525 0.123333    
0.0825 0.0366667    
0.14 -0.0833333    
0.165 -0.123333    
0.22 -0.163333    
0.2475 -0.163333    
0.295 -0.133333    
0.3125 -0.11    
0.325 -0.0833333    
0.3325 -0.0633333    
0.3375 -0.02    
0.3375 -0.00333333    
0.335 0.01    
0.33 0.03    
0.32 0.0466667    
0.3125 0.0533333    
