101
0.0525 0.223333    
0.0575 0.223333    
0.06 0.226667    
0.07 0.23    
0.075 0.23    
0.0775 0.23    
0.0875 0.226667    
0.09 0.223333    
0.0925 0.223333    
0.0925 0.226667    
0.0925 0.243333    
0.09 0.253333    
0.0875 0.266667    
0.07 0.3    
0.055 0.313333    
0.0325 0.33    
-0.015 0.356667    
-0.04 0.366667    
-0.0625 0.38    
-0.085 0.39    
-0.12 0.406667    
-0.1525 0.413333    
-0.1525 0.413333    
-0.18 0.41    
-0.195 0.406667    
-0.2275 0.393333    
-0.2425 0.383333    
-0.2425 0.383333    
-0.2625 0.356667    
-0.2825 0.326667    
-0.3 0.293333    
-0.3275 0.216667    
-0.3425 0.14    
-0.3475 0.0966667    
-0.3525 0.0533333    
-0.355 0.00666667    
-0.3625 -0.0766667    
-0.3625 -0.116667    
-0.3625 -0.193333    
-0.36 -0.23    
-0.355 -0.263333    
-0.34 -0.336667    
-0.33 -0.37    
-0.3 -0.426667    
-0.2825 -0.446667    
-0.26 -0.46    
-0.23 -0.463333    
-0.1725 -0.45    
-0.1425 -0.436667    
-0.1175 -0.416667    
-0.0725 -0.37    
-0.045 -0.333333    
0.0175 -0.243333    
0.05 -0.193333    
0.08 -0.143333    
0.13 -0.0433333    
0.17 0.0533333    
0.1875 0.1    
0.2025 0.143333    
0.2175 0.183333    
0.2375 0.246667    
0.245 0.273333    
0.25 0.29    
0.2575 0.316667    
0.2625 0.33    
0.2625 0.33    
0.26 0.333333    
0.2525 0.32    
0.2475 0.31    
0.24 0.293333    
0.2325 0.273333    
0.215 0.223333    
0.205 0.19    
0.1875 0.116667    
0.1775 0.08    
0.17 0.04    
0.16 -0.04    
0.16 -0.08    
0.16 -0.12    
0.1725 -0.193333    
0.1925 -0.25    
0.205 -0.276667    
0.22 -0.296667    
0.2375 -0.32    
0.2575 -0.34    
0.305 -0.393333    
0.355 -0.443333    
0.3775 -0.463333    
0.4 -0.473333    
0.4375 -0.476667    
0.4525 -0.476667    
0.4625 -0.476667    
0.47 -0.473333    
0.4775 -0.47    
0.4825 -0.466667    
0.4825 -0.466667    
0.485 -0.466667    
0.485 -0.466667    
0.485 -0.466667    
0.48 -0.476667    
0.48 -0.476667    
