50
0.0525 0.57    
0.0475 0.566667    
0.045 0.56    
0.0325 0.55    
0.025 0.543333    
0.0125 0.53    
0.0125 0.53    
0.0125 0.53    
0.0125 0.53    
0.0125 0.53    
0.0125 0.53    
-0.0375 0.483333    
-0.1275 0.393333    
-0.1625 0.35    
-0.1375 0.163333    
-0.095 0.0866667    
-0.0525 0.0133333    
0.01 -0.05    
0.025 -0.0233333    
0.025 -0.0233333    
0.025 -0.0233333    
0.055 0.176667    
0.0625 0.253333    
0.0675 0.323333    
0.07 0.363333    
0.0725 0.423333    
0.075 0.476667    
0.075 0.476667    
0.075 0.526667    
0.0775 0.566667    
0.08 0.576667    
0.0825 0.586667    
0.085 0.596667    
0.085 0.59    
0.0875 0.573333    
0.09 0.49    
0.1 0.423333    
0.1125 0.343333    
0.155 0.173333    
0.18 0.0933333    
0.235 -0.06    
0.2625 -0.123333    
0.29 -0.183333    
0.315 -0.23    
0.3575 -0.286667    
0.375 -0.303333    
0.405 -0.32    
0.415 -0.323333    
0.425 -0.323333    
0.4275 -0.31    
