88
-0.1675 0.383333    
-0.165 0.386667    
-0.165 0.39    
-0.1625 0.393333    
-0.1625 0.396667    
-0.16 0.403333    
-0.1575 0.406667    
-0.1575 0.41    
-0.16 0.42    
-0.1675 0.426667    
-0.18 0.43    
-0.205 0.433333    
-0.25 0.423333    
-0.25 0.423333    
-0.305 0.403333    
-0.3375 0.386667    
-0.3675 0.366667    
-0.3925 0.34    
-0.4175 0.293333    
-0.44 0.223333    
-0.4475 0.193333    
-0.4525 0.146667    
-0.4475 0.0666667    
-0.435 0.0166667    
-0.415 -0.0266667    
-0.36 -0.103333    
-0.3125 -0.146667    
-0.2875 -0.166667    
-0.24 -0.186667    
-0.2075 -0.183333    
-0.17 -0.16    
-0.1275 -0.106667    
-0.11 -0.0633333    
-0.095 0    
-0.0875 0.0333333    
-0.08 0.113333    
-0.075 0.176667    
-0.075 0.206667    
-0.0725 0.266667    
-0.0725 0.33    
-0.075 0.35    
-0.0775 0.383333    
-0.08 0.403333    
-0.0875 0.42    
-0.0925 0.423333    
-0.1025 0.41    
-0.1075 0.376667    
-0.11 0.34    
-0.11 0.31    
-0.1075 0.273333    
-0.0925 0.166667    
-0.0775 0.1    
-0.06 0.03    
-0.0325 -0.0566667    
0.0125 -0.153333    
0.045 -0.2    
0.0975 -0.25    
0.145 -0.273333    
0.195 -0.29    
0.245 -0.296667    
0.32 -0.276667    
0.365 -0.246667    
0.3775 -0.23    
0.3925 -0.203333    
0.3925 -0.153333    
0.39 -0.14    
0.375 -0.11    
0.3625 -0.0866667    
0.34 -0.0666667    
0.325 -0.0566667    
0.3075 -0.0466667    
0.2925 -0.0466667    
0.28 -0.0466667    
0.2675 -0.0466667    
0.2625 -0.05    
0.2525 -0.0566667    
0.25 -0.06    
0.245 -0.0633333    
0.24 -0.0666667    
0.2375 -0.0666667    
0.235 -0.0666667    
0.23 -0.0633333    
0.225 -0.06    
0.2225 -0.06    
0.2175 -0.0533333    
0.215 -0.05    
0.2125 -0.0466667    
0.21 -0.04    
