80
0.2975 0.116667    
0.3125 0.13    
0.3225 0.153333    
0.33 0.18    
0.3325 0.22    
0.3225 0.28    
0.3075 0.326667    
0.28 0.383333    
0.2425 0.436667    
0.22 0.463333    
0.1575 0.516667    
0.0925 0.543333    
0.04 0.56    
-0.015 0.566667    
-0.0725 0.566667    
-0.15 0.56    
-0.2275 0.543333    
-0.2825 0.52    
-0.3725 0.466667    
-0.425 0.416667    
-0.4775 0.35    
-0.5325 0.246667    
-0.5625 0.16    
-0.5775 0.0133333    
-0.56 -0.09    
-0.545 -0.136667    
-0.5225 -0.183333    
-0.485 -0.25    
-0.4075 -0.336667    
-0.33 -0.376667    
-0.29 -0.383333    
-0.19 -0.363333    
-0.13 -0.34    
-0.075 -0.31    
-0.025 -0.28    
0.0375 -0.23    
0.1125 -0.173333    
0.14 -0.146667    
0.1875 -0.1    
0.2175 -0.07    
0.25 -0.03    
0.2825 0.00666667    
0.2975 0.03    
0.3125 0.0566667    
0.3175 0.07    
0.3225 0.103333    
0.3225 0.123333    
0.32 0.13    
0.3075 0.153333    
0.3 0.17    
0.29 0.183333    
0.285 0.193333    
0.29 0.18    
0.2875 0.163333    
0.2875 0.15    
0.2825 0.113333    
0.2725 0.0433333    
0.2725 -0.01    
0.275 -0.07    
0.28 -0.13    
0.2925 -0.21    
0.3 -0.253333    
0.3225 -0.323333    
0.36 -0.433333    
0.385 -0.506667    
0.4225 -0.583333    
0.4875 -0.683333    
0.525 -0.73    
0.57 -0.76    
0.605 -0.773333    
0.645 -0.776667    
0.685 -0.766667    
0.6975 -0.763333    
0.7175 -0.753333    
0.73 -0.75    
0.7425 -0.743333    
0.75 -0.74    
0.755 -0.736667    
0.7575 -0.733333    
0.76 -0.73    
