68
0.03 0.59    
0.0325 0.596667    
0.0325 0.6    
0.035 0.606667    
0.035 0.613333    
0.0325 0.626667    
0.03 0.636667    
0.025 0.653333    
0.01 0.66    
-0.0025 0.646667    
-0.03 0.586667    
-0.115 0.323333    
-0.1425 0.206667    
-0.19 -0.03    
-0.21 -0.173333    
-0.2175 -0.306667    
-0.2125 -0.363333    
-0.205 -0.41    
-0.1925 -0.42    
-0.1675 -0.38    
-0.135 -0.3    
-0.105 -0.216667    
-0.0475 -0.0633333    
-0.01 0.0166667    
0.0275 0.0933333    
0.08 0.196667    
0.1225 0.276667    
0.13 0.286667    
0.1475 0.26    
0.15 0.193333    
0.15 0.0666667    
0.1525 -0.0466667    
0.17 -0.153333    
0.21 -0.21    
0.2525 -0.223333    
0.3025 -0.206667    
0.4075 -0.11    
0.4525 -0.0466667    
0.5075 0.0433333    
0.565 0.166667    
0.6 0.29    
0.605 0.376667    
0.5625 0.48    
0.5075 0.52    
0.415 0.55    
0.315 0.553333    
0.245 0.54    
0.19 0.513333    
0.1475 0.476667    
0.1025 0.396667    
0.0875 0.33    
0.0825 0.296667    
0.0775 0.24    
0.0825 0.186667    
0.0875 0.173333    
0.095 0.153333    
0.1 0.153333    
0.1075 0.156667    
0.1125 0.17    
0.115 0.186667    
0.1175 0.203333    
0.1225 0.23    
0.125 0.24    
0.1275 0.25    
0.13 0.256667    
0.1325 0.26    
0.135 0.263333    
0.135 0.263333    
