73
0.0375 0.283333    
0.03 0.303333    
0.0125 0.33    
0 0.343333    
-0.045 0.366667    
-0.095 0.376667    
-0.135 0.38    
-0.175 0.376667    
-0.225 0.366667    
-0.2725 0.346667    
-0.3025 0.326667    
-0.34 0.286667    
-0.3675 0.25    
-0.3925 0.193333    
-0.4075 0.146667    
-0.4125 0.09    
-0.4025 0.0333333    
-0.3875 -0.01    
-0.3675 -0.0533333    
-0.33 -0.116667    
-0.3075 -0.15    
-0.2975 -0.156667    
-0.255 -0.193333    
-0.23 -0.2    
-0.205 -0.203333    
-0.1675 -0.186667    
-0.1475 -0.173333    
-0.13 -0.156667    
-0.0975 -0.123333    
-0.075 -0.1    
-0.0425 -0.0666667    
-0.0125 -0.0233333    
0.0125 0.02    
0.03 0.0566667    
0.0425 0.0966667    
0.06 0.15    
0.065 0.176667    
0.0675 0.206667    
0.0675 0.22    
0.0675 0.253333    
0.065 0.266667    
0.0625 0.286667    
0.0575 0.293333    
0.055 0.293333    
0.05 0.286667    
0.045 0.273333    
0.0425 0.256667    
0.0375 0.226667    
0.035 0.2    
0.0325 0.176667    
0.0325 0.136667    
0.0325 0.113333    
0.035 0.09    
0.04 0.0666667    
0.0475 0.0266667    
0.055 0.00666667    
0.0575 0    
0.0675 -0.03    
0.0775 -0.0533333    
0.0875 -0.0766667    
0.0975 -0.0933333    
0.1075 -0.11    
0.115 -0.12    
0.125 -0.13    
0.135 -0.136667    
0.145 -0.143333    
0.1575 -0.15    
0.165 -0.153333    
0.175 -0.156667    
0.185 -0.16    
0.19 -0.16    
0.1975 -0.163333    
0.2025 -0.163333    
