78
-0.0575 0.163333    
-0.0675 0.176667    
-0.0775 0.186667    
-0.0925 0.203333    
-0.1075 0.21    
-0.1275 0.216667    
-0.1525 0.213333    
-0.1675 0.21    
-0.1975 0.193333    
-0.2325 0.146667    
-0.25 0.11    
-0.265 0.0666667    
-0.275 0.0133333    
-0.29 -0.0833333    
-0.2925 -0.15    
-0.295 -0.213333    
-0.29 -0.286667    
-0.2825 -0.333333    
-0.2625 -0.376667    
-0.225 -0.403333    
-0.2025 -0.41    
-0.1775 -0.403333    
-0.1525 -0.393333    
-0.12 -0.356667    
-0.0975 -0.316667    
-0.0875 -0.293333    
-0.07 -0.243333    
-0.055 -0.176667    
-0.05 -0.15    
-0.0375 -0.0933333    
-0.03 -0.0633333    
-0.0225 -0.03    
-0.02 -0.0166667    
-0.0125 0.0166667    
-0.0075 0.04    
-0.0075 0.05    
-0.005 0.07    
-0.0025 0.0833333    
-0.0025 0.1    
-0.0025 0.106667    
-0.0025 0.11    
-0.0025 0.116667    
-0.0025 0.12    
-0.0025 0.12    
-0.0025 0.113333    
-0.0025 0.103333    
-0.0025 0.0833333    
-0.0025 0.03    
-0.0025 -0.00666667    
-0.0025 -0.0466667    
0 -0.09    
0.005 -0.14    
0.01 -0.176667    
0.0175 -0.23    
0.0325 -0.3    
0.04 -0.333333    
0.0525 -0.396667    
0.07 -0.466667    
0.085 -0.516667    
0.0975 -0.566667    
0.1175 -0.62    
0.13 -0.656667    
0.1375 -0.676667    
0.1475 -0.7    
0.1525 -0.726667    
0.1575 -0.743333    
0.16 -0.756667    
0.16 -0.77    
0.16 -0.78    
0.1575 -0.79    
0.1575 -0.793333    
0.155 -0.796667    
0.155 -0.796667    
0.155 -0.796667    
0.155 -0.796667    
0.1575 -0.796667    
0.1575 -0.796667    
0.1575 -0.796667    
