57
-0.0775 0.486667    
-0.0775 0.486667    
-0.08 0.486667    
-0.0825 0.483333    
-0.085 0.483333    
-0.09 0.486667    
-0.105 0.496667    
-0.1275 0.503333    
-0.1525 0.513333    
-0.19 0.52    
-0.235 0.516667    
-0.27 0.506667    
-0.32 0.476667    
-0.3775 0.423333    
-0.4075 0.383333    
-0.435 0.333333    
-0.465 0.253333    
-0.475 0.186667    
-0.48 0.0966667    
-0.475 0.03    
-0.4575 -0.06    
-0.44 -0.103333    
-0.4225 -0.136667    
-0.4025 -0.163333    
-0.365 -0.183333    
-0.335 -0.183333    
-0.3025 -0.17    
-0.2525 -0.136667    
-0.2175 -0.0966667    
-0.1675 -0.02    
-0.125 0.07    
-0.1075 0.12    
-0.0825 0.2    
-0.0575 0.323333    
-0.055 0.363333    
-0.0525 0.42    
-0.055 0.47    
-0.06 0.503333    
-0.065 0.516667    
-0.07 0.52    
-0.0775 0.51    
-0.0875 0.466667    
-0.0975 0.403333    
-0.105 0.343333    
-0.11 0.253333    
-0.11 0.183333    
-0.1 0.0633333    
-0.0875 -0.0166667    
-0.0675 -0.0866667    
-0.01 -0.173333    
0.0175 -0.196667    
0.0825 -0.21    
0.15 -0.193333    
0.1925 -0.173333    
0.2425 -0.136667    
0.26 -0.116667    
0.2675 -0.0933333    
