77
0.0125 0.27    
0.0125 0.28    
0.0125 0.283333    
0.015 0.29    
0.015 0.296667    
0.015 0.303333    
0.015 0.306667    
0.015 0.31    
0.015 0.313333    
0.015 0.32    
0.01 0.33    
0.0025 0.34    
-0.0125 0.356667    
-0.0275 0.37    
-0.0525 0.38    
-0.0775 0.386667    
-0.11 0.386667    
-0.15 0.376667    
-0.1775 0.366667    
-0.2025 0.35    
-0.2325 0.323333    
-0.2575 0.286667    
-0.2725 0.256667    
-0.2925 0.206667    
-0.305 0.146667    
-0.3125 0.103333    
-0.315 0.0433333    
-0.3125 -0.00333333    
-0.3075 -0.0466667    
-0.295 -0.0966667    
-0.2775 -0.143333    
-0.2525 -0.19    
-0.2225 -0.223333    
-0.2025 -0.226667    
-0.1725 -0.216667    
-0.15 -0.196667    
-0.12 -0.16    
-0.0875 -0.113333    
-0.0625 -0.07    
-0.04 -0.03    
-0.0125 0.03    
0.015 0.0933333    
0.0325 0.14    
0.05 0.196667    
0.065 0.243333    
0.075 0.28    
0.0775 0.3    
0.08 0.32    
0.08 0.33    
0.0775 0.336667    
0.065 0.336667    
0.055 0.333333    
0.0425 0.32    
0.0175 0.286667    
0.0025 0.26    
-0.0125 0.21    
-0.02 0.17    
-0.025 0.126667    
-0.0275 0.0666667    
-0.025 0.00666667    
-0.0175 -0.05    
-0.0075 -0.0933333    
0.01 -0.143333    
0.025 -0.176667    
0.03 -0.19    
0.065 -0.226667    
0.085 -0.243333    
0.115 -0.253333    
0.1375 -0.25    
0.16 -0.24    
0.1775 -0.223333    
0.195 -0.203333    
0.205 -0.19    
0.2125 -0.173333    
0.22 -0.163333    
0.2225 -0.156667    
0.225 -0.15    
