46
-0.0675 0.48    
-0.0975 0.536667    
-0.1225 0.59    
-0.1625 0.653333    
-0.18 0.65    
-0.195 0.61    
-0.23 0.41    
-0.2675 0.09    
-0.28 -0.0933333    
-0.2875 -0.273333    
-0.2925 -0.423333    
-0.29 -0.603333    
-0.2825 -0.633333    
-0.265 -0.58    
-0.26 -0.51    
-0.255 -0.423333    
-0.2475 -0.33    
-0.2225 -0.14    
-0.2 -0.06    
-0.1175 0.05    
-0.055 0.0766667    
0.0925 0.06    
0.1675 0.0133333    
0.235 -0.0566667    
0.3175 -0.16    
0.345 -0.343333    
0.335 -0.45    
0.26 -0.63    
0.1975 -0.69    
0.1275 -0.736667    
0.1275 -0.736667    
0.0375 -0.74    
-0.045 -0.716667    
-0.1775 -0.63    
-0.2525 -0.513333    
-0.27 -0.456667    
-0.2625 -0.426667    
-0.25 -0.406667    
-0.215 -0.386667    
-0.1975 -0.376667    
-0.18 -0.37    
-0.15 -0.36    
-0.125 -0.353333    
-0.1175 -0.346667    
-0.11 -0.343333    
-0.105 -0.34    
