36
-0.2425 0.56    
-0.25 0.536667    
-0.26 0.49    
-0.2775 0.376667    
-0.2975 0.24    
-0.3075 0.15    
-0.31 0.0666667    
-0.3075 0.05    
-0.3 0.07    
-0.2925 0.0933333    
-0.2625 0.163333    
-0.2275 0.23    
-0.185 0.296667    
-0.1125 0.356667    
-0.055 0.386667    
-0.0025 0.39    
0.0575 0.346667    
0.0875 0.283333    
0.1 0.203333    
0.0975 0.0766667    
0.0825 -0.0166667    
0.05 -0.12    
0.0075 -0.183333    
-0.0325 -0.203333    
-0.085 -0.196667    
-0.165 -0.156667    
-0.235 -0.1    
-0.275 -0.05    
-0.3025 0    
-0.315 0.0533333    
-0.31 0.1    
-0.3 0.123333    
-0.285 0.143333    
-0.265 0.153333    
-0.2325 0.17    
-0.2175 0.173333    
