40
-0.145 0.57    
-0.155 0.566667    
-0.1625 0.566667    
-0.17 0.563333    
-0.1725 0.56    
-0.17 0.553333    
-0.1625 0.536667    
-0.15 0.48    
-0.1425 0.43    
-0.13 0.36    
-0.11 0.28    
-0.09 0.21    
-0.06 0.113333    
-0.02 -0.01    
0.01 -0.0933333    
0.04 -0.163333    
0.0825 -0.246667    
0.5125 -0.506667    
0.3775 -0.426667    
0.225 -0.343333    
0.0625 -0.256667    
-0.025 -0.213333    
-0.03 -0.206667    
-0.035 -0.186667    
-0.0425 -0.163333    
-0.05 -0.113333    
-0.06 -0.07    
-0.0675 -0.0233333    
-0.0775 0.0466667    
-0.0875 0.0966667    
-0.1025 0.166667    
-0.1075 0.2    
-0.11 0.226667    
-0.11 0.25    
-0.1075 0.266667    
-0.1025 0.273333    
-0.0925 0.286667    
-0.0825 0.29    
-0.07 0.29    
-0.065 0.283333    
