28
-0.19 0.533333    
-0.1925 0.54    
-0.1925 0.51    
-0.195 0.4    
-0.21 0.233333    
-0.2225 0.1    
-0.2425 -0.0466667    
-0.2625 -0.116667    
-0.27 -0.11    
-0.2675 -0.0633333    
-0.24 0.0466667    
-0.18 0.183333    
-0.1125 0.276667    
-0.0125 0.36    
0.08 0.383333    
0.135 0.36    
0.1725 0.273333    
0.165 0.146667    
0.1325 0.04    
0.0875 -0.0633333    
0.035 -0.15    
-0.0525 -0.24    
-0.105 -0.256667    
-0.135 -0.243333    
-0.1575 -0.196667    
-0.1575 -0.143333    
-0.1525 -0.0866667    
-0.13 -0.02    
