42
-0.03 0.48    
-0.0425 0.496667    
-0.065 0.513333    
-0.0775 0.52    
-0.0875 0.526667    
-0.09 0.523333    
-0.095 0.503333    
-0.095 0.483333    
-0.0925 0.45    
-0.0875 0.353333    
-0.0875 0.286667    
-0.0875 0.22    
-0.0925 0.156667    
-0.1 0.0633333    
-0.105 0.01    
-0.105 -0.00666667    
-0.105 -0.0166667    
-0.105 -0.0233333    
-0.1 -0.01    
-0.09 0.0433333    
-0.0825 0.0833333    
-0.07 0.123333    
-0.0525 0.16    
-0.03 0.19    
0.015 0.22    
0.035 0.22    
0.07 0.2    
0.0825 0.18    
0.09 0.156667    
0.0975 0.106667    
0.0925 0.0766667    
0.075 0.02    
0.0575 -0.01    
0.035 -0.0333333    
-0.0125 -0.0666667    
-0.0375 -0.0733333    
-0.06 -0.0766667    
-0.095 -0.0733333    
-0.1175 -0.0566667    
-0.1175 -0.0566667    
-0.1325 -0.0266667    
-0.1375 -0.0133333    
