66
-0.0875 0.55    
-0.0875 0.55    
-0.0875 0.553333    
-0.0875 0.556667    
-0.0875 0.563333    
-0.0875 0.563333    
-0.09 0.566667    
-0.09 0.566667    
-0.09 0.57    
-0.09 0.573333    
-0.09 0.576667    
-0.09 0.58    
-0.0875 0.583333    
-0.0875 0.583333    
-0.085 0.583333    
-0.085 0.583333    
-0.085 0.583333    
-0.0825 0.573333    
-0.0775 0.523333    
-0.0725 0.473333    
-0.0675 0.403333    
-0.0675 0.21    
-0.0775 0.0866667    
-0.1 -0.05    
-0.125 -0.193333    
-0.1775 -0.45    
-0.2075 -0.633333    
-0.2125 -0.69    
-0.2125 -0.69    
-0.21 -0.726667    
-0.2025 -0.736667    
-0.185 -0.726667    
-0.17 -0.69    
-0.1325 -0.573333    
-0.1125 -0.483333    
-0.075 -0.3    
-0.06 -0.193333    
-0.0475 -0.0966667    
-0.0275 0.0933333    
-0.015 0.183333    
0.0175 0.303333    
0.0375 0.333333    
0.06 0.346667    
0.0825 0.35    
0.1425 0.34    
0.2275 0.303333    
0.2775 0.266667    
0.3275 0.216667    
0.3725 0.156667    
0.4425 0.00333333    
0.455 -0.15    
0.455 -0.15    
0.4175 -0.266667    
0.3825 -0.313333    
0.3 -0.403333    
0.26 -0.456667    
0.22 -0.51    
0.1575 -0.593333    
0.135 -0.616667    
0.0975 -0.616667    
0.085 -0.596667    
0.0775 -0.573333    
0.0725 -0.51    
0.08 -0.476667    
0.085 -0.453333    
0.105 -0.413333    
