47
-0.0225 0.56    
-0.025 0.563333    
-0.0275 0.566667    
-0.03 0.566667    
-0.0325 0.563333    
-0.035 0.553333    
-0.035 0.53    
-0.0425 0.433333    
-0.0475 0.363333    
-0.0525 0.283333    
-0.065 0.14    
-0.0675 0.0633333    
-0.0625 0.0466667    
-0.0575 0.04    
-0.045 0.0466667    
-0.02 0.0733333    
-0.0025 0.1    
0.0125 0.136667    
0.05 0.216667    
0.07 0.26    
0.0925 0.296667    
0.1375 0.346667    
0.165 0.356667    
0.21 0.35    
0.23 0.326667    
0.2425 0.29    
0.2475 0.166667    
0.2425 0.0966667    
0.215 -0.03    
0.1975 -0.0733333    
0.1775 -0.1    
0.125 -0.133333    
0.095 -0.136667    
0.0375 -0.123333    
0.0125 -0.113333    
-0.0075 -0.0933333    
-0.04 -0.0633333    
-0.0475 -0.0433333    
-0.055 -0.0266667    
-0.0575 0.00333333    
-0.0575 0.01    
-0.0575 0.0166667    
-0.05 0.02    
-0.0375 0.0166667    
-0.0375 0.0166667    
-0.0225 0.00666667    
-0.0075 0    
