89
-0.0325 0.813333    
-0.0325 0.806667    
-0.0325 0.803333    
-0.0275 0.793333    
-0.0275 0.79    
-0.025 0.786667    
-0.0225 0.783333    
-0.0225 0.78    
-0.02 0.776667    
-0.02 0.776667    
-0.015 0.77    
-0.015 0.753333    
-0.015 0.736667    
-0.0175 0.71    
-0.0225 0.673333    
-0.04 0.573333    
-0.0525 0.513333    
-0.0625 0.45    
-0.0875 0.32    
-0.0975 0.26    
-0.1175 0.14    
-0.125 0.0833333    
-0.1325 0.0233333    
-0.1525 -0.09    
-0.1825 -0.196667    
-0.1975 -0.243333    
-0.21 -0.29    
-0.23 -0.37    
-0.2375 -0.4    
-0.2425 -0.426667    
-0.25 -0.456667    
-0.2525 -0.46    
-0.2525 -0.453333    
-0.25 -0.436667    
-0.24 -0.363333    
-0.2225 -0.24    
-0.21 -0.17    
-0.2 -0.103333    
-0.1875 -0.0433333    
-0.1625 0.06    
-0.15 0.103333    
-0.135 0.143333    
-0.1025 0.21    
-0.08 0.236667    
-0.0575 0.263333    
-0.0125 0.303333    
0.01 0.323333    
0.0475 0.353333    
0.065 0.366667    
0.085 0.37    
0.1325 0.373333    
0.1325 0.373333    
0.165 0.36    
0.195 0.346667    
0.225 0.326667    
0.275 0.28    
0.2875 0.25    
0.3025 0.183333    
0.305 0.15    
0.305 0.113333    
0.3 0.0833333    
0.29 0.0133333    
0.28 -0.0166667    
0.2675 -0.0466667    
0.2325 -0.1    
0.21 -0.123333    
0.155 -0.17    
0.125 -0.193333    
0.0925 -0.216667    
0.025 -0.27    
-0.0075 -0.296667    
-0.0375 -0.32    
-0.0825 -0.35    
-0.1025 -0.363333    
-0.1375 -0.38    
-0.1475 -0.39    
-0.1625 -0.403333    
-0.1675 -0.406667    
-0.175 -0.406667    
-0.175 -0.406667    
-0.18 -0.41    
-0.1825 -0.41    
-0.185 -0.41    
-0.185 -0.41    
-0.185 -0.406667    
-0.1825 -0.403333    
-0.18 -0.403333    
-0.175 -0.396667    
-0.1725 -0.393333    
