49
-0.0525 0.63    
-0.06 0.603333    
-0.065 0.57    
-0.0725 0.513333    
-0.075 0.49    
-0.0775 0.48    
-0.08 0.466667    
-0.0825 0.46    
-0.095 0.39    
-0.1025 0.33    
-0.1275 0.146667    
-0.1275 0.146667    
-0.1275 0.146667    
-0.1675 -0.116667    
-0.1875 -0.233333    
-0.2025 -0.336667    
-0.2175 -0.42    
-0.2275 -0.476667    
-0.2275 -0.486667    
-0.2225 -0.46    
-0.2175 -0.423333    
-0.2075 -0.37    
-0.1925 -0.24    
-0.1825 -0.156667    
-0.17 -0.0233333    
-0.155 0.07    
-0.14 0.136667    
-0.11 0.23    
-0.0925 0.266667    
-0.0575 0.323333    
-0.04 0.336667    
-0.02 0.346667    
0.0025 0.346667    
0.0475 0.323333    
0.095 0.246667    
0.1175 0.193333    
0.1375 0.13    
0.1625 0.0133333    
0.17 -0.0433333    
0.17 -0.1    
0.165 -0.156667    
0.13 -0.27    
0.1 -0.326667    
0.02 -0.413333    
-0.0275 -0.443333    
-0.075 -0.46    
-0.1475 -0.466667    
-0.1725 -0.463333    
-0.2 -0.436667    
