61
-0.1 0.623333    
-0.1025 0.623333    
-0.105 0.623333    
-0.1075 0.62    
-0.11 0.62    
-0.115 0.616667    
-0.1225 0.61    
-0.1275 0.606667    
-0.135 0.596667    
-0.1375 0.57    
-0.14 0.553333    
-0.1475 0.496667    
-0.155 0.433333    
-0.1675 0.32    
-0.1775 0.223333    
-0.1875 0.09    
-0.1925 -0.00666667    
-0.195 -0.12    
-0.19 -0.203333    
-0.1875 -0.25    
-0.185 -0.283333    
-0.1825 -0.293333    
-0.1825 -0.276667    
-0.1775 -0.226667    
-0.175 -0.193333    
-0.165 -0.126667    
-0.1475 -0.04    
-0.135 0.00333333    
-0.1175 0.04    
-0.1 0.0733333    
-0.0775 0.116667    
-0.0525 0.146667    
-0.035 0.163333    
-0.0175 0.17    
0.005 0.166667    
0.03 0.15    
0.05 0.13    
0.0825 0.0833333    
0.095 0.05    
0.0975 0.0366667    
0.095 -0.02    
0.0675 -0.0966667    
0.05 -0.126667    
0.005 -0.18    
-0.03 -0.206667    
-0.0775 -0.24    
-0.12 -0.263333    
-0.16 -0.283333    
-0.195 -0.303333    
-0.21 -0.31    
-0.2475 -0.326667    
-0.2725 -0.33    
-0.2825 -0.33    
-0.295 -0.32    
-0.3025 -0.293333    
-0.2975 -0.28    
-0.2875 -0.26    
-0.265 -0.223333    
-0.245 -0.2    
-0.215 -0.163333    
-0.2 -0.146667    
