64
-0.2425 0.32    
-0.2425 0.116667    
-0.24 0.0533333    
-0.24 -0.0433333    
-0.24 -0.15    
-0.24 -0.263333    
-0.2375 -0.35    
-0.2375 -0.43    
-0.2375 -0.573333    
-0.235 -0.61    
-0.2375 -0.656667    
-0.2375 -0.7    
-0.2375 -0.723333    
-0.2375 -0.736667    
-0.2375 -0.74    
-0.2325 -0.74    
-0.23 -0.74    
-0.2275 -0.726667    
-0.2275 -0.703333    
-0.2275 -0.65    
-0.2275 -0.6    
-0.2275 -0.513333    
-0.225 -0.443333    
-0.22 -0.36    
-0.2025 -0.263333    
-0.185 -0.213333    
-0.1725 -0.193333    
-0.145 -0.16    
-0.1175 -0.14    
-0.07 -0.11    
-0.0425 -0.1    
-0.0175 -0.0933333    
0.015 -0.1    
0.04 -0.113333    
0.055 -0.13    
0.075 -0.166667    
0.095 -0.233333    
0.1025 -0.316667    
0.0975 -0.386667    
0.0725 -0.486667    
0.05 -0.533333    
0.0225 -0.576667    
-0.0175 -0.626667    
-0.07 -0.69    
-0.09 -0.713333    
-0.12 -0.746667    
-0.1525 -0.79    
-0.1725 -0.81    
-0.205 -0.84    
-0.215 -0.846667    
-0.2275 -0.843333    
-0.2325 -0.84    
-0.2375 -0.83    
-0.2375 -0.82    
-0.2375 -0.806667    
-0.235 -0.793333    
-0.2325 -0.783333    
-0.23 -0.776667    
-0.23 -0.773333    
-0.225 -0.773333    
-0.2175 -0.773333    
-0.215 -0.773333    
-0.2075 -0.773333    
-0.2025 -0.773333    
