60
0.535 0.763333    
0.535 0.763333    
0.535 0.77    
0.535 0.77    
0.5375 0.773333    
0.5375 0.773333    
0.5375 0.773333    
0.535 0.773333    
0.535 0.773333    
0.5325 0.773333    
0.53 0.773333    
0.53 0.776667    
0.53 0.783333    
0.53 0.79    
0.53 0.793333    
0.525 0.8    
0.5025 0.783333    
0.4825 0.763333    
0.4325 0.696667    
0.3575 0.56    
0.315 0.45    
0.29 0.37    
0.2525 0.21    
0.225 0.0166667    
0.2175 -0.0566667    
0.21 -0.18    
0.2075 -0.256667    
0.195 -0.31    
0.1675 -0.33    
0.1175 -0.303333    
0.015 -0.203333    
-0.1025 -0.05    
-0.185 0.07    
-0.2625 0.2    
-0.275 0.256667    
-0.21 0.283333    
0.01 0.286667    
0.19 0.283333    
0.375 0.29    
0.535 0.306667    
0.6775 0.336667    
0.72 0.366667    
0.71 0.403333    
0.645 0.423333    
0.56 0.433333    
0.4925 0.426667    
0.4275 0.423333    
0.3475 0.43    
0.2425 0.45    
0.2 0.456667    
0.115 0.466667    
0.0525 0.476667    
-0.0325 0.48    
-0.105 0.483333    
-0.1525 0.486667    
-0.21 0.49    
-0.23 0.49    
-0.2475 0.493333    
-0.26 0.496667    
-0.265 0.496667    
