57
-0.2175 0.663333    
-0.215 0.623333    
-0.215 0.533333    
-0.22 0.41    
-0.2225 0.303333    
-0.23 0.153333    
-0.235 0.0433333    
-0.24 -0.06    
-0.245 -0.183333    
-0.2475 -0.303333    
-0.25 -0.35    
-0.2525 -0.39    
-0.255 -0.403333    
-0.2625 -0.406667    
-0.265 -0.396667    
-0.27 -0.373333    
-0.2725 -0.316667    
-0.2675 -0.256667    
-0.255 -0.15    
-0.2425 -0.0866667    
-0.2225 -0.0166667    
-0.2 0.0333333    
-0.1675 0.0833333    
-0.13 0.116667    
-0.095 0.133333    
-0.06 0.143333    
-0.035 0.146667    
0.0175 0.14    
0.065 0.123333    
0.095 0.106667    
0.1275 0.0733333    
0.1425 0.04    
0.1525 0.00333333    
0.155 -0.0666667    
0.1475 -0.116667    
0.13 -0.18    
0.11 -0.226667    
0.0875 -0.27    
0.0475 -0.33    
0.025 -0.356667    
-0.0075 -0.386667    
-0.04 -0.403333    
-0.065 -0.41    
-0.0875 -0.416667    
-0.1175 -0.42    
-0.14 -0.42    
-0.16 -0.42    
-0.175 -0.416667    
-0.1825 -0.416667    
-0.1875 -0.413333    
-0.19 -0.41    
-0.1925 -0.406667    
-0.1875 -0.396667    
-0.1825 -0.39    
-0.175 -0.373333    
-0.165 -0.36    
-0.1525 -0.343333    
