94
-0.005 0.416667    
-0.01 0.43    
-0.0125 0.436667    
-0.01 0.44    
-0.01 0.443333    
-0.0025 0.436667    
0.005 0.426667    
0.0175 0.4    
0.0225 0.383333    
0.025 0.363333    
0.03 0.323333    
0.03 0.27    
0.02 0.136667    
0.015 0.0866667    
0.005 0.00666667    
-0.01 -0.103333    
-0.0225 -0.18    
-0.0375 -0.273333    
-0.0525 -0.346667    
-0.065 -0.386667    
-0.08 -0.44    
-0.09 -0.46    
-0.0975 -0.473333    
-0.1025 -0.483333    
-0.1075 -0.483333    
-0.1075 -0.483333    
-0.105 -0.47    
-0.1 -0.45    
-0.09 -0.41    
-0.0825 -0.373333    
-0.07 -0.313333    
-0.055 -0.246667    
-0.04 -0.176667    
-0.025 -0.11    
-0.0075 -0.05    
0.0025 -0.0266667    
0.015 0.00666667    
0.0375 0.04    
0.06 0.0666667    
0.0875 0.0833333    
0.11 0.09    
0.1375 0.0966667    
0.1575 0.0966667    
0.18 0.0966667    
0.1925 0.0933333    
0.2 0.0933333    
0.21 0.09    
0.2225 0.08    
0.2275 0.07    
0.2325 0.0566667    
0.235 0.03    
0.2375 -0.00333333    
0.235 -0.0566667    
0.23 -0.113333    
0.2225 -0.153333    
0.21 -0.206667    
0.2 -0.23    
0.1875 -0.263333    
0.1725 -0.29    
0.165 -0.303333    
0.1475 -0.323333    
0.1325 -0.336667    
0.1075 -0.36    
0.0925 -0.373333    
0.08 -0.386667    
0.0675 -0.403333    
0.0575 -0.416667    
0.05 -0.426667    
0.0425 -0.436667    
0.0275 -0.45    
0.0225 -0.456667    
0.015 -0.46    
0.005 -0.466667    
-0.0025 -0.473333    
-0.015 -0.49    
-0.02 -0.496667    
-0.0275 -0.503333    
-0.03 -0.51    
-0.0375 -0.523333    
-0.0425 -0.533333    
-0.045 -0.543333    
-0.055 -0.563333    
-0.0625 -0.58    
-0.0725 -0.593333    
-0.0775 -0.596667    
-0.0825 -0.6    
-0.09 -0.603333    
-0.0925 -0.603333    
-0.095 -0.606667    
-0.0975 -0.606667    
-0.0975 -0.606667    
-0.0975 -0.606667    
-0.0975 -0.61    
-0.095 -0.61    
