48
-0.2725 0.59    
-0.2775 0.596667    
-0.2775 0.6    
-0.2775 0.596667    
-0.28 0.586667    
-0.28 0.576667    
-0.285 0.553333    
-0.29 0.53    
-0.2975 0.483333    
-0.3 0.413333    
-0.2975 0.323333    
-0.2925 0.216667    
-0.2875 0.163333    
-0.28 0.0633333    
-0.2725 -0.0266667    
-0.27 -0.0833333    
-0.265 -0.156667    
-0.265 -0.18    
-0.2625 -0.206667    
-0.255 -0.206667    
-0.2475 -0.19    
-0.2325 -0.146667    
-0.2175 -0.103333    
-0.19 -0.0133333    
-0.1775 0.0233333    
-0.1475 0.11    
-0.125 0.16    
-0.1025 0.196667    
-0.06 0.243333    
-0.0525 0.246667    
-0.025 0.256667    
0.0025 0.25    
0.03 0.213333    
0.0425 0.163333    
0.0425 0.116667    
0.0375 0.0666667    
0.0125 0    
-0.0125 -0.04    
-0.0575 -0.09    
-0.0925 -0.116667    
-0.1425 -0.14    
-0.1875 -0.15    
-0.2175 -0.143333    
-0.2525 -0.13    
-0.275 -0.11    
-0.2925 -0.09    
-0.2975 -0.0633333    
-0.3 -0.05    
