56
-0.015 0.556667    
-0.04 0.59    
-0.0525 0.593333    
-0.065 0.593333    
-0.0825 0.576667    
-0.0975 0.553333    
-0.105 0.533333    
-0.1125 0.506667    
-0.1225 0.456667    
-0.125 0.42    
-0.13 0.373333    
-0.1325 0.306667    
-0.135 0.22    
-0.1375 0.12    
-0.14 0.04    
-0.1425 -0.0366667    
-0.145 -0.133333    
-0.1475 -0.21    
-0.15 -0.263333    
-0.155 -0.283333    
-0.16 -0.29    
-0.1675 -0.283333    
-0.1725 -0.27    
-0.1775 -0.24    
-0.18 -0.206667    
-0.18 -0.17    
-0.18 -0.123333    
-0.1725 -0.0566667    
-0.1675 -0.01    
-0.1525 0.0433333    
-0.135 0.0866667    
-0.12 0.116667    
-0.09 0.146667    
-0.055 0.173333    
-0.0275 0.186667    
0.005 0.196667    
0.0475 0.203333    
0.0775 0.203333    
0.115 0.196667    
0.1425 0.176667    
0.16 0.153333    
0.165 0.126667    
0.1625 0.08    
0.15 0.0366667    
0.1175 -0.04    
0.0875 -0.0866667    
0.0425 -0.143333    
0.0025 -0.183333    
-0.05 -0.226667    
-0.0875 -0.253333    
-0.13 -0.28    
-0.16 -0.296667    
-0.1775 -0.303333    
-0.1875 -0.306667    
-0.195 -0.306667    
-0.2 -0.306667    
