32
0.0425 0.506667    
0.05 0.516667    
0.06 0.526667    
0.08 0.546667    
0.0875 0.553333    
0.0775 0.56    
0.0525 0.563333    
0.0175 0.563333    
-0.1 0.543333    
-0.1775 0.516667    
-0.2625 0.476667    
-0.4125 0.346667    
-0.4675 0.26    
-0.5175 0.0566667    
-0.5125 -0.04    
-0.4575 -0.22    
-0.415 -0.296667    
-0.375 -0.363333    
-0.335 -0.416667    
-0.265 -0.493333    
-0.2275 -0.52    
-0.16 -0.556667    
-0.1275 -0.563333    
-0.0575 -0.563333    
-0.0275 -0.556667    
-0.0025 -0.546667    
0.02 -0.53    
0.0475 -0.503333    
0.055 -0.486667    
0.06 -0.473333    
0.0575 -0.453333    
0.0525 -0.433333    
