26
-0.0175 0.293333    
-0.015 0.3    
-0.01 0.303333    
-0.01 0.306667    
-0.01 0.306667    
-0.0125 0.313333    
-0.03 0.323333    
-0.07 0.346667    
-0.0975 0.363333    
-0.1325 0.373333    
-0.2025 0.373333    
-0.2325 0.353333    
-0.26 0.32    
-0.28 0.273333    
-0.2875 0.146667    
-0.275 0.0833333    
-0.26 0.0233333    
-0.21 -0.0633333    
-0.1775 -0.09    
-0.1075 -0.113333    
-0.075 -0.11    
-0.0275 -0.0833333    
-0.01 -0.0633333    
0.0025 -0.0466667    
0.015 -0.0333333    
0.035 0.00333333    
