37
0.1625 0.09    
0.16 0.09    
0.155 0.09    
0.1525 0.0933333    
0.1475 0.1    
0.145 0.11    
0.145 0.123333    
0.1475 0.153333    
0.15 0.173333    
0.1525 0.186667    
0.15 0.213333    
0.145 0.226667    
0.1375 0.236667    
0.11 0.256667    
0.065 0.273333    
0.0325 0.283333    
-0.0025 0.286667    
-0.045 0.276667    
-0.1425 0.23    
-0.195 0.19    
-0.2425 0.146667    
-0.32 0.0466667    
-0.3475 -0.01    
-0.3675 -0.0733333    
-0.39 -0.23    
-0.38 -0.313333    
-0.3125 -0.486667    
-0.255 -0.553333    
-0.0975 -0.65    
-0.02 -0.676667    
0.045 -0.686667    
0.0975 -0.69    
0.16 -0.646667    
0.1775 -0.606667    
0.21 -0.506667    
0.225 -0.43    
0.2275 -0.396667    
