32
0.2 0.426667    
0.225 0.44    
0.2325 0.443333    
0.2425 0.446667    
0.2475 0.45    
0.2475 0.45    
0.235 0.446667    
0.1725 0.423333    
0.1275 0.4    
0.0775 0.37    
-0.025 0.283333    
-0.0675 0.223333    
-0.1 0.163333    
-0.1225 0.0366667    
-0.1125 -0.0266667    
-0.0675 -0.136667    
-0.04 -0.176667    
-0.0125 -0.203333    
0.045 -0.22    
0.075 -0.216667    
0.145 -0.206667    
0.175 -0.196667    
0.2 -0.183333    
0.2375 -0.15    
0.2475 -0.133333    
0.2575 -0.1    
0.26 -0.0866667    
0.26 -0.0733333    
0.2575 -0.0633333    
0.255 -0.0466667    
0.2525 -0.0433333    
0.25 -0.04    
