69
0.31 0.43    
0.315 0.43    
0.3225 0.433333    
0.325 0.433333    
0.3325 0.436667    
0.335 0.44    
0.34 0.443333    
0.3425 0.453333    
0.345 0.463333    
0.345 0.476667    
0.34 0.5    
0.3375 0.51    
0.33 0.52    
0.3075 0.536667    
0.29 0.543333    
0.27 0.55    
0.23 0.553333    
0.21 0.553333    
0.1925 0.553333    
0.1625 0.55    
0.1425 0.55    
0.1425 0.55    
0.1125 0.543333    
0.0475 0.516667    
0.0125 0.496667    
-0.0225 0.473333    
-0.0475 0.446667    
-0.0975 0.39    
-0.1375 0.32    
-0.155 0.286667    
-0.1675 0.25    
-0.185 0.173333    
-0.1925 0.133333    
-0.195 0.09    
-0.195 0.05    
-0.19 -0.0266667    
-0.1875 -0.0633333    
-0.1725 -0.136667    
-0.1625 -0.17    
-0.15 -0.2    
-0.125 -0.253333    
-0.11 -0.276667    
-0.0975 -0.3    
-0.0625 -0.333333    
-0.045 -0.346667    
-0.025 -0.353333    
0.02 -0.363333    
0.045 -0.366667    
0.1 -0.36    
0.13 -0.35    
0.1575 -0.336667    
0.2075 -0.306667    
0.25 -0.27    
0.27 -0.253333    
0.29 -0.24    
0.3225 -0.213333    
0.335 -0.203333    
0.345 -0.193333    
0.3525 -0.186667    
0.3625 -0.18    
0.3675 -0.18    
0.3675 -0.18    
0.37 -0.176667    
0.37 -0.176667    
0.3725 -0.176667    
0.3725 -0.176667    
0.3725 -0.176667    
0.3725 -0.176667    
0.3725 -0.176667    
