52
-0.1325 0.306667    
-0.135 0.316667    
-0.14 0.326667    
-0.1425 0.333333    
-0.1475 0.34    
-0.15 0.343333    
-0.155 0.346667    
-0.1575 0.35    
-0.1625 0.353333    
-0.1675 0.356667    
-0.18 0.36    
-0.1975 0.36    
-0.235 0.363333    
-0.285 0.36    
-0.3275 0.35    
-0.3925 0.326667    
-0.4175 0.313333    
-0.4525 0.28    
-0.4825 0.23    
-0.49 0.206667    
-0.4925 0.166667    
-0.485 0.106667    
-0.4625 0.02    
-0.45 -0.0166667    
-0.42 -0.0866667    
-0.3925 -0.133333    
-0.355 -0.186667    
-0.325 -0.22    
-0.28 -0.246667    
-0.22 -0.27    
-0.2 -0.28    
-0.1625 -0.286667    
-0.1425 -0.29    
-0.1275 -0.286667    
-0.12 -0.263333    
-0.1125 -0.223333    
-0.1075 -0.193333    
-0.1025 -0.176667    
-0.0875 -0.136667    
-0.08 -0.123333    
-0.075 -0.113333    
-0.07 -0.106667    
-0.0675 -0.103333    
-0.055 -0.0933333    
-0.045 -0.0833333    
-0.035 -0.08    
-0.0225 -0.07    
-0.0175 -0.0666667    
-0.01 -0.05    
-0.01 -0.0366667    
-0.0125 -0.0266667    
-0.0175 -0.0166667    
