45
0.2275 0.626667    
0.235 0.626667    
0.2475 0.633333    
0.255 0.636667    
0.2575 0.64    
0.2625 0.65    
0.2625 0.653333    
0.2575 0.663333    
0.2475 0.673333    
0.23 0.683333    
0.2 0.693333    
0.1625 0.696667    
0.125 0.7    
0.0725 0.7    
-0.01 0.69    
-0.06 0.68    
-0.1075 0.663333    
-0.155 0.64    
-0.2275 0.576667    
-0.2425 0.56    
-0.2925 0.47    
-0.315 0.416667    
-0.35 0.273333    
-0.355 0.15    
-0.3475 0.0933333    
-0.315 -0.0233333    
-0.275 -0.11    
-0.1875 -0.243333    
-0.1275 -0.313333    
-0.0625 -0.376667    
0.0275 -0.446667    
0.115 -0.493333    
0.18 -0.513333    
0.265 -0.526667    
0.35 -0.53    
0.3775 -0.53    
0.4125 -0.526667    
0.445 -0.52    
0.465 -0.513333    
0.475 -0.506667    
0.485 -0.496667    
0.49 -0.49    
0.495 -0.486667    
0.5025 -0.48    
0.505 -0.48    
