49
0.2875 0.69    
0.2875 0.693333    
0.2875 0.696667    
0.29 0.696667    
0.2925 0.7    
0.295 0.706667    
0.3 0.72    
0.2975 0.74    
0.2675 0.76    
0.2275 0.753333    
0.17 0.726667    
0.08 0.653333    
0.0225 0.576667    
-0.02 0.486667    
-0.0125 0.436667    
0.0725 0.433333    
0.125 0.456667    
0.2925 0.536667    
0.36 0.56    
0.4225 0.553333    
0.44 0.53    
0.4525 0.473333    
0.425 0.266667    
0.4 0.17    
0.3425 -0.04    
0.27 -0.27    
0.1975 -0.486667    
0.165 -0.576667    
0.0925 -0.756667    
0.05 -0.826667    
0.0025 -0.85    
-0.0475 -0.83    
-0.1525 -0.636667    
-0.1975 -0.48    
-0.21 -0.423333    
-0.235 -0.24    
-0.245 0.0333333    
-0.2425 0.12    
-0.23 0.233333    
-0.2275 0.246667    
-0.2325 0.183333    
-0.2375 0.0933333    
-0.2475 -0.103333    
-0.2425 -0.173333    
-0.2375 -0.22    
-0.2325 -0.246667    
-0.2275 -0.263333    
-0.225 -0.27    
-0.2275 -0.266667    
