38
0.015 0.493333    
0.005 0.496667    
-0.01 0.493333    
-0.0325 0.486667    
-0.055 0.48    
-0.085 0.47    
-0.11 0.46    
-0.1425 0.443333    
-0.18 0.426667    
-0.21 0.41    
-0.24 0.39    
-0.2925 0.343333    
-0.3275 0.293333    
-0.35 0.25    
-0.3725 0.183333    
-0.38 0.15    
-0.3875 0.0666667    
-0.385 0.0166667    
-0.3775 -0.05    
-0.3625 -0.116667    
-0.3475 -0.166667    
-0.32 -0.23    
-0.2975 -0.273333    
-0.2625 -0.32    
-0.235 -0.346667    
-0.1925 -0.366667    
-0.16 -0.376667    
-0.1025 -0.376667    
-0.0725 -0.37    
-0.0425 -0.363333    
-0.0125 -0.356667    
0.015 -0.35    
0.0325 -0.35    
0.045 -0.35    
0.06 -0.35    
0.0725 -0.35    
0.0775 -0.35    
0.085 -0.35    
