61
0.055 0.26    
0.0625 0.266667    
0.065 0.273333    
0.07 0.28    
0.0775 0.286667    
0.0925 0.293333    
0.1075 0.296667    
0.1175 0.3    
0.1275 0.3    
0.1325 0.303333    
0.1325 0.303333    
0.1275 0.303333    
0.12 0.303333    
0.1125 0.303333    
0.0875 0.306667    
0.0725 0.306667    
0.045 0.31    
0.0325 0.31    
0.01 0.31    
-0.0225 0.306667    
-0.0275 0.306667    
-0.045 0.303333    
-0.07 0.29    
-0.1 0.27    
-0.115 0.256667    
-0.14 0.226667    
-0.1575 0.193333    
-0.18 0.143333    
-0.2025 0.08    
-0.2175 0.0266667    
-0.235 -0.0666667    
-0.24 -0.106667    
-0.2425 -0.173333    
-0.24 -0.216667    
-0.23 -0.263333    
-0.21 -0.3    
-0.1875 -0.32    
-0.1525 -0.34    
-0.11 -0.356667    
-0.0725 -0.36    
-0.025 -0.363333    
0.0125 -0.356667    
0.0625 -0.34    
0.0975 -0.323333    
0.15 -0.293333    
0.18 -0.28    
0.2125 -0.27    
0.2375 -0.263333    
0.255 -0.263333    
0.2675 -0.27    
0.28 -0.28    
0.2925 -0.306667    
0.3 -0.326667    
0.3025 -0.333333    
0.305 -0.34    
0.3025 -0.34    
0.3025 -0.343333    
0.3 -0.343333    
0.2975 -0.343333    
0.2925 -0.34    
0.2875 -0.333333    
