33
-0.1525 0.463333    
-0.15 0.463333    
-0.15 0.46    
-0.1475 0.453333    
-0.145 0.446667    
-0.1475 0.446667    
-0.155 0.456667    
-0.1675 0.466667    
-0.195 0.48    
-0.22 0.483333    
-0.2625 0.47    
-0.2975 0.45    
-0.3425 0.413333    
-0.3725 0.38    
-0.4075 0.326667    
-0.435 0.273333    
-0.4475 0.23    
-0.455 0.17    
-0.4525 0.13    
-0.44 0.0733333    
-0.4175 0.03    
-0.3825 -0.00666667    
-0.3475 -0.0233333    
-0.31 -0.0333333    
-0.255 -0.03    
-0.1975 -0.0166667    
-0.1325 0.02    
-0.1125 0.0366667    
-0.0875 0.0633333    
-0.065 0.0933333    
-0.06 0.11    
-0.06 0.116667    
-0.0675 0.123333    
