33
-0.1325 0.323333    
-0.13 0.33    
-0.13 0.333333    
-0.1325 0.34    
-0.135 0.343333    
-0.14 0.346667    
-0.15 0.346667    
-0.1725 0.346667    
-0.1925 0.343333    
-0.2275 0.33    
-0.25 0.316667    
-0.27 0.303333    
-0.3025 0.27    
-0.3175 0.243333    
-0.33 0.216667    
-0.3425 0.17    
-0.3475 0.126667    
-0.35 0.06    
-0.3425 -0.01    
-0.3275 -0.0633333    
-0.3025 -0.123333    
-0.27 -0.176667    
-0.2425 -0.203333    
-0.2125 -0.223333    
-0.1625 -0.24    
-0.135 -0.24    
-0.0975 -0.23    
-0.0725 -0.22    
-0.045 -0.203333    
-0.03 -0.19    
-0.01 -0.173333    
-0.0025 -0.166667    
0.005 -0.16    
