54
0.1875 0.673333    
0.195 0.66    
0.2 0.623333    
0.2 0.573333    
0.195 0.506667    
0.185 0.33    
0.18 0.223333    
0.1775 0.12    
0.1675 -0.0533333    
0.165 -0.116667    
0.165 -0.17    
0.155 -0.206667    
0.1425 -0.196667    
0.1075 -0.126667    
0.0875 -0.07    
0.0325 0.0766667    
0.0025 0.153333    
-0.03 0.223333    
-0.095 0.333333    
-0.13 0.366667    
-0.17 0.376667    
-0.2525 0.326667    
-0.29 0.266667    
-0.3225 0.186667    
-0.365 -0.00333333    
-0.3725 -0.103333    
-0.3525 -0.263333    
-0.33 -0.316667    
-0.3025 -0.35    
-0.23 -0.37    
-0.1875 -0.36    
-0.14 -0.34    
-0.04 -0.29    
0.0075 -0.26    
0.0475 -0.226667    
0.115 -0.17    
0.145 -0.12    
0.1525 -0.0966667    
0.1575 -0.0766667    
0.16 -0.06    
0.1625 -0.0266667    
0.1625 -0.0166667    
0.165 -0.00666667    
0.1725 -0.0166667    
0.18 -0.0366667    
0.205 -0.11    
0.22 -0.156667    
0.2375 -0.213333    
0.2725 -0.323333    
0.2875 -0.363333    
0.315 -0.42    
0.3225 -0.433333    
0.33 -0.44    
0.335 -0.436667    
