52
-0.19 0.186667    
-0.195 0.183333    
-0.2 0.18    
-0.205 0.18    
-0.2125 0.176667    
-0.2275 0.166667    
-0.2475 0.143333    
-0.2675 0.1    
-0.29 0.01    
-0.2925 -0.08    
-0.2775 -0.173333    
-0.2325 -0.286667    
-0.1825 -0.35    
-0.1075 -0.4    
-0.04 -0.416667    
0.0175 -0.39    
0.0625 -0.343333    
0.11 -0.24    
0.14 -0.116667    
0.155 -0.01    
0.1625 0.123333    
0.16 0.213333    
0.1525 0.306667    
0.1475 0.42    
0.145 0.493333    
0.14 0.563333    
0.135 0.643333    
0.13 0.67    
0.1225 0.683333    
0.115 0.693333    
0.11 0.693333    
0.1 0.69    
0.0875 0.68    
0.075 0.666667    
0.06 0.626667    
0.0425 0.506667    
0.035 0.343333    
0.0375 0.196667    
0.0525 0    
0.0675 -0.12    
0.0875 -0.256667    
0.1 -0.343333    
0.1125 -0.426667    
0.125 -0.503333    
0.1525 -0.606667    
0.17 -0.656667    
0.1825 -0.693333    
0.195 -0.716667    
0.205 -0.736667    
0.21 -0.743333    
0.215 -0.743333    
0.215 -0.74    
