67
0.145 0.0366667    
0.1425 0.0333333    
0.14 0.03    
0.14 0.03    
0.135 0.0266667    
0.13 0.0233333    
0.1175 0.0266667    
0.105 0.03    
0.08 0.0333333    
0.0475 0.0333333    
0.015 0.0333333    
-0.02 0.03    
-0.065 0.0166667    
-0.11 0    
-0.15 -0.0233333    
-0.1775 -0.05    
-0.2125 -0.0966667    
-0.2325 -0.14    
-0.255 -0.206667    
-0.265 -0.26    
-0.2625 -0.346667    
-0.245 -0.38    
-0.2175 -0.403333    
-0.1775 -0.423333    
-0.1375 -0.43    
-0.115 -0.43    
-0.105 -0.436667    
-0.095 -0.43    
-0.08 -0.406667    
-0.0625 -0.376667    
-0.03 -0.323333    
0.005 -0.256667    
0.0275 -0.206667    
0.0575 -0.14    
0.08 -0.0766667    
0.0975 -0.02    
0.1175 0.0466667    
0.1325 0.113333    
0.14 0.156667    
0.155 0.23    
0.16 0.273333    
0.165 0.316667    
0.1675 0.35    
0.165 0.36    
0.1625 0.36    
0.16 0.35    
0.155 0.32    
0.1575 0.293333    
0.1575 0.24    
0.1575 0.19    
0.1625 0.0933333    
0.165 0.0333333    
0.17 -0.0266667    
0.1725 -0.106667    
0.18 -0.183333    
0.1875 -0.233333    
0.2 -0.296667    
0.2125 -0.34    
0.23 -0.383333    
0.245 -0.416667    
0.26 -0.436667    
0.275 -0.45    
0.2975 -0.453333    
0.3125 -0.436667    
0.3175 -0.413333    
0.3175 -0.393333    
0.3075 -0.37    
