126
-0.0175 0.26    
-0.0175 0.256667    
-0.015 0.25    
-0.015 0.25    
-0.0175 0.25    
-0.02 0.25    
-0.0275 0.256667    
-0.0325 0.256667    
-0.0375 0.256667    
-0.04 0.256667    
-0.0475 0.25    
-0.05 0.246667    
-0.055 0.246667    
-0.0625 0.246667    
-0.07 0.253333    
-0.09 0.263333    
-0.1025 0.266667    
-0.1175 0.27    
-0.1575 0.266667    
-0.18 0.26    
-0.2225 0.233333    
-0.2425 0.216667    
-0.2775 0.183333    
-0.2925 0.16    
-0.305 0.133333    
-0.31 0.0866667    
-0.325 -0.01    
-0.33 -0.106667    
-0.33 -0.15    
-0.3325 -0.173333    
-0.3275 -0.193333    
-0.2975 -0.226667    
-0.2775 -0.24    
-0.255 -0.25    
-0.2125 -0.256667    
-0.195 -0.253333    
-0.1625 -0.233333    
-0.15 -0.216667    
-0.125 -0.18    
-0.1125 -0.16    
-0.1 -0.136667    
-0.09 -0.11    
-0.0675 -0.0466667    
-0.0575 -0.01    
-0.05 0.0266667    
-0.04 0.0933333    
-0.0375 0.12    
-0.035 0.18    
-0.035 0.206667    
-0.035 0.23    
-0.0375 0.28    
-0.0375 0.303333    
-0.04 0.323333    
-0.045 0.366667    
-0.0475 0.39    
-0.0525 0.423333    
-0.0575 0.44    
-0.06 0.453333    
-0.07 0.476667    
-0.0725 0.49    
-0.0775 0.5    
-0.0825 0.516667    
-0.0825 0.536667    
-0.0825 0.536667    
-0.0825 0.556667    
-0.08 0.576667    
-0.08 0.583333    
-0.08 0.593333    
-0.08 0.6    
-0.08 0.61    
-0.08 0.616667    
-0.08 0.623333    
-0.08 0.626667    
-0.08 0.63    
-0.08 0.63    
-0.0775 0.63    
-0.075 0.613333    
-0.075 0.6    
-0.0775 0.58    
-0.0775 0.553333    
-0.0725 0.49    
-0.0625 0.45    
-0.0425 0.376667    
-0.0325 0.34    
-0.0175 0.273333    
-0.015 0.243333    
-0.01 0.216667    
-0.0025 0.156667    
0.0025 0.126667    
0.01 0.07    
0.0125 0.0466667    
0.0125 0.0466667    
0.0125 0.0466667    
0.0225 0    
0.035 -0.0366667    
0.035 -0.0366667    
0.0475 -0.0633333    
0.0475 -0.07    
0.0525 -0.0866667    
0.0525 -0.0966667    
0.0525 -0.103333    
0.0475 -0.123333    
0.045 -0.136667    
0.04 -0.15    
0.0325 -0.176667    
0.03 -0.19    
0.03 -0.21    
0.03 -0.216667    
0.03 -0.223333    
0.0325 -0.23    
0.03 -0.233333    
0.03 -0.233333    
0.03 -0.236667    
0.0275 -0.236667    
0.0275 -0.233333    
0.025 -0.233333    
0.025 -0.233333    
0.0225 -0.236667    
0.0225 -0.24    
0.0225 -0.243333    
0.0225 -0.25    
0.02 -0.253333    
0.02 -0.256667    
0.02 -0.26    
0.0175 -0.26    
0.0175 -0.263333    
