72
-0.22 0.06    
-0.22 0.07    
-0.22 0.09    
-0.2175 0.106667    
-0.22 0.126667    
-0.2225 0.146667    
-0.2275 0.176667    
-0.235 0.193333    
-0.235 0.193333    
-0.24 0.2    
-0.2425 0.206667    
-0.2425 0.206667    
-0.245 0.206667    
-0.2475 0.206667    
-0.25 0.203333    
-0.2525 0.203333    
-0.2575 0.193333    
-0.26 0.186667    
-0.265 0.18    
-0.275 0.163333    
-0.285 0.15    
-0.3075 0.113333    
-0.32 0.0866667    
-0.3375 0.0166667    
-0.3425 -0.0266667    
-0.3475 -0.07    
-0.3475 -0.113333    
-0.35 -0.16    
-0.3475 -0.243333    
-0.3425 -0.283333    
-0.335 -0.35    
-0.3325 -0.376667    
-0.3325 -0.396667    
-0.335 -0.423333    
-0.34 -0.43    
-0.3425 -0.426667    
-0.35 -0.413333    
-0.3575 -0.396667    
-0.3775 -0.35    
-0.39 -0.323333    
-0.405 -0.3    
-0.445 -0.276667    
-0.445 -0.276667    
-0.47 -0.286667    
-0.4975 -0.306667    
-0.52 -0.333333    
-0.55 -0.4    
-0.5525 -0.43    
-0.55 -0.456667    
-0.53 -0.496667    
-0.515 -0.51    
-0.495 -0.516667    
-0.4475 -0.506667    
-0.425 -0.493333    
-0.3875 -0.463333    
-0.38 -0.453333    
-0.3675 -0.44    
-0.365 -0.433333    
-0.3625 -0.43    
-0.36 -0.426667    
-0.355 -0.42    
-0.355 -0.416667    
-0.3525 -0.413333    
-0.3525 -0.41    
-0.3525 -0.41    
-0.355 -0.41    
-0.3575 -0.41    
-0.3575 -0.41    
-0.3575 -0.41    
-0.36 -0.41    
-0.36 -0.406667    
-0.36 -0.406667    
