46
0.04 0.16    
0.04 0.163333    
0.04 0.166667    
0.04 0.166667    
0.035 0.163333    
0.03 0.16    
0.025 0.156667    
0 0.15    
-0.0375 0.15    
-0.0375 0.15    
-0.085 0.163333    
-0.1075 0.163333    
-0.145 0.143333    
-0.155 0.116667    
-0.16 0.0433333    
-0.15 0    
-0.13 -0.04    
-0.1 -0.07    
-0.025 -0.0833333    
0.045 -0.01    
0.0725 0.05    
0.0925 0.12    
0.105 0.203333    
0.1175 0.356667    
0.115 0.426667    
0.1125 0.486667    
0.1025 0.58    
0.1 0.613333    
0.0975 0.66    
0.0975 0.67    
0.0975 0.68    
0.095 0.66    
0.09 0.626667    
0.085 0.496667    
0.0825 0.406667    
0.09 0.313333    
0.0975 0.22    
0.125 0.06    
0.1425 -0.00333333    
0.18 -0.0966667    
0.1975 -0.126667    
0.2175 -0.15    
0.2175 -0.15    
0.2625 -0.166667    
0.2825 -0.163333    
0.2975 -0.156667    
