90
0.02 0.126667    
0.02 0.12    
0.0175 0.1    
0.0125 0.09    
0.0025 0.08    
-0.0275 0.0733333    
-0.0525 0.08    
-0.1125 0.09    
-0.15 0.09    
-0.19 0.0766667    
-0.285 0    
-0.335 -0.05    
-0.385 -0.123333    
-0.46 -0.276667    
-0.48 -0.346667    
-0.475 -0.52    
-0.4525 -0.613333    
-0.41 -0.716667    
-0.365 -0.813333    
-0.28 -0.923333    
-0.2125 -0.926667    
-0.17 -0.913333    
-0.1225 -0.89    
-0.07 -0.87    
0.0175 -0.763333    
0.045 -0.676667    
0.06 -0.57    
0.0775 -0.323333    
0.1125 -0.08    
0.1125 -0.08    
0.1625 0.13    
0.2075 0.303333    
0.2225 0.376667    
0.235 0.44    
0.2525 0.546667    
0.2575 0.59    
0.2625 0.63    
0.2725 0.696667    
0.2775 0.723333    
0.2825 0.746667    
0.29 0.786667    
0.2925 0.8    
0.2925 0.813333    
0.285 0.803333    
0.2575 0.713333    
0.235 0.633333    
0.2125 0.533333    
0.1875 0.413333    
0.135 0.16    
0.0975 -0.116667    
0.0875 -0.253333    
0.0875 -0.38    
0.11 -0.59    
0.12 -0.656667    
0.13 -0.706667    
0.1425 -0.743333    
0.1575 -0.773333    
0.1975 -0.83    
0.2225 -0.853333    
0.2775 -0.88    
0.305 -0.88    
0.3375 -0.87    
0.415 -0.83    
0.415 -0.83    
0.4625 -0.796667    
0.505 -0.76    
0.5425 -0.73    
0.5875 -0.676667    
0.59 -0.67    
0.585 -0.66    
0.5825 -0.66    
0.575 -0.656667    
0.5625 -0.656667    
0.55 -0.656667    
0.54 -0.656667    
0.515 -0.666667    
0.505 -0.666667    
0.495 -0.673333    
0.4925 -0.673333    
0.4925 -0.666667    
0.4925 -0.663333    
0.49 -0.656667    
0.49 -0.653333    
0.4875 -0.65    
0.4875 -0.646667    
0.4875 -0.643333    
0.4875 -0.64    
0.4875 -0.636667    
0.4875 -0.633333    
0.49 -0.633333    
