49
0.195 0.5    
0.1975 0.546667    
0.195 0.62    
0.195 0.643333    
0.195 0.65    
0.195 0.626667    
0.1925 0.583333    
0.1825 0.426667    
0.1725 0.32    
0.1625 0.21    
0.1525 0.02    
0.1525 -0.0433333    
0.155 -0.0833333    
0.16 -0.1    
0.16 -0.08    
0.16 0.0166667    
0.1525 0.0766667    
0.14 0.14    
0.0975 0.22    
0.07 0.236667    
0.01 0.236667    
-0.02 0.213333    
-0.045 0.18    
-0.045 0.18    
-0.0675 0.103333    
-0.0825 0.02    
-0.075 -0.136667    
-0.0575 -0.203333    
-0.03 -0.226667    
0.03 -0.25    
0.0625 -0.253333    
0.125 -0.226667    
0.1525 -0.206667    
0.1925 -0.143333    
0.2025 -0.113333    
0.2075 -0.0866667    
0.21 -0.07    
0.2075 -0.06    
0.2075 -0.0866667    
0.21 -0.13    
0.225 -0.25    
0.2375 -0.31    
0.2675 -0.383333    
0.2825 -0.4    
0.31 -0.4    
0.32 -0.39    
0.33 -0.373333    
0.3425 -0.323333    
0.3475 -0.29    
