102
0.08 0    
0.08 0.0166667    
0.075 0.0433333    
0.0725 0.0566667    
0.0675 0.06    
0.0675 0.0666667    
0.065 0.0766667    
0.05 0.106667    
0.0375 0.13    
0.0075 0.173333    
0.0075 0.173333    
-0.05 0.223333    
-0.07 0.23    
-0.0875 0.233333    
-0.105 0.233333    
-0.1225 0.23    
-0.155 0.22    
-0.17 0.21    
-0.1975 0.173333    
-0.2175 0.116667    
-0.2175 0.106667    
-0.2275 0.02    
-0.23 -0.0233333    
-0.23 -0.0666667    
-0.225 -0.15    
-0.2225 -0.19    
-0.2175 -0.263333    
-0.2125 -0.3    
-0.205 -0.336667    
-0.1825 -0.403333    
-0.17 -0.436667    
-0.1375 -0.486667    
-0.12 -0.5    
-0.1 -0.506667    
-0.0575 -0.486667    
-0.035 -0.463333    
0.005 -0.39    
0.0225 -0.346667    
0.035 -0.293333    
0.05 -0.24    
0.075 -0.113333    
0.0875 -0.0466667    
0.115 0.0833333    
0.125 0.143333    
0.15 0.25    
0.16 0.3    
0.18 0.396667    
0.19 0.443333    
0.1975 0.486667    
0.205 0.53    
0.2125 0.566667    
0.2225 0.626667    
0.225 0.65    
0.23 0.686667    
0.23 0.7    
0.23 0.71    
0.23 0.73    
0.23 0.74    
0.23 0.74    
0.225 0.746667    
0.22 0.74    
0.205 0.71    
0.1925 0.68    
0.18 0.646667    
0.155 0.56    
0.1425 0.513333    
0.13 0.466667    
0.1125 0.383333    
0.105 0.343333    
0.095 0.266667    
0.0925 0.236667    
0.0925 0.236667    
0.09 0.196667    
0.09 0.163333    
0.0925 0.126667    
0.1 0.0366667    
0.105 -0.00333333    
0.12 -0.0866667    
0.1275 -0.126667    
0.145 -0.2    
0.1525 -0.233333    
0.1625 -0.266667    
0.1875 -0.326667    
0.2 -0.353333    
0.2125 -0.376667    
0.2275 -0.4    
0.2525 -0.436667    
0.2675 -0.453333    
0.2925 -0.473333    
0.31 -0.483333    
0.3225 -0.486667    
0.3425 -0.493333    
0.3575 -0.5    
0.3625 -0.5    
0.365 -0.5    
0.3675 -0.503333    
0.37 -0.503333    
0.37 -0.503333    
0.37 -0.506667    
0.3725 -0.506667    
0.3725 -0.506667    
0.3725 -0.506667    
