43
0.0825 0.616667    
0.085 0.616667    
0.085 0.613333    
0.09 0.596667    
0.0925 0.573333    
0.0975 0.54    
0.115 0.443333    
0.13 0.3    
0.135 0.223333    
0.135 0.143333    
0.135 0.07    
0.1275 -0.0433333    
0.1175 -0.11    
0.1175 -0.11    
0.1075 -0.143333    
0.1 -0.15    
0.0975 -0.143333    
0.09 -0.123333    
0.065 -0.05    
0.0475 -0.00666667    
0.0275 0.0433333    
-0.015 0.116667    
-0.0425 0.143333    
-0.1 0.163333    
-0.1275 0.156667    
-0.155 0.133333    
-0.18 0.0966667    
-0.215 -0.0166667    
-0.2225 -0.0833333    
-0.22 -0.16    
-0.185 -0.303333    
-0.155 -0.356667    
-0.12 -0.4    
-0.045 -0.433333    
-0.01 -0.426667    
0.0525 -0.39    
0.075 -0.36    
0.0925 -0.326667    
0.11 -0.256667    
0.1125 -0.216667    
0.11 -0.136667    
0.1025 -0.1    
0.0975 -0.07    
