100
-0.215 0.5    
-0.2175 0.503333    
-0.2225 0.503333    
-0.225 0.503333    
-0.235 0.493333    
-0.2425 0.483333    
-0.25 0.47    
-0.2575 0.456667    
-0.2675 0.433333    
-0.2725 0.42    
-0.275 0.406667    
-0.28 0.39    
-0.2825 0.383333    
-0.2975 0.376667    
-0.3275 0.373333    
-0.3525 0.37    
-0.38 0.37    
-0.405 0.366667    
-0.4375 0.353333    
-0.475 0.323333    
-0.49 0.296667    
-0.5025 0.253333    
-0.5025 0.216667    
-0.495 0.176667    
-0.4675 0.11    
-0.4425 0.0733333    
-0.405 0.0366667    
-0.3875 0.02    
-0.35 -0.00333333    
-0.3025 -0.0233333    
-0.2825 -0.0266667    
-0.24 -0.04    
-0.21 -0.05    
-0.185 -0.06    
-0.17 -0.0633333    
-0.145 -0.0466667    
-0.1275 -0.01    
-0.1175 0.02    
-0.095 0.103333    
-0.0825 0.17    
-0.08 0.223333    
-0.0775 0.276667    
-0.08 0.363333    
-0.08 0.396667    
-0.08 0.456667    
-0.08 0.5    
-0.08 0.55    
-0.085 0.61    
-0.09 0.633333    
-0.095 0.673333    
-0.11 0.74    
-0.12 0.783333    
-0.13 0.83    
-0.145 0.886667    
-0.165 0.946667    
-0.1725 0.966667    
-0.19 0.95    
-0.18 0.916667    
-0.1575 0.846667    
-0.14 0.79    
-0.1325 0.75    
-0.115 0.663333    
-0.1075 0.6    
-0.1025 0.516667    
-0.0975 0.463333    
-0.0925 0.396667    
-0.0875 0.353333    
-0.0825 0.326667    
-0.08 0.29    
-0.0775 0.256667    
-0.0775 0.233333    
-0.075 0.216667    
-0.0725 0.193333    
-0.0725 0.173333    
-0.0725 0.156667    
-0.07 0.136667    
-0.0725 0.13    
-0.0775 0.116667    
-0.08 0.11    
-0.0875 0.1    
-0.0975 0.09    
-0.1 0.0866667    
-0.1 0.0866667    
-0.1 0.0866667    
-0.095 0.0966667    
-0.0925 0.1    
-0.09 0.11    
-0.0875 0.12    
-0.0825 0.13    
-0.0825 0.133333    
-0.08 0.136667    
-0.08 0.143333    
-0.08 0.143333    
-0.0775 0.146667    
-0.0775 0.15    
-0.0775 0.15    
-0.0775 0.153333    
-0.0775 0.153333    
-0.0775 0.156667    
-0.0775 0.156667    
