66
-0.1 0.816667    
-0.1025 0.793333    
-0.1025 0.77    
-0.105 0.73    
-0.1025 0.706667    
-0.1025 0.68    
-0.1 0.64    
-0.0975 0.606667    
-0.095 0.546667    
-0.0925 0.483333    
-0.085 0.343333    
-0.08 0.24    
-0.075 0.126667    
-0.0675 -0.0266667    
-0.055 -0.216667    
-0.0525 -0.293333    
-0.0475 -0.45    
-0.045 -0.55    
-0.045 -0.66    
-0.045 -0.726667    
-0.04 -0.79    
-0.0375 -0.8    
-0.0325 -0.8    
-0.0225 -0.75    
-0.0125 -0.686667    
-0.005 -0.603333    
0.0025 -0.516667    
0.01 -0.403333    
0.0125 -0.303333    
0.005 -0.216667    
-0.0025 -0.156667    
-0.02 -0.0766667    
-0.0375 -0.00666667    
-0.0575 0.0366667    
-0.095 0.0933333    
-0.13 0.123333    
-0.1875 0.153333    
-0.24 0.163333    
-0.31 0.156667    
-0.36 0.13    
-0.425 0.0766667    
-0.4675 0.0266667    
-0.53 -0.1    
-0.5425 -0.143333    
-0.5525 -0.21    
-0.545 -0.313333    
-0.5175 -0.423333    
-0.485 -0.503333    
-0.4125 -0.633333    
-0.365 -0.693333    
-0.31 -0.743333    
-0.2175 -0.796667    
-0.1825 -0.803333    
-0.1125 -0.806667    
-0.055 -0.796667    
-0.02 -0.783333    
0.0025 -0.776667    
0.03 -0.766667    
0.055 -0.756667    
0.0675 -0.75    
0.0775 -0.74    
0.0825 -0.74    
0.085 -0.736667    
0.085 -0.733333    
0.085 -0.73    
0.085 -0.73    
