41
0.0075 0.603333    
0.01 0.633333    
0.0125 0.646667    
0.0175 0.676667    
0.0225 0.7    
0.0275 0.72    
0.0275 0.726667    
0.03 0.73    
0.03 0.733333    
0.03 0.733333    
0.03 0.733333    
0.025 0.716667    
-0.005 0.633333    
-0.07 0.416667    
-0.1325 0.18    
-0.175 0.00666667    
-0.195 -0.0866667    
-0.2225 -0.2    
-0.24 -0.196667    
-0.2425 -0.0766667    
-0.2275 0.0566667    
-0.175 0.283333    
-0.1275 0.386667    
-0.065 0.453333    
0.005 0.5    
0.1275 0.526667    
0.1825 0.506667    
0.2175 0.443333    
0.2175 0.273333    
0.19 0.103333    
0.1425 -0.116667    
0.0975 -0.286667    
0.0875 -0.313333    
0.06 -0.356667    
0.0125 -0.326667    
-0.0075 -0.286667    
-0.025 -0.24    
-0.04 -0.193333    
-0.05 -0.103333    
-0.055 -0.03    
-0.0575 0.00333333    
