57
0.0775 -0.01    
0.0525 0.0166667    
0.0225 0.0366667    
-0.0375 0.0566667    
-0.115 0.06    
-0.175 0.05    
-0.25 0.0133333    
-0.305 -0.0566667    
-0.3275 -0.12    
-0.3325 -0.19    
-0.3125 -0.283333    
-0.2725 -0.363333    
-0.2175 -0.43    
-0.1775 -0.466667    
-0.1275 -0.493333    
-0.0925 -0.496667    
-0.05 -0.48    
-0.025 -0.45    
0.005 -0.383333    
0.0225 -0.32    
0.04 -0.19    
0.05 -0.103333    
0.055 -0.0166667    
0.06 0.0966667    
0.0625 0.176667    
0.065 0.28    
0.0675 0.366667    
0.0675 0.433333    
0.0675 0.47    
0.0675 0.48    
0.0625 0.5    
0.0525 0.5    
0.045 0.483333    
0.035 0.44    
0.0275 0.39    
0.0175 0.303333    
0.0075 0.206667    
0 0.106667    
-0.005 0.04    
-0.005 -0.04    
-0.0025 -0.0966667    
0.005 -0.163333    
0.015 -0.206667    
0.03 -0.26    
0.045 -0.293333    
0.065 -0.333333    
0.0875 -0.363333    
0.1025 -0.383333    
0.125 -0.406667    
0.145 -0.423333    
0.1625 -0.436667    
0.18 -0.446667    
0.195 -0.45    
0.2125 -0.456667    
0.23 -0.46    
0.24 -0.46    
0.2525 -0.46    
