85
0.04 0.02    
0.04 0.0166667    
0.04 0.0133333    
0.04 0.0133333    
0.03 0.0166667    
0.01 0.0166667    
-0.005 0.02    
-0.0475 0.01    
-0.0775 -0.00333333    
-0.1075 -0.0266667    
-0.135 -0.06    
-0.185 -0.16    
-0.205 -0.22    
-0.215 -0.26    
-0.2275 -0.333333    
-0.2325 -0.4    
-0.2325 -0.42    
-0.2275 -0.456667    
-0.215 -0.48    
-0.19 -0.513333    
-0.1675 -0.523333    
-0.145 -0.526667    
-0.1125 -0.513333    
-0.09 -0.49    
-0.0475 -0.423333    
-0.015 -0.353333    
0.0075 -0.29    
0.0275 -0.223333    
0.045 -0.16    
0.0675 -0.06    
0.0775 -0.00333333    
0.08 0.0166667    
0.09 0.103333    
0.0975 0.15    
0.1 0.19    
0.105 0.223333    
0.11 0.263333    
0.1125 0.286667    
0.1125 0.306667    
0.115 0.333333    
0.115 0.353333    
0.1175 0.38    
0.1175 0.403333    
0.1175 0.416667    
0.115 0.433333    
0.115 0.446667    
0.115 0.453333    
0.115 0.463333    
0.115 0.463333    
0.115 0.466667    
0.115 0.456667    
0.1175 0.443333    
0.1175 0.393333    
0.1125 0.333333    
0.1 0.193333    
0.085 0.0933333    
0.0675 -0.00333333    
0.0425 -0.153333    
0.035 -0.206667    
0.0225 -0.293333    
0.0175 -0.346667    
0.0175 -0.42    
0.0175 -0.45    
0.02 -0.476667    
0.02 -0.506667    
0.02 -0.536667    
0.02 -0.546667    
0.0225 -0.58    
0.0225 -0.606667    
0.0225 -0.633333    
0.0225 -0.646667    
0.0175 -0.656667    
0.0175 -0.656667    
0.015 -0.656667    
0.0175 -0.65    
0.0225 -0.643333    
0.0225 -0.64    
0.025 -0.636667    
0.025 -0.633333    
0.025 -0.63    
0.025 -0.626667    
0.0275 -0.626667    
0.03 -0.63    
0.03 -0.63    
0.0325 -0.633333    
