53
-0.11 0.226667    
-0.11 0.216667    
-0.11 0.21    
-0.1175 0.2    
-0.1275 0.203333    
-0.1425 0.21    
-0.1725 0.216667    
-0.2125 0.216667    
-0.245 0.206667    
-0.295 0.18    
-0.33 0.15    
-0.37 0.1    
-0.395 0.06    
-0.4225 0.00333333    
-0.44 -0.0433333    
-0.45 -0.09    
-0.455 -0.143333    
-0.4525 -0.183333    
-0.43 -0.253333    
-0.4225 -0.263333    
-0.395 -0.286667    
-0.3425 -0.296667    
-0.2975 -0.283333    
-0.2375 -0.24    
-0.1725 -0.163333    
-0.155 -0.13    
-0.1275 -0.05    
-0.1125 0.01    
-0.1 0.09    
-0.0925 0.15    
-0.0825 0.226667    
-0.075 0.32    
-0.0725 0.353333    
-0.07 0.426667    
-0.07 0.5    
-0.0675 0.523333    
-0.0675 0.56    
-0.07 0.576667    
-0.0775 0.576667    
-0.085 0.566667    
-0.0925 0.536667    
-0.1 0.466667    
-0.1 0.4    
-0.095 0.266667    
-0.0875 0.206667    
-0.0625 0.0633333    
-0.0425 -0.0233333    
0.0025 -0.136667    
0.0425 -0.216667    
0.1 -0.31    
0.14 -0.366667    
0.18 -0.413333    
0.2 -0.433333    
