54
-0.1125 0.213333    
-0.1125 0.223333    
-0.11 0.233333    
-0.115 0.25    
-0.1225 0.26    
-0.14 0.27    
-0.1725 0.28    
-0.205 0.283333    
-0.2525 0.276667    
-0.29 0.26    
-0.3175 0.233333    
-0.34 0.196667    
-0.345 0.163333    
-0.3425 0.143333    
-0.3275 0.0966667    
-0.31 0.0666667    
-0.2675 0.03    
-0.24 0.02    
-0.2175 0.0166667    
-0.1875 0.0233333    
-0.1675 0.0366667    
-0.1425 0.06    
-0.125 0.0866667    
-0.1 0.13    
-0.0775 0.186667    
-0.06 0.233333    
-0.035 0.303333    
-0.0175 0.36    
0.0025 0.426667    
0.0225 0.493333    
0.035 0.54    
0.0475 0.586667    
0.0525 0.613333    
0.055 0.633333    
0.0525 0.643333    
0.0425 0.64    
0.0275 0.62    
0.0075 0.57    
-0.01 0.523333    
-0.03 0.456667    
-0.04 0.403333    
-0.05 0.333333    
-0.055 0.286667    
-0.0575 0.216667    
-0.06 0.15    
-0.0575 0.103333    
-0.0525 0.0466667    
-0.045 -0.01    
-0.0425 -0.0333333    
-0.0325 -0.0733333    
-0.025 -0.0966667    
-0.02 -0.116667    
-0.0125 -0.13    
-0.01 -0.136667    
