52
-0.415 0.196667    
-0.4125 0.19    
-0.41 0.186667    
-0.4025 0.18    
-0.3925 0.18    
-0.37 0.186667    
-0.35 0.196667    
-0.32 0.213333    
-0.285 0.23    
-0.1775 0.27    
-0.04 0.31    
0.035 0.33    
0.1075 0.34    
0.175 0.353333    
0.28 0.376667    
0.3125 0.39    
0.335 0.406667    
0.33 0.44    
0.305 0.46    
0.22 0.49    
0.1625 0.5    
0.1 0.506667    
-0.0375 0.493333    
-0.1025 0.47    
-0.215 0.416667    
-0.2575 0.386667    
-0.2575 0.386667    
-0.3025 0.35    
-0.34 0.323333    
-0.3725 0.296667    
-0.435 0.25    
-0.4625 0.216667    
-0.4975 0.123333    
-0.5075 0.07    
-0.4975 -0.05    
-0.475 -0.11    
-0.445 -0.163333    
-0.4075 -0.206667    
-0.3325 -0.273333    
-0.2925 -0.293333    
-0.2575 -0.306667    
-0.2 -0.306667    
-0.1675 -0.296667    
-0.095 -0.27    
-0.05 -0.256667    
-0.005 -0.243333    
0.04 -0.23    
0.1225 -0.21    
0.155 -0.203333    
0.205 -0.193333    
0.2225 -0.19    
0.2325 -0.186667    
