32
-0.3375 0.09    
-0.3075 0.0666667    
-0.2575 0.0433333    
-0.185 0.0166667    
-0.0725 -0.00666667    
0.03 -0.00666667    
0.145 0.0166667    
0.2175 0.0466667    
0.29 0.103333    
0.325 0.156667    
0.34 0.213333    
0.3125 0.323333    
0.2725 0.393333    
0.22 0.46    
0.155 0.503333    
0.0525 0.533333    
-0.0225 0.526667    
-0.1275 0.483333    
-0.175 0.453333    
-0.24 0.39    
-0.295 0.316667    
-0.3475 0.216667    
-0.3725 0.136667    
-0.3825 0.05    
-0.3625 -0.0666667    
-0.3125 -0.193333    
-0.2525 -0.29    
-0.155 -0.4    
-0.08 -0.466667    
0.0025 -0.52    
0.08 -0.56    
0.18 -0.596667    
