36
0.11 0.15    
0.1025 0.15    
0.095 0.153333    
0.075 0.16    
0.065 0.163333    
0.0525 0.17    
0.05 0.17    
0.0525 0.17    
0.085 0.17    
0.12 0.17    
0.1675 0.173333    
0.2825 0.193333    
0.34 0.206667    
0.39 0.223333    
0.4625 0.256667    
0.485 0.276667    
0.515 0.326667    
0.52 0.353333    
0.5175 0.38    
0.49 0.433333    
0.4625 0.456667    
0.43 0.48    
0.355 0.496667    
0.315 0.486667    
0.275 0.463333    
0.2125 0.393333    
0.1875 0.34    
0.1675 0.226667    
0.185 0.1    
0.2075 0.0466667    
0.2375 0.00333333    
0.3075 -0.0666667    
0.345 -0.09    
0.3825 -0.11    
0.4175 -0.123333    
0.4775 -0.133333    
