47
-0.14 -0.113333    
-0.1475 -0.103333    
-0.15 -0.0966667    
-0.1525 -0.0933333    
-0.1475 -0.09    
-0.13 -0.0733333    
-0.105 -0.06    
-0.075 -0.0433333    
-0.035 -0.0266667    
0.0075 -0.0133333    
0.0075 -0.0133333    
0.1475 0.0733333    
0.2125 0.126667    
0.335 0.28    
0.3575 0.346667    
0.38 0.413333    
0.395 0.52    
0.39 0.553333    
0.3775 0.576667    
0.315 0.616667    
0.265 0.633333    
0.2075 0.643333    
0.07 0.633333    
-0.0775 0.556667    
-0.0775 0.556667    
-0.2275 0.423333    
-0.285 0.34    
-0.3325 0.253333    
-0.36 0.04    
-0.35 -0.0733333    
-0.3025 -0.29    
-0.2725 -0.38    
-0.225 -0.473333    
-0.1175 -0.62    
-0.0075 -0.72    
0.0425 -0.74    
0.095 -0.746667    
0.2275 -0.706667    
0.2925 -0.676667    
0.3475 -0.646667    
0.435 -0.586667    
0.465 -0.56    
0.485 -0.53    
0.5025 -0.496667    
0.5225 -0.433333    
0.5225 -0.406667    
0.5125 -0.363333    
