41
-0.045 0.116667    
-0.045 0.0933333    
-0.0375 0.0733333    
0.005 0.0433333    
0.035 0.04    
0.12 0.05    
0.165 0.0666667    
0.205 0.0866667    
0.265 0.156667    
0.2825 0.246667    
0.2825 0.246667    
0.2575 0.343333    
0.2275 0.393333    
0.1875 0.436667    
0.085 0.503333    
0.0275 0.513333    
-0.0725 0.476667    
-0.1075 0.436667    
-0.155 0.323333    
-0.1675 0.263333    
-0.1725 0.12    
-0.1725 0.12    
-0.1425 -0.0166667    
-0.075 -0.12    
-0.0275 -0.153333    
0.0225 -0.183333    
0.0775 -0.2    
0.1775 -0.216667    
0.2225 -0.206667    
0.28 -0.173333    
0.315 -0.136667    
0.335 -0.113333    
0.3475 -0.0933333    
0.3625 -0.0633333    
0.3625 -0.03    
0.3625 -0.03    
0.3625 -0.03    
0.36 -0.0166667    
0.3575 0.00666667    
0.3575 0.01    
0.355 0.00666667    
