75
-0.14 0.446667    
-0.15 0.44    
-0.1575 0.43    
-0.1675 0.413333    
-0.175 0.396667    
-0.175 0.396667    
-0.175 0.396667    
-0.175 0.376667    
-0.1675 0.363333    
-0.155 0.35    
-0.11 0.33    
-0.08 0.323333    
-0.05 0.32    
-0.015 0.32    
0.055 0.326667    
0.1275 0.346667    
0.1625 0.363333    
0.195 0.383333    
0.22 0.403333    
0.255 0.436667    
0.265 0.453333    
0.27 0.47    
0.2675 0.506667    
0.2625 0.52    
0.2425 0.55    
0.2275 0.563333    
0.2125 0.576667    
0.1775 0.6    
0.1375 0.61    
0.1125 0.613333    
0.09 0.61    
0.0475 0.6    
0.025 0.59    
0.0075 0.58    
-0.0125 0.566667    
-0.045 0.53    
-0.06 0.503333    
-0.075 0.47    
-0.1 0.4    
-0.115 0.363333    
-0.1425 0.29    
-0.155 0.25    
-0.1675 0.21    
-0.18 0.133333    
-0.1825 0.0933333    
-0.1825 0.0566667    
-0.1775 -0.02    
-0.1625 -0.09    
-0.15 -0.126667    
-0.1375 -0.156667    
-0.1075 -0.21    
-0.0875 -0.233333    
-0.065 -0.25    
-0.0175 -0.266667    
0.01 -0.266667    
0.04 -0.263333    
0.0675 -0.25    
0.1275 -0.21    
0.16 -0.18    
0.2225 -0.123333    
0.2525 -0.0933333    
0.3 -0.04    
0.32 -0.0166667    
0.335 0.00333333    
0.355 0.0333333    
0.36 0.0433333    
0.3625 0.0533333    
0.365 0.0666667    
0.365 0.0733333    
0.365 0.0766667    
0.3675 0.08    
0.3675 0.08    
0.3675 0.08    
0.365 0.08    
0.365 0.0733333    
