35
-0.13 0.286667    
-0.14 0.28    
-0.145 0.253333    
-0.125 0.21    
-0.125 0.21    
-0.0725 0.143333    
-0.0325 0.106667    
0.0075 0.0766667    
0.0925 0.0333333    
0.1625 0.02    
0.1925 0.0233333    
0.2175 0.0366667    
0.235 0.0533333    
0.2625 0.1    
0.27 0.166667    
0.265 0.206667    
0.25 0.243333    
0.23 0.276667    
0.175 0.336667    
0.1375 0.353333    
0.1 0.36    
0.0175 0.333333    
-0.0225 0.296667    
-0.0625 0.24    
-0.135 0.0733333    
-0.165 -0.0266667    
-0.1875 -0.126667    
-0.2075 -0.313333    
-0.1975 -0.47    
-0.1825 -0.53    
-0.1625 -0.58    
-0.135 -0.616667    
-0.06 -0.656667    
-0.0175 -0.656667    
0.0675 -0.636667    
