80
-0.1575 0.23    
-0.16 0.223333    
-0.16 0.22    
-0.16 0.216667    
-0.16 0.216667    
-0.155 0.216667    
-0.15 0.216667    
-0.1375 0.216667    
-0.1225 0.22    
-0.095 0.22    
-0.07 0.22    
-0.035 0.216667    
0.0075 0.216667    
0.0275 0.213333    
0.04 0.203333    
0.045 0.193333    
0.045 0.186667    
0.045 0.193333    
0.0525 0.213333    
0.065 0.253333    
0.0825 0.3    
0.0875 0.333333    
0.08 0.376667    
0.0575 0.426667    
0.0475 0.456667    
0.025 0.52    
0.0075 0.576667    
-0.005 0.62    
-0.025 0.67    
-0.035 0.69    
-0.05 0.703333    
-0.0525 0.706667    
-0.0725 0.706667    
-0.1125 0.686667    
-0.1325 0.676667    
-0.185 0.64    
-0.2125 0.616667    
-0.2425 0.586667    
-0.2575 0.57    
-0.2825 0.543333    
-0.3125 0.513333    
-0.3225 0.5    
-0.345 0.476667    
-0.3575 0.456667    
-0.3725 0.433333    
-0.3825 0.413333    
-0.395 0.376667    
-0.4025 0.346667    
-0.4075 0.32    
-0.41 0.293333    
-0.4125 0.26    
-0.41 0.206667    
-0.405 0.173333    
-0.395 0.143333    
-0.3775 0.106667    
-0.3525 0.0733333    
-0.3275 0.05    
-0.2925 0.0233333    
-0.24 -0.01    
-0.22 -0.0233333    
-0.185 -0.04    
-0.1325 -0.0666667    
-0.1025 -0.0866667    
-0.075 -0.1    
-0.04 -0.116667    
-0.0175 -0.123333    
0.0125 -0.123333    
0.0375 -0.116667    
0.0575 -0.11    
0.0775 -0.103333    
0.095 -0.0966667    
0.1075 -0.0833333    
0.11 -0.06    
0.11 -0.05    
0.105 -0.0333333    
0.1025 -0.0233333    
0.1025 -0.01    
0.105 -0.00333333    
0.11 0.00333333    
0.12 0.0133333    
