57
-0.3025 0.203333    
-0.3075 0.193333    
-0.305 0.176667    
-0.2925 0.153333    
-0.2725 0.136667    
-0.2525 0.123333    
-0.2025 0.103333    
-0.1125 0.08    
-0.05 0.0733333    
0.01 0.0666667    
0.07 0.0633333    
0.1575 0.07    
0.2025 0.08    
0.2425 0.0966667    
0.2875 0.123333    
0.32 0.153333    
0.325 0.163333    
0.3375 0.196667    
0.34 0.246667    
0.3225 0.296667    
0.275 0.36    
0.235 0.393333    
0.1725 0.433333    
0.1375 0.45    
0.08 0.47    
-0.0225 0.49    
-0.0575 0.49    
-0.1225 0.486667    
-0.185 0.48    
-0.2425 0.463333    
-0.27 0.453333    
-0.3175 0.416667    
-0.365 0.346667    
-0.38 0.306667    
-0.4 0.216667    
-0.4075 0.143333    
-0.405 0.04    
-0.39 -0.0666667    
-0.37 -0.146667    
-0.345 -0.23    
-0.295 -0.366667    
-0.2575 -0.443333    
-0.2025 -0.536667    
-0.155 -0.596667    
-0.1025 -0.646667    
0.0025 -0.706667    
0.0375 -0.723333    
0.0875 -0.743333    
0.145 -0.76    
0.1925 -0.773333    
0.245 -0.78    
0.245 -0.78    
0.27 -0.78    
0.305 -0.78    
0.32 -0.776667    
0.335 -0.776667    
0.3475 -0.773333    
