47
0.1175 0.5    
0.115 0.5    
0.115 0.51    
0.115 0.52    
0.115 0.526667    
0.1125 0.536667    
0.1125 0.546667    
0.1125 0.573333    
0.1175 0.593333    
0.1275 0.59    
0.1375 0.546667    
0.15 0.466667    
0.1725 0.29    
0.185 0.196667    
0.195 0.143333    
0.195 0.146667    
0.175 0.223333    
0.15 0.306667    
0.1375 0.343333    
0.12 0.39    
0.11 0.393333    
0.0975 0.326667    
0.09 0.23    
0.09 0.0666667    
0.1 -0.206667    
0.105 -0.356667    
0.1125 -0.57    
0.1175 -0.793333    
0.1125 -0.893333    
0.0925 -0.956667    
0.08 -0.963333    
0.0625 -0.933333    
0.05 -0.856667    
0.0425 -0.75    
0.04 -0.64    
0.0375 -0.586667    
0.035 -0.503333    
0.0275 -0.443333    
0.0175 -0.396667    
0.0125 -0.363333    
0.005 -0.323333    
0 -0.296667    
-0.005 -0.253333    
-0.0075 -0.206667    
-0.0075 -0.176667    
-0.005 -0.146667    
0 -0.106667    
