60
-0.29 0.193333    
-0.285 0.186667    
-0.2775 0.176667    
-0.2675 0.163333    
-0.2525 0.15    
-0.235 0.133333    
-0.2025 0.113333    
-0.175 0.0966667    
-0.1375 0.0833333    
-0.0975 0.08    
-0.0575 0.08    
-0.01 0.09    
0.0275 0.106667    
0.045 0.116667    
0.0625 0.13    
0.07 0.136667    
0.0775 0.15    
0.08 0.17    
0.075 0.186667    
0.065 0.216667    
0.0525 0.236667    
0.0225 0.266667    
0 0.283333    
-0.025 0.293333    
-0.06 0.306667    
-0.09 0.313333    
-0.13 0.316667    
-0.16 0.316667    
-0.1975 0.313333    
-0.2325 0.303333    
-0.265 0.293333    
-0.2875 0.283333    
-0.31 0.273333    
-0.325 0.263333    
-0.3425 0.246667    
-0.355 0.223333    
-0.36 0.203333    
-0.365 0.176667    
-0.3575 0.12    
-0.3475 0.0766667    
-0.3325 0.0366667    
-0.31 -0.0233333    
-0.29 -0.07    
-0.275 -0.1    
-0.2375 -0.163333    
-0.2075 -0.206667    
-0.165 -0.26    
-0.125 -0.303333    
-0.095 -0.326667    
-0.0675 -0.346667    
-0.0275 -0.37    
-0.0025 -0.38    
0.0275 -0.39    
0.045 -0.4    
0.0675 -0.406667    
0.0825 -0.41    
0.095 -0.413333    
0.105 -0.413333    
0.1125 -0.41    
0.1175 -0.406667    
