70
-0.0375 0.0366667    
-0.015 0.0333333    
-0.0025 0.03    
0.025 0.03    
0.05 0.0333333    
0.085 0.0466667    
0.12 0.07    
0.145 0.0933333    
0.175 0.126667    
0.2 0.173333    
0.2125 0.206667    
0.2225 0.23    
0.225 0.243333    
0.2325 0.263333    
0.2325 0.27    
0.23 0.293333    
0.225 0.303333    
0.2175 0.316667    
0.2025 0.326667    
0.1775 0.33    
0.155 0.33    
0.1175 0.323333    
0.085 0.316667    
0.0325 0.296667    
-0.005 0.28    
-0.0225 0.27    
-0.0525 0.243333    
-0.075 0.213333    
-0.0925 0.176667    
-0.105 0.143333    
-0.12 0.0866667    
-0.13 0.0266667    
-0.135 -0.02    
-0.14 -0.0766667    
-0.1375 -0.136667    
-0.1325 -0.16    
-0.125 -0.186667    
-0.1175 -0.21    
-0.105 -0.236667    
-0.095 -0.253333    
-0.0825 -0.266667    
-0.065 -0.28    
-0.045 -0.293333    
-0.015 -0.31    
0 -0.316667    
0.0225 -0.326667    
0.045 -0.34    
0.0625 -0.346667    
0.085 -0.353333    
0.0875 -0.356667    
0.1075 -0.356667    
0.1275 -0.35    
0.14 -0.343333    
0.16 -0.336667    
0.1725 -0.333333    
0.1825 -0.33    
0.2025 -0.326667    
0.21 -0.326667    
0.2175 -0.323333    
0.225 -0.32    
0.2275 -0.316667    
0.23 -0.313333    
0.23 -0.31    
0.2325 -0.306667    
0.235 -0.306667    
0.24 -0.306667    
0.2425 -0.306667    
0.2475 -0.31    
0.25 -0.31    
0.2525 -0.313333    
