45
-0.245 0.04    
-0.235 0.04    
-0.23 0.04    
-0.21 0.04    
-0.1825 0.05    
-0.1575 0.06    
-0.12 0.07    
-0.0875 0.0766667    
-0.0525 0.08    
-0.0275 0.08    
0.02 0.0866667    
0.0575 0.1    
0.0925 0.13    
0.0975 0.146667    
0.105 0.193333    
0.1 0.233333    
0.085 0.286667    
0.0675 0.326667    
0.0375 0.37    
0 0.4    
-0.0325 0.42    
-0.0675 0.433333    
-0.1175 0.436667    
-0.1725 0.423333    
-0.2125 0.4    
-0.265 0.346667    
-0.32 0.256667    
-0.335 0.216667    
-0.3575 0.133333    
-0.3625 0.0733333    
-0.3625 0.01    
-0.3575 -0.03    
-0.34 -0.0833333    
-0.3075 -0.133333    
-0.2375 -0.19    
-0.1775 -0.213333    
-0.095 -0.226667    
-0.055 -0.226667    
0.035 -0.213333    
0.0725 -0.196667    
0.1 -0.18    
0.12 -0.16    
0.1275 -0.13    
0.1225 -0.1    
0.12 -0.0933333    
