47
-0.085 0.143333    
-0.095 0.15    
-0.105 0.15    
-0.1075 0.15    
-0.11 0.15    
-0.1075 0.146667    
-0.1 0.146667    
-0.0825 0.143333    
-0.065 0.146667    
-0.0325 0.153333    
0 0.166667    
0.0225 0.18    
0.0525 0.2    
0.0775 0.226667    
0.0925 0.243333    
0.1025 0.26    
0.11 0.283333    
0.105 0.296667    
0.09 0.313333    
0.0675 0.32    
0.0225 0.32    
-0.0175 0.313333    
-0.0875 0.3    
-0.1275 0.286667    
-0.1625 0.276667    
-0.1925 0.263333    
-0.2275 0.233333    
-0.2525 0.2    
-0.2625 0.166667    
-0.265 0.143333    
-0.26 0.0933333    
-0.25 0.0533333    
-0.2225 0.00333333    
-0.1875 -0.0433333    
-0.155 -0.07    
-0.1125 -0.0933333    
-0.0725 -0.103333    
-0.0425 -0.106667    
-0.0075 -0.103333    
0.015 -0.1    
0.04 -0.09    
0.06 -0.0833333    
0.0725 -0.0766667    
0.08 -0.07    
0.09 -0.0633333    
0.095 -0.06    
0.0975 -0.0566667    
