45
0.245 0.236667    
0.2425 0.253333    
0.2425 0.263333    
0.24 0.28    
0.2375 0.286667    
0.2275 0.31    
0.2175 0.326667    
0.2 0.346667    
0.1775 0.37    
0.105 0.42    
0.0575 0.443333    
0.005 0.456667    
-0.1025 0.45    
-0.155 0.42    
-0.2475 0.303333    
-0.2775 0.213333    
-0.305 0.1    
-0.31 -0.0233333    
-0.2825 -0.373333    
-0.2675 -0.523333    
-0.255 -0.613333    
-0.245 -0.683333    
-0.2725 -0.753333    
-0.2975 -0.75    
-0.3325 -0.726667    
-0.4275 -0.636667    
-0.4775 -0.576667    
-0.5875 -0.426667    
-0.6375 -0.356667    
-0.6975 -0.246667    
-0.7025 -0.206667    
-0.685 -0.173333    
-0.65 -0.153333    
-0.515 -0.146667    
-0.4275 -0.146667    
-0.3375 -0.153333    
-0.185 -0.166667    
-0.0825 -0.173333    
-0.0525 -0.17    
-0.035 -0.163333    
-0.03 -0.153333    
-0.035 -0.12    
-0.0425 -0.103333    
-0.05 -0.0866667    
-0.07 -0.0533333    
