29
0.13 0.406667    
0.0725 0.363333    
0.0125 0.31    
-0.0575 0.213333    
-0.095 0.13    
-0.1175 0.04    
-0.13 -0.0533333    
-0.1275 -0.186667    
-0.115 -0.296667    
-0.105 -0.366667    
-0.1 -0.43    
-0.115 -0.44    
-0.1625 -0.406667    
-0.21 -0.356667    
-0.2775 -0.27    
-0.295 -0.246667    
-0.3425 -0.16    
-0.355 -0.106667    
-0.355 -0.06    
-0.3275 -0.0133333    
-0.265 0.00666667    
-0.1975 0.01    
-0.115 0.00666667    
-0.025 -0.00333333    
0.125 -0.00666667    
0.2025 -0.00333333    
0.2625 0.00666667    
0.3025 0.0233333    
0.32 0.05    
