26
0.0125 0.39    
0.0275 0.426667    
0.04 0.463333    
0.035 0.483333    
0.0125 0.476667    
-0.0425 0.43    
-0.09 0.37    
-0.125 0.303333    
-0.18 0.133333    
-0.19 0.0433333    
-0.1825 -0.163333    
-0.1375 -0.306667    
-0.1025 -0.376667    
-0.07 -0.446667    
-0.065 -0.483333    
-0.08 -0.51    
-0.1225 -0.516667    
-0.1775 -0.493333    
-0.2275 -0.44    
-0.245 -0.386667    
-0.2375 -0.306667    
-0.1875 -0.236667    
-0.13 -0.193333    
-0.03 -0.15    
0.0525 -0.123333    
0.16 -0.103333    
