34
0.3 0.503333    
0.29 0.52    
0.2775 0.53    
0.245 0.546667    
0.225 0.553333    
0.1875 0.57    
0.165 0.573333    
0.1475 0.57    
0.115 0.546667    
0.105 0.516667    
0.0975 0.473333    
0.095 0.323333    
0.1 0.23    
0.1025 0.14    
0.105 -0.0333333    
0.1025 -0.1    
0.1 -0.156667    
0.09 -0.243333    
0.085 -0.27    
0.0725 -0.29    
0.0575 -0.28    
0.04 -0.256667    
-0.015 -0.163333    
-0.0475 -0.103333    
-0.08 -0.0433333    
-0.1275 0.0633333    
-0.1425 0.1    
-0.145 0.163333    
-0.13 0.183333    
-0.1 0.193333    
0 0.196667    
0.065 0.19    
0.195 0.173333    
0.255 0.17    
