70
0.0975 0.396667    
0.1 0.4    
0.1025 0.4    
0.1075 0.403333    
0.1125 0.403333    
0.115 0.406667    
0.1225 0.42    
0.1275 0.426667    
0.1325 0.45    
0.135 0.46    
0.1375 0.476667    
0.14 0.486667    
0.1425 0.496667    
0.1425 0.503333    
0.1425 0.506667    
0.1375 0.51    
0.1175 0.51    
0.105 0.51    
0.0775 0.506667    
0.0575 0.503333    
0.0325 0.493333    
-0.0025 0.48    
-0.085 0.44    
-0.125 0.413333    
-0.19 0.343333    
-0.2175 0.296667    
-0.245 0.226667    
-0.28 0.0266667    
-0.285 -0.0733333    
-0.2825 -0.176667    
-0.26 -0.353333    
-0.2525 -0.416667    
-0.2575 -0.553333    
-0.2675 -0.616667    
-0.28 -0.683333    
-0.305 -0.8    
-0.31 -0.83    
-0.3325 -0.82    
-0.3475 -0.786667    
-0.3625 -0.726667    
-0.3875 -0.656667    
-0.44 -0.486667    
-0.465 -0.393333    
-0.5075 -0.263333    
-0.535 -0.203333    
-0.57 -0.09    
-0.5825 -0.04    
-0.5975 0.0266667    
-0.5975 0.0733333    
-0.6 0.123333    
-0.5975 0.136667    
-0.585 0.146667    
-0.585 0.146667    
-0.54 0.14    
-0.43 0.103333    
-0.35 0.0833333    
-0.1725 0.03    
-0.0875 0.0133333    
0.0575 -0.0166667    
0.11 -0.0266667    
0.155 -0.0333333    
0.2025 -0.0433333    
0.28 -0.0633333    
0.305 -0.07    
0.32 -0.0733333    
0.3225 -0.08    
0.315 -0.0833333    
0.3 -0.0866667    
0.2925 -0.09    
0.2825 -0.0866667    
