44
0.1175 0.276667    
0.1425 0.32    
0.1775 0.42    
0.185 0.473333    
0.1775 0.56    
0.1625 0.586667    
0.145 0.6    
0.095 0.596667    
0.065 0.57    
0.0325 0.52    
-0.0275 0.34    
-0.045 0.206667    
-0.0525 -0.07    
-0.0425 -0.193333    
-0.0325 -0.293333    
-0.02 -0.426667    
-0.0175 -0.47    
-0.0175 -0.526667    
-0.015 -0.536667    
-0.0125 -0.533333    
-0.0225 -0.483333    
-0.0325 -0.44    
-0.0625 -0.323333    
-0.08 -0.26    
-0.095 -0.203333    
-0.105 -0.11    
-0.095 -0.0733333    
-0.0775 -0.0433333    
-0.0475 -0.0166667    
0.04 0.0266667    
0.09 0.0433333    
0.185 0.0666667    
0.2225 0.07    
0.2525 0.08    
0.2875 0.103333    
0.295 0.113333    
0.2975 0.123333    
0.295 0.13    
0.2925 0.136667    
0.2825 0.15    
0.2725 0.166667    
0.2625 0.183333    
0.245 0.213333    
0.2375 0.223333    
