98
0.1325 0.616667    
0.13 0.623333    
0.125 0.633333    
0.12 0.643333    
0.1175 0.65    
0.1125 0.653333    
0.11 0.656667    
0.105 0.663333    
0.1025 0.663333    
0.1 0.66    
0.09 0.643333    
0.085 0.63    
0.0775 0.593333    
0.075 0.57    
0.07 0.546667    
0.0625 0.486667    
0.0575 0.456667    
0.055 0.423333    
0.0575 0.356667    
0.065 0.283333    
0.07 0.25    
0.075 0.22    
0.08 0.19    
0.085 0.123333    
0.0875 0.0833333    
0.09 0.0366667    
0.0975 -0.06    
0.1 -0.106667    
0.1075 -0.196667    
0.1075 -0.236667    
0.11 -0.276667    
0.1125 -0.316667    
0.115 -0.4    
0.1175 -0.436667    
0.1225 -0.513333    
0.125 -0.553333    
0.1275 -0.593333    
0.1275 -0.673333    
0.125 -0.71    
0.115 -0.77    
0.1075 -0.796667    
0.0975 -0.826667    
0.0725 -0.87    
0.06 -0.89    
0.0325 -0.92    
0.02 -0.93    
0.0075 -0.94    
-0.0025 -0.95    
-0.015 -0.956667    
-0.0225 -0.956667    
-0.0225 -0.956667    
-0.025 -0.953333    
-0.025 -0.95    
-0.0275 -0.933333    
-0.0325 -0.92    
-0.035 -0.903333    
-0.0475 -0.846667    
-0.06 -0.8    
-0.1025 -0.663333    
-0.135 -0.58    
-0.1725 -0.49    
-0.2475 -0.316667    
-0.3025 -0.183333    
-0.3025 -0.183333    
-0.335 -0.0866667    
-0.3425 -0.0533333    
-0.35 0.01    
-0.35 0.0333333    
-0.345 0.0566667    
-0.3175 0.0866667    
-0.295 0.0933333    
-0.2275 0.106667    
-0.185 0.116667    
-0.14 0.126667    
-0.14 0.126667    
-0.0775 0.14    
0.045 0.163333    
0.1 0.176667    
0.15 0.19    
0.175 0.203333    
0.21 0.223333    
0.22 0.226667    
0.235 0.233333    
0.24 0.233333    
0.25 0.236667    
0.2675 0.236667    
0.2825 0.233333    
0.2875 0.233333    
0.29 0.23    
0.295 0.23    
0.295 0.23    
0.3 0.233333    
0.3 0.233333    
0.3 0.233333    
0.3025 0.236667    
0.3025 0.236667    
0.3025 0.236667    
0.305 0.24    
