39
0.1075 0.513333    
0.14 0.593333    
0.1575 0.63    
0.185 0.69    
0.195 0.706667    
0.2025 0.716667    
0.1925 0.71    
0.175 0.693333    
0.1475 0.653333    
0.0625 0.506667    
0.0125 0.393333    
-0.0325 0.256667    
-0.1 -0.0433333    
-0.1175 -0.19    
-0.135 -0.423333    
-0.1375 -0.506667    
-0.1425 -0.613333    
-0.1425 -0.613333    
-0.1525 -0.65    
-0.185 -0.606667    
-0.2125 -0.556667    
-0.245 -0.49    
-0.275 -0.413333    
-0.3225 -0.266667    
-0.3375 -0.203333    
-0.35 -0.0933333    
-0.3475 -0.0466667    
-0.325 0.0266667    
-0.3025 0.05    
-0.275 0.0666667    
-0.2375 0.08    
-0.145 0.0966667    
-0.0925 0.1    
0.015 0.103333    
0.0625 0.11    
0.105 0.113333    
0.1625 0.13    
0.1925 0.133333    
0.1925 0.133333    
