76
0.025 0.616667    
0.0275 0.616667    
0.025 0.62    
0.025 0.62    
0.02 0.64    
0.015 0.656667    
0.0025 0.676667    
-0.0025 0.68    
-0.0175 0.67    
-0.03 0.653333    
-0.0425 0.633333    
-0.0675 0.593333    
-0.08 0.566667    
-0.0975 0.52    
-0.1075 0.476667    
-0.1125 0.44    
-0.1175 0.403333    
-0.1225 0.326667    
-0.125 0.256667    
-0.1275 0.22    
-0.1275 0.16    
-0.125 0.113333    
-0.1275 0.03    
-0.135 -0.05    
-0.15 -0.13    
-0.16 -0.163333    
-0.1875 -0.22    
-0.2125 -0.253333    
-0.2725 -0.296667    
-0.2925 -0.303333    
-0.3475 -0.29    
-0.3775 -0.273333    
-0.4 -0.256667    
-0.44 -0.21    
-0.475 -0.153333    
-0.505 -0.08    
-0.51 -0.05    
-0.51 0.00666667    
-0.5025 0.0433333    
-0.47 0.1    
-0.445 0.126667    
-0.4125 0.153333    
-0.3775 0.173333    
-0.3225 0.206667    
-0.2625 0.236667    
-0.1875 0.263333    
-0.1525 0.263333    
-0.13 0.256667    
-0.115 0.246667    
-0.0975 0.22    
-0.0925 0.21    
-0.08 0.206667    
-0.0675 0.2    
-0.0525 0.196667    
-0.045 0.2    
-0.04 0.203333    
-0.035 0.206667    
-0.03 0.21    
-0.02 0.22    
-0.015 0.23    
-0.0125 0.236667    
-0.01 0.243333    
-0.0025 0.253333    
0 0.256667    
0.005 0.266667    
0.01 0.28    
0.0175 0.293333    
0.025 0.313333    
0.025 0.32    
0.02 0.33    
0.0125 0.333333    
0.0025 0.336667    
-0.0025 0.333333    
-0.005 0.336667    
0.0025 0.373333    
0.0025 0.39    
