72
0.205 0.573333    
0.2 0.586667    
0.1925 0.62    
0.185 0.646667    
0.165 0.696667    
0.15 0.726667    
0.1225 0.776667    
0.1025 0.806667    
0.08 0.83    
0.0525 0.853333    
0 0.876667    
-0.0325 0.883333    
-0.0675 0.886667    
-0.0975 0.876667    
-0.1575 0.82    
-0.1725 0.793333    
-0.1825 0.773333    
-0.2125 0.673333    
-0.235 0.55    
-0.245 0.443333    
-0.25 0.29    
-0.245 0.186667    
-0.225 0.02    
-0.205 -0.113333    
-0.1875 -0.216667    
-0.175 -0.32    
-0.16 -0.49    
-0.1575 -0.573333    
-0.155 -0.666667    
-0.1525 -0.763333    
-0.1525 -0.83    
-0.155 -0.886667    
-0.1625 -0.9    
-0.1825 -0.91    
-0.2075 -0.896667    
-0.245 -0.866667    
-0.2975 -0.82    
-0.335 -0.78    
-0.375 -0.743333    
-0.4275 -0.69    
-0.48 -0.626667    
-0.5175 -0.573333    
-0.56 -0.506667    
-0.6 -0.443333    
-0.6275 -0.4    
-0.655 -0.336667    
-0.6725 -0.29    
-0.68 -0.22    
-0.6725 -0.17    
-0.6425 -0.113333    
-0.5925 -0.0633333    
-0.575 -0.05    
-0.4825 -0.01    
-0.4325 0.00666667    
-0.32 0.0266667    
-0.175 0.0466667    
-0.0975 0.0566667    
-0.0275 0.0666667    
0.035 0.0766667    
0.1225 0.0966667    
0.1625 0.103333    
0.1925 0.106667    
0.2225 0.11    
0.24 0.11    
0.255 0.103333    
0.2675 0.1    
0.2775 0.0966667    
0.2825 0.0966667    
0.29 0.103333    
0.2975 0.106667    
0.3025 0.113333    
0.3075 0.113333    
