44
0.095 0.496667    
0.0925 0.5    
0.0925 0.5    
0.0875 0.5    
0.0825 0.5    
0.0775 0.5    
0.0725 0.5    
0.07 0.503333    
0.09 0.496667    
0.1125 0.48    
0.175 0.43    
0.23 0.38    
0.2825 0.33    
0.32 0.293333    
0.31 0.296667    
0.1975 0.343333    
0.1425 0.36    
0.0025 0.37    
-0.065 0.353333    
-0.115 0.313333    
-0.125 0.29    
-0.12 0.246667    
-0.0675 0.216667    
-0.04 0.21    
0.015 0.183333    
0.09 0.0933333    
0.14 -0.0166667    
0.1575 -0.106667    
0.1325 -0.426667    
0.0775 -0.573333    
0.0075 -0.7    
-0.0575 -0.806667    
-0.11 -0.896667    
-0.2825 -0.93    
-0.3475 -0.67    
-0.3875 -0.443333    
-0.415 -0.15    
-0.415 -0.02    
-0.4075 0.0266667    
-0.4 0.0333333    
-0.395 0.0166667    
-0.3825 -0.04    
-0.375 -0.0933333    
-0.3725 -0.116667    
