57
0.2775 0.543333    
0.2825 0.55    
0.2825 0.56    
0.28 0.573333    
0.2675 0.59    
0.2525 0.603333    
0.2225 0.616667    
0.1925 0.616667    
0.15 0.6    
0.105 0.566667    
0.08 0.526667    
0.06 0.46    
0.05 0.376667    
0.045 0.303333    
0.0425 0.196667    
0.04 0.106667    
0.0375 0.01    
0.03 -0.156667    
0.025 -0.256667    
0.015 -0.39    
0.0025 -0.476667    
-0.01 -0.536667    
-0.0325 -0.616667    
-0.07 -0.71    
-0.1125 -0.783333    
-0.15 -0.823333    
-0.1875 -0.846667    
-0.2525 -0.85    
-0.2875 -0.833333    
-0.3325 -0.786667    
-0.3675 -0.723333    
-0.3925 -0.67    
-0.425 -0.586667    
-0.445 -0.523333    
-0.465 -0.436667    
-0.4675 -0.37    
-0.46 -0.31    
-0.425 -0.226667    
-0.39 -0.186667    
-0.33 -0.146667    
-0.2775 -0.123333    
-0.2175 -0.106667    
-0.1075 -0.0833333    
-0.0425 -0.0733333    
0.0225 -0.0666667    
0.12 -0.0566667    
0.175 -0.05    
0.2275 -0.04    
0.2775 -0.0266667    
0.3325 -0.01    
0.3575 0.00333333    
0.38 0.0133333    
0.3925 0.02    
0.4025 0.0233333    
0.41 0.0266667    
0.415 0.03    
0.4175 0.0333333    
