90
-0.0875 0.0566667    
-0.0975 0.0566667    
-0.1025 0.0566667    
-0.1075 0.06    
-0.115 0.0633333    
-0.12 0.0666667    
-0.1225 0.07    
-0.1225 0.0733333    
-0.1175 0.07    
-0.1075 0.07    
-0.1 0.0666667    
-0.0825 0.0633333    
-0.065 0.06    
-0.0375 0.06    
-0.0175 0.06    
0.025 0.0633333    
0.0575 0.07    
0.0825 0.0766667    
0.1075 0.0866667    
0.1325 0.0966667    
0.1625 0.11    
0.1875 0.126667    
0.2075 0.14    
0.2325 0.153333    
0.2525 0.17    
0.26 0.18    
0.27 0.196667    
0.2825 0.24    
0.2825 0.266667    
0.2775 0.293333    
0.2675 0.33    
0.2475 0.366667    
0.24 0.38    
0.225 0.403333    
0.205 0.433333    
0.2 0.44    
0.19 0.45    
0.1775 0.45    
0.1725 0.446667    
0.1675 0.44    
0.1575 0.416667    
0.1475 0.37    
0.145 0.35    
0.1425 0.303333    
0.1425 0.263333    
0.1425 0.196667    
0.14 0.153333    
0.1375 0.11    
0.13 0.0533333    
0.12 0    
0.1125 -0.0433333    
0.105 -0.1    
0.1 -0.143333    
0.095 -0.19    
0.0875 -0.226667    
0.0775 -0.273333    
0.0675 -0.313333    
0.06 -0.343333    
0.0525 -0.376667    
0.04 -0.413333    
0.035 -0.426667    
0.025 -0.453333    
0.02 -0.473333    
0.0125 -0.496667    
0.005 -0.513333    
-0.0025 -0.536667    
-0.01 -0.55    
-0.0175 -0.563333    
-0.02 -0.57    
-0.0325 -0.586667    
-0.0375 -0.59    
-0.0475 -0.6    
-0.0525 -0.606667    
-0.0575 -0.613333    
-0.0625 -0.616667    
-0.07 -0.626667    
-0.075 -0.63    
-0.075 -0.633333    
-0.08 -0.636667    
-0.085 -0.636667    
-0.09 -0.63    
-0.0925 -0.63    
-0.0975 -0.623333    
-0.1025 -0.62    
-0.105 -0.616667    
-0.1075 -0.616667    
-0.1075 -0.616667    
-0.105 -0.616667    
-0.105 -0.62    
-0.1025 -0.626667    
