61
-0.42 0.326667    
-0.41 0.32    
-0.405 0.32    
-0.395 0.32    
-0.375 0.316667    
-0.345 0.306667    
-0.3275 0.3    
-0.2825 0.293333    
-0.24 0.29    
-0.1775 0.286667    
-0.0925 0.29    
-0.06 0.29    
-0.0125 0.29    
0.0325 0.293333    
0.065 0.29    
0.085 0.28    
0.0875 0.276667    
0.0825 0.273333    
0.075 0.273333    
0.0575 0.286667    
0.0325 0.313333    
0.02 0.326667    
-0.0075 0.356667    
-0.025 0.38    
-0.0475 0.41    
-0.06 0.436667    
-0.0725 0.49    
-0.0775 0.526667    
-0.0775 0.566667    
-0.07 0.623333    
-0.0575 0.666667    
-0.035 0.723333    
-0.01 0.766667    
0.0075 0.793333    
0.0225 0.81    
0.025 0.81    
0.0175 0.796667    
-0.0075 0.763333    
-0.0375 0.726667    
-0.0825 0.663333    
-0.1425 0.576667    
-0.1625 0.543333    
-0.19 0.493333    
-0.22 0.406667    
-0.235 0.346667    
-0.245 0.27    
-0.2525 0.146667    
-0.26 -0.00333333    
-0.265 -0.126667    
-0.275 -0.293333    
-0.2875 -0.486667    
-0.2925 -0.553333    
-0.3 -0.663333    
-0.3025 -0.723333    
-0.2975 -0.776667    
-0.2825 -0.813333    
-0.275 -0.82    
-0.2475 -0.816667    
-0.2375 -0.813333    
-0.2175 -0.796667    
-0.2075 -0.78    
