53
0.125 0.56    
0.125 0.583333    
0.1275 0.596667    
0.1275 0.61    
0.125 0.62    
0.1175 0.623333    
0.0975 0.62    
0.065 0.61    
0.0325 0.6    
-0.01 0.58    
-0.05 0.55    
-0.075 0.516667    
-0.095 0.476667    
-0.11 0.43    
-0.12 0.356667    
-0.12 0.256667    
-0.115 0.193333    
-0.1125 0.15    
-0.105 0.0566667    
-0.1 -0.02    
-0.0975 -0.09    
-0.095 -0.183333    
-0.0975 -0.263333    
-0.1 -0.31    
-0.11 -0.36    
-0.1175 -0.38    
-0.1375 -0.39    
-0.16 -0.38    
-0.185 -0.36    
-0.215 -0.326667    
-0.2575 -0.276667    
-0.285 -0.236667    
-0.3175 -0.183333    
-0.34 -0.136667    
-0.3525 -0.09    
-0.3575 -0.06    
-0.3575 -0.02    
-0.3525 0.01    
-0.335 0.05    
-0.3175 0.0733333    
-0.285 0.1    
-0.2525 0.113333    
-0.1975 0.133333    
-0.1525 0.146667    
-0.1025 0.156667    
-0.03 0.176667    
0.0075 0.183333    
0.0375 0.19    
0.065 0.196667    
0.08 0.203333    
0.09 0.206667    
0.095 0.21    
0.095 0.213333    
