54
0.1825 0.493333    
0.175 0.5    
0.165 0.506667    
0.1375 0.526667    
0.1175 0.536667    
0.095 0.543333    
0.0325 0.55    
-0.0025 0.546667    
-0.0875 0.523333    
-0.13 0.503333    
-0.1675 0.483333    
-0.2025 0.46    
-0.25 0.4    
-0.2625 0.366667    
-0.2675 0.3    
-0.2575 0.27    
-0.215 0.23    
-0.185 0.226667    
-0.15 0.233333    
-0.0675 0.266667    
-0.0275 0.29    
0.045 0.343333    
0.075 0.366667    
0.1 0.39    
0.12 0.41    
0.1475 0.44    
0.1575 0.45    
0.1625 0.456667    
0.1725 0.463333    
0.175 0.463333    
0.175 0.46    
0.17 0.453333    
0.16 0.416667    
0.1525 0.383333    
0.1475 0.336667    
0.135 0.216667    
0.13 0.143333    
0.1275 0.0733333    
0.1175 -0.0566667    
0.11 -0.11    
0.1 -0.153333    
0.065 -0.21    
0.0075 -0.243333    
0.0075 -0.243333    
-0.07 -0.263333    
-0.1575 -0.27    
-0.2 -0.27    
-0.235 -0.266667    
-0.2975 -0.256667    
-0.3175 -0.246667    
-0.3325 -0.24    
-0.345 -0.233333    
-0.3575 -0.226667    
-0.36 -0.23    
