35
-0.1325 0.26    
-0.1325 0.273333    
-0.14 0.283333    
-0.1725 0.29    
-0.2075 0.28    
-0.2475 0.25    
-0.2825 0.196667    
-0.3 0.0766667    
-0.2775 0.00333333    
-0.2325 -0.0533333    
-0.1475 -0.0933333    
-0.075 -0.0966667    
0.02 -0.0666667    
0.1025 -0.00333333    
0.15 0.05    
0.185 0.103333    
0.2125 0.153333    
0.2175 0.166667    
0.215 0.163333    
0.2025 0.123333    
0.175 0.0333333    
0.1475 -0.0633333    
0.12 -0.18    
0.0875 -0.333333    
0.0625 -0.446667    
0.0325 -0.58    
0.005 -0.663333    
-0.0325 -0.753333    
-0.0625 -0.796667    
-0.0975 -0.823333    
-0.1625 -0.816667    
-0.225 -0.78    
-0.33 -0.7    
-0.41 -0.616667    
-0.4925 -0.51    
