60
0.055 0.17    
0.0525 0.18    
0.045 0.203333    
0.035 0.216667    
0.005 0.24    
-0.0125 0.246667    
-0.0325 0.246667    
-0.0675 0.22    
-0.085 0.143333    
-0.085 0.143333    
-0.075 0.0466667    
-0.035 0.0233333    
-0.0125 0.0466667    
0.0075 0.0833333    
0.025 0.123333    
0.04 0.176667    
0.0425 0.186667    
0.0425 0.18    
0.0375 0.1    
0.03 0.0233333    
0.0225 -0.07    
0.0075 -0.29    
-0.01 -0.476667    
-0.02 -0.54    
-0.0325 -0.59    
-0.065 -0.64    
-0.0875 -0.65    
-0.1125 -0.65    
-0.165 -0.606667    
-0.19 -0.57    
-0.24 -0.503333    
-0.3275 -0.36    
-0.36 -0.3    
-0.385 -0.25    
-0.3675 -0.236667    
-0.3525 -0.24    
-0.34 -0.243333    
-0.3175 -0.253333    
-0.3075 -0.253333    
-0.3 -0.26    
-0.2975 -0.263333    
-0.295 -0.266667    
-0.2925 -0.273333    
-0.2925 -0.276667    
-0.29 -0.28    
-0.29 -0.283333    
-0.29 -0.283333    
-0.29 -0.286667    
-0.29 -0.29    
-0.29 -0.29    
-0.29 -0.293333    
-0.29 -0.293333    
-0.29 -0.293333    
-0.29 -0.296667    
-0.29 -0.296667    
-0.29 -0.3    
-0.29 -0.303333    
-0.2875 -0.303333    
-0.2875 -0.31    
-0.2875 -0.31    
