45
0.205 0.22    
0.2075 0.223333    
0.2075 0.226667    
0.2075 0.23    
0.21 0.233333    
0.21 0.24    
0.2125 0.263333    
0.2125 0.283333    
0.21 0.313333    
0.19 0.383333    
0.1725 0.416667    
0.15 0.443333    
0.095 0.476667    
0.04 0.47    
0.02 0.453333    
0.005 0.42    
-0.005 0.37    
-0.0025 0.313333    
0.0375 0.2    
0.0775 0.166667    
0.1625 0.163333    
0.2025 0.186667    
0.2325 0.216667    
0.2675 0.27    
0.2775 0.29    
0.2825 0.31    
0.28 0.306667    
0.275 0.26    
0.2675 0.213333    
0.26 0.153333    
0.245 0.0233333    
0.235 -0.04    
0.225 -0.0933333    
0.215 -0.136667    
0.1825 -0.21    
0.12 -0.236667    
0.12 -0.236667    
0.05 -0.22    
-0.02 -0.163333    
-0.05 -0.126667    
-0.075 -0.0933333    
-0.095 -0.06    
-0.115 -0.01    
-0.115 0.00666667    
-0.11 0.0233333    
