149
-0.13 0.32    
-0.1275 0.326667    
-0.1275 0.333333    
-0.1275 0.34    
-0.1275 0.34    
-0.1275 0.346667    
-0.1275 0.35    
-0.125 0.356667    
-0.125 0.36    
-0.125 0.36    
-0.125 0.36    
-0.125 0.36    
-0.125 0.36    
-0.125 0.363333    
-0.1275 0.366667    
-0.1325 0.366667    
-0.14 0.37    
-0.15 0.373333    
-0.1875 0.363333    
-0.22 0.346667    
-0.2925 0.3    
-0.3325 0.27    
-0.3925 0.193333    
-0.4175 0.146667    
-0.4675 0.05    
-0.485 0    
-0.4975 -0.0633333    
-0.5025 -0.126667    
-0.5 -0.186667    
-0.46 -0.306667    
-0.4275 -0.35    
-0.35 -0.413333    
-0.3075 -0.42    
-0.2775 -0.42    
-0.205 -0.336667    
-0.1675 -0.27    
-0.1325 -0.186667    
-0.0725 -0.0133333    
-0.04 0.116667    
-0.03 0.16    
-0.025 0.193333    
-0.02 0.216667    
-0.02 0.253333    
-0.0225 0.266667    
-0.0225 0.266667    
-0.035 0.25    
-0.055 0.2    
-0.055 0.2    
-0.075 0.09    
-0.0875 -0.07    
-0.0925 -0.17    
-0.1 -0.273333    
-0.105 -0.366667    
-0.12 -0.536667    
-0.1275 -0.6    
-0.135 -0.686667    
-0.14 -0.713333    
-0.145 -0.733333    
-0.165 -0.753333    
-0.1775 -0.756667    
-0.195 -0.753333    
-0.235 -0.74    
-0.29 -0.74    
-0.3175 -0.74    
-0.3475 -0.746667    
-0.395 -0.77    
-0.4175 -0.763333    
-0.4425 -0.75    
-0.47 -0.736667    
-0.5425 -0.673333    
-0.5925 -0.633333    
-0.605 -0.616667    
-0.6075 -0.603333    
-0.6 -0.583333    
-0.565 -0.526667    
-0.53 -0.483333    
-0.4825 -0.44    
-0.3875 -0.37    
-0.335 -0.346667    
-0.2775 -0.326667    
-0.18 -0.29    
-0.0825 -0.253333    
-0.0475 -0.243333    
-0.02 -0.233333    
0.005 -0.22    
0.035 -0.2    
0.04 -0.19    
0.0425 -0.173333    
0.0425 -0.17    
0.04 -0.173333    
0.0375 -0.186667    
0.035 -0.19    
0.0325 -0.193333    
0.03 -0.196667    
0.0275 -0.196667    
0.0275 -0.196667    
0.025 -0.196667    
0.025 -0.196667    
0.025 -0.193333    
0.025 -0.193333    
0.025 -0.193333    
0.025 -0.193333    
0.0225 -0.19    
0.0225 -0.19    
0.0175 -0.19    
0.01 -0.186667    
0.0075 -0.186667    
0.005 -0.186667    
0.0025 -0.186667    
0.0025 -0.186667    
0 -0.186667    
-0.0025 -0.186667    
-0.005 -0.183333    
-0.005 -0.183333    
-0.005 -0.183333    
-0.005 -0.18    
-0.005 -0.18    
-0.005 -0.18    
-0.005 -0.18    
-0.005 -0.183333    
-0.005 -0.183333    
-0.005 -0.183333    
-0.005 -0.183333    
-0.005 -0.183333    
-0.005 -0.183333    
-0.005 -0.183333    
-0.005 -0.183333    
-0.005 -0.183333    
-0.005 -0.183333    
-0.005 -0.183333    
-0.005 -0.183333    
-0.005 -0.183333    
-0.0075 -0.18    
-0.0075 -0.18    
-0.0075 -0.18    
-0.0075 -0.176667    
-0.01 -0.176667    
-0.01 -0.173333    
-0.01 -0.173333    
-0.0125 -0.17    
-0.0125 -0.17    
-0.0125 -0.17    
-0.015 -0.17    
-0.015 -0.173333    
-0.0175 -0.173333    
-0.0175 -0.173333    
-0.02 -0.173333    
-0.02 -0.173333    
-0.02 -0.173333    
