59
0.0725 0.286667    
0.0575 0.286667    
0.0475 0.29    
0.035 0.286667    
0 0.276667    
-0.05 0.243333    
-0.0775 0.213333    
-0.105 0.18    
-0.15 0.106667    
-0.165 0.07    
-0.1675 0.02    
-0.1675 0.02    
-0.1325 0.00666667    
-0.1025 0.0133333    
-0.03 0.05    
0.005 0.08    
0.05 0.146667    
0.0625 0.183333    
0.07 0.21    
0.0725 0.23    
0.0725 0.246667    
0.0725 0.243333    
0.065 0.196667    
0.0625 0.15    
0.06 0.0833333    
0.0525 -0.0766667    
0.045 -0.156667    
0.0375 -0.233333    
0.0125 -0.376667    
-0.005 -0.5    
-0.005 -0.5    
-0.015 -0.583333    
-0.0225 -0.603333    
-0.0425 -0.606667    
-0.075 -0.566667    
-0.075 -0.566667    
-0.105 -0.5    
-0.115 -0.463333    
-0.12 -0.43    
-0.1275 -0.383333    
-0.1275 -0.353333    
-0.1275 -0.343333    
-0.125 -0.336667    
-0.1225 -0.33    
-0.1175 -0.32    
-0.1125 -0.316667    
-0.1075 -0.313333    
-0.1025 -0.313333    
-0.0975 -0.313333    
-0.09 -0.313333    
-0.0875 -0.313333    
-0.085 -0.313333    
-0.0825 -0.313333    
-0.0825 -0.31    
-0.08 -0.306667    
-0.08 -0.306667    
-0.08 -0.303333    
-0.0775 -0.303333    
-0.0775 -0.3    
