116
0.1475 0.373333    
0.1475 0.373333    
0.15 0.376667    
0.1525 0.376667    
0.1575 0.38    
0.16 0.383333    
0.1625 0.39    
0.1575 0.406667    
0.1525 0.416667    
0.1325 0.44    
0.12 0.45    
0.1025 0.46    
0.0625 0.476667    
0.0425 0.48    
0.0225 0.48    
-0.015 0.476667    
-0.0325 0.47    
-0.05 0.466667    
-0.0775 0.443333    
-0.0875 0.43    
-0.105 0.396667    
-0.11 0.383333    
-0.115 0.37    
-0.1225 0.336667    
-0.1275 0.313333    
-0.1325 0.286667    
-0.135 0.23    
-0.1325 0.2    
-0.13 0.173333    
-0.12 0.126667    
-0.115 0.11    
-0.0975 0.0866667    
-0.085 0.08    
-0.0675 0.0766667    
-0.05 0.08    
-0.05 0.08    
-0.025 0.0866667    
0.02 0.113333    
0.0575 0.146667    
0.065 0.16    
0.075 0.17    
0.08 0.183333    
0.09 0.206667    
0.0925 0.216667    
0.095 0.226667    
0.0975 0.246667    
0.0975 0.266667    
0.1 0.273333    
0.1 0.28    
0.1 0.286667    
0.1 0.293333    
0.1 0.296667    
0.0975 0.3    
0.0975 0.3    
0.095 0.3    
0.0925 0.29    
0.09 0.276667    
0.09 0.26    
0.085 0.196667    
0.08 0.153333    
0.075 0.11    
0.0675 0.0166667    
0.0675 -0.0433333    
0.0675 -0.08    
0.0675 -0.113333    
0.0675 -0.183333    
0.0675 -0.22    
0.065 -0.26    
0.065 -0.296667    
0.06 -0.38    
0.0475 -0.463333    
0.04 -0.503333    
0.0275 -0.54    
0.0175 -0.573333    
-0.0125 -0.62    
-0.0275 -0.636667    
-0.045 -0.646667    
-0.085 -0.666667    
-0.1025 -0.67    
-0.12 -0.673333    
-0.1575 -0.656667    
-0.175 -0.64    
-0.215 -0.59    
-0.2325 -0.56    
-0.2475 -0.526667    
-0.2675 -0.456667    
-0.275 -0.413333    
-0.28 -0.326667    
-0.2775 -0.286667    
-0.2725 -0.246667    
-0.2625 -0.216667    
-0.235 -0.16    
-0.2025 -0.116667    
-0.1875 -0.0966667    
-0.17 -0.0766667    
-0.1425 -0.0466667    
-0.13 -0.0333333    
-0.12 -0.0233333    
-0.11 -0.0166667    
-0.1 -0.00666667    
-0.0975 -0.00333333    
-0.0925 0    
-0.09 0.00333333    
-0.085 0.00333333    
-0.08 0.01    
-0.075 0.0133333    
-0.075 0.0133333    
-0.0775 0.0166667    
-0.0775 0.02    
-0.0775 0.02    
-0.0775 0.02    
-0.08 0.02    
-0.08 0.02    
-0.08 0.02    
-0.08 0.02    
-0.0825 0.02    
