41
0.075 0.32    
0.0825 0.343333    
0.08 0.36    
0.075 0.373333    
0.05 0.396667    
0.0325 0.4    
-0.015 0.36    
-0.045 0.31    
-0.075 0.243333    
-0.075 0.243333    
-0.09 0.146667    
-0.085 -0.0166667    
-0.085 -0.0166667    
-0.035 -0.1    
0.0125 -0.0766667    
0.0325 -0.0466667    
0.05 -0.01    
0.0625 0.0333333    
0.0775 0.116667    
0.08 0.153333    
0.0825 0.186667    
0.085 0.226667    
0.085 0.233333    
0.0875 0.21    
0.09 0.17    
0.09 0.106667    
0.085 -0.0733333    
0.0825 -0.18    
0.0625 -0.373333    
0.05 -0.453333    
0.035 -0.52    
-0.01 -0.62    
-0.0375 -0.653333    
-0.0675 -0.676667    
-0.14 -0.67    
-0.175 -0.636667    
-0.21 -0.586667    
-0.2625 -0.46    
-0.28 -0.393333    
-0.2875 -0.276667    
-0.2825 -0.22    
