97
-0.1 0.466667    
-0.0975 0.47    
-0.0975 0.48    
-0.1 0.486667    
-0.1025 0.5    
-0.105 0.503333    
-0.11 0.51    
-0.1175 0.513333    
-0.125 0.513333    
-0.1375 0.513333    
-0.1575 0.506667    
-0.175 0.496667    
-0.1975 0.476667    
-0.215 0.46    
-0.2325 0.43    
-0.245 0.4    
-0.2525 0.373333    
-0.255 0.336667    
-0.2525 0.31    
-0.24 0.273333    
-0.2125 0.233333    
-0.1875 0.216667    
-0.16 0.206667    
-0.1325 0.203333    
-0.095 0.21    
-0.0625 0.223333    
-0.055 0.223333    
-0.05 0.226667    
-0.05 0.236667    
-0.05 0.256667    
-0.045 0.29    
-0.0375 0.32    
-0.025 0.353333    
-0.015 0.37    
-0.005 0.386667    
0 0.383333    
0.0025 0.373333    
0.005 0.36    
0.0075 0.343333    
0.01 0.306667    
0.0125 0.246667    
0.0075 0.176667    
-0.01 0.0633333    
-0.015 0.0333333    
-0.0425 -0.126667    
-0.0625 -0.24    
-0.07 -0.31    
-0.075 -0.356667    
-0.1 -0.48    
-0.115 -0.52    
-0.135 -0.55    
-0.155 -0.57    
-0.18 -0.58    
-0.22 -0.583333    
-0.265 -0.566667    
-0.3225 -0.52    
-0.3525 -0.48    
-0.3825 -0.433333    
-0.4075 -0.383333    
-0.4275 -0.293333    
-0.425 -0.22    
-0.415 -0.186667    
-0.3875 -0.123333    
-0.3425 -0.0633333    
-0.3175 -0.04    
-0.28 -0.01    
-0.23 0.03    
-0.21 0.0433333    
-0.2 0.05    
-0.185 0.05    
-0.1825 0.04    
-0.1825 0.0333333    
-0.1875 0.03    
-0.1925 0.03    
-0.205 0.03    
-0.21 0.03    
-0.215 0.03    
-0.22 0.0333333    
-0.2225 0.0333333    
-0.2225 0.0366667    
-0.22 0.0466667    
-0.2175 0.05    
-0.2125 0.0566667    
-0.21 0.06    
-0.2025 0.0633333    
-0.1975 0.06    
-0.195 0.0633333    
-0.19 0.06    
-0.185 0.06    
-0.185 0.06    
-0.185 0.06    
-0.1825 0.0566667    
-0.1825 0.06    
-0.18 0.0633333    
-0.18 0.07    
-0.1775 0.0766667    
-0.1775 0.08    
