71
0.115 0.253333    
0.125 0.263333    
0.1275 0.27    
0.13 0.286667    
0.13 0.296667    
0.1275 0.32    
0.1225 0.346667    
0.11 0.403333    
0.0925 0.476667    
0.0725 0.543333    
0.025 0.646667    
-0.01 0.7    
-0.0475 0.74    
-0.0625 0.75    
-0.135 0.776667    
-0.18 0.773333    
-0.225 0.753333    
-0.2825 0.686667    
-0.305 0.63    
-0.3175 0.566667    
-0.3075 0.453333    
-0.2875 0.39    
-0.2575 0.336667    
-0.2075 0.283333    
-0.1375 0.246667    
-0.11 0.24    
-0.07 0.236667    
-0.0225 0.253333    
0.0125 0.283333    
0.0325 0.313333    
0.0525 0.37    
0.065 0.41    
0.07 0.43    
0.075 0.45    
0.08 0.47    
0.0825 0.48    
0.085 0.476667    
0.085 0.466667    
0.085 0.436667    
0.085 0.4    
0.085 0.333333    
0.085 0.273333    
0.0875 0.173333    
0.085 0.07    
0.0825 -0.0133333    
0.07 -0.143333    
0.065 -0.19    
0.0475 -0.28    
0.04 -0.32    
0.015 -0.413333    
-0.01 -0.48    
-0.0375 -0.543333    
-0.08 -0.616667    
-0.135 -0.676667    
-0.1675 -0.7    
-0.2075 -0.716667    
-0.2275 -0.716667    
-0.2725 -0.71    
-0.3025 -0.69    
-0.3225 -0.67    
-0.335 -0.653333    
-0.3625 -0.61    
-0.3725 -0.59    
-0.3825 -0.566667    
-0.39 -0.543333    
-0.3975 -0.52    
-0.415 -0.483333    
-0.42 -0.476667    
-0.43 -0.473333    
-0.4425 -0.48    
-0.4525 -0.493333    
