59
0.1675 0.44    
0.17 0.45    
0.17 0.45    
0.17 0.466667    
0.17 0.47    
0.1675 0.483333    
0.1675 0.496667    
0.165 0.523333    
0.1675 0.556667    
0.17 0.583333    
0.1625 0.56    
0.1475 0.46    
0.1275 0.306667    
0.0975 0.0566667    
0.0675 -0.17    
0.055 -0.276667    
0.0425 -0.306667    
0.0375 -0.263333    
0.0375 -0.183333    
0.0475 -0.0733333    
0.085 0.123333    
0.1125 0.23    
0.14 0.316667    
0.1875 0.406667    
0.235 0.436667    
0.32 0.463333    
0.4325 0.49    
0.6275 0.533333    
0.715 0.56    
0.74 0.583333    
0.695 0.61    
0.56 0.633333    
0.5 0.64    
0.4 0.643333    
0.3425 0.633333    
0.295 0.603333    
0.275 0.466667    
0.2775 0.423333    
0.33 0.163333    
0.405 -0.116667    
0.47 -0.31    
0.545 -0.5    
0.5625 -0.54    
0.575 -0.596667    
0.57 -0.62    
0.5425 -0.6    
0.5175 -0.546667    
0.4925 -0.473333    
0.465 -0.386667    
0.42 -0.25    
0.39 -0.186667    
0.365 -0.136667    
0.3325 -0.09    
0.3025 -0.0466667    
0.29 -0.03    
0.28 -0.0166667    
0.27 0    
0.265 0.00666667    
0.2575 0.01    
