77
0.135 0.343333    
0.14 0.353333    
0.145 0.363333    
0.145 0.376667    
0.14 0.393333    
0.1275 0.406667    
0.1 0.42    
0.07 0.426667    
0.0175 0.423333    
-0.025 0.406667    
-0.1 0.363333    
-0.14 0.33    
-0.175 0.283333    
-0.215 0.216667    
-0.2375 0.146667    
-0.2475 0.09    
-0.24 0.00666667    
-0.2225 -0.04    
-0.1975 -0.0766667    
-0.1525 -0.12    
-0.1125 -0.133333    
-0.0825 -0.136667    
-0.0375 -0.13    
0.0175 -0.1    
0.0575 -0.0666667    
0.105 -0.00333333    
0.125 0.0366667    
0.145 0.0866667    
0.155 0.123333    
0.165 0.163333    
0.1725 0.213333    
0.18 0.27    
0.18 0.3    
0.1825 0.326667    
0.1825 0.356667    
0.1825 0.37    
0.1825 0.383333    
0.1825 0.39    
0.1825 0.393333    
0.185 0.386667    
0.19 0.36    
0.1925 0.326667    
0.1975 0.283333    
0.2 0.2    
0.1975 0.1    
0.1925 -0.0133333    
0.1875 -0.07    
0.175 -0.193333    
0.165 -0.26    
0.155 -0.316667    
0.135 -0.4    
0.1225 -0.443333    
0.1025 -0.496667    
0.085 -0.53    
0.0625 -0.573333    
0.0425 -0.6    
0.03 -0.616667    
0.0075 -0.643333    
-0.0275 -0.676667    
-0.055 -0.7    
-0.105 -0.726667    
-0.135 -0.74    
-0.1675 -0.746667    
-0.2075 -0.75    
-0.2375 -0.743333    
-0.275 -0.73    
-0.3075 -0.706667    
-0.335 -0.67    
-0.3525 -0.64    
-0.3725 -0.596667    
-0.3825 -0.563333    
-0.39 -0.523333    
-0.3925 -0.496667    
-0.3925 -0.463333    
-0.39 -0.433333    
-0.3875 -0.41    
-0.3825 -0.39    
