101
0.1275 0.24    
0.1325 0.256667    
0.14 0.286667    
0.14 0.293333    
0.1425 0.306667    
0.1375 0.323333    
0.13 0.336667    
0.105 0.363333    
0.0875 0.37    
0.065 0.37    
0.055 0.366667    
0.035 0.356667    
-0.005 0.316667    
-0.0175 0.296667    
-0.045 0.256667    
-0.07 0.21    
-0.085 0.176667    
-0.09 0.166667    
-0.1 0.12    
-0.1025 0.07    
-0.0975 0.0466667    
-0.085 0.01    
-0.07 -0.00666667    
-0.0425 -0.0166667    
-0.03 -0.0166667    
-0.0075 -0.00666667    
0.02 0.0133333    
0.035 0.0266667    
0.0475 0.0466667    
0.06 0.0666667    
0.0725 0.0966667    
0.08 0.12    
0.09 0.166667    
0.095 0.19    
0.0975 0.206667    
0.1 0.223333    
0.1025 0.233333    
0.1075 0.243333    
0.1125 0.253333    
0.115 0.26    
0.1175 0.263333    
0.1175 0.266667    
0.1175 0.263333    
0.1175 0.256667    
0.115 0.246667    
0.115 0.226667    
0.115 0.196667    
0.115 0.173333    
0.115 0.136667    
0.115 0.106667    
0.1125 0.0566667    
0.11 0.0166667    
0.1075 -0.0133333    
0.105 -0.0833333    
0.1025 -0.133333    
0.0975 -0.2    
0.0925 -0.243333    
0.0825 -0.3    
0.08 -0.31    
0.07 -0.34    
0.06 -0.376667    
0.0525 -0.403333    
0.04 -0.44    
0.035 -0.453333    
0.0275 -0.463333    
0.02 -0.466667    
0.015 -0.47    
0.01 -0.476667    
0.005 -0.483333    
-0.0075 -0.493333    
-0.0175 -0.503333    
-0.0275 -0.51    
-0.04 -0.513333    
-0.0525 -0.516667    
-0.0675 -0.513333    
-0.075 -0.51    
-0.08 -0.506667    
-0.0875 -0.503333    
-0.095 -0.5    
-0.1125 -0.483333    
-0.12 -0.48    
-0.1275 -0.47    
-0.145 -0.456667    
-0.1525 -0.45    
-0.1625 -0.443333    
-0.1775 -0.433333    
-0.1875 -0.423333    
-0.195 -0.416667    
-0.2025 -0.41    
-0.21 -0.403333    
-0.215 -0.396667    
-0.22 -0.393333    
-0.2225 -0.386667    
-0.225 -0.383333    
-0.225 -0.383333    
-0.225 -0.386667    
-0.2225 -0.39    
-0.22 -0.396667    
-0.2125 -0.406667    
-0.2075 -0.41    
-0.2025 -0.416667    
