84
-0.08 0.513333    
-0.08 0.51    
-0.08 0.51    
-0.08 0.51    
-0.0825 0.513333    
-0.0925 0.513333    
-0.105 0.516667    
-0.1375 0.516667    
-0.1525 0.516667    
-0.2075 0.496667    
-0.2275 0.486667    
-0.26 0.463333    
-0.3075 0.406667    
-0.3275 0.366667    
-0.34 0.32    
-0.34 0.253333    
-0.3325 0.21    
-0.295 0.146667    
-0.2525 0.11    
-0.23 0.103333    
-0.175 0.106667    
-0.1375 0.12    
-0.09 0.163333    
-0.04 0.246667    
-0.025 0.28    
-0.0025 0.343333    
0.015 0.41    
0.02 0.433333    
0.0225 0.453333    
0.0275 0.48    
0.03 0.513333    
0.03 0.523333    
0.0275 0.52    
0.0225 0.506667    
0.0125 0.463333    
0.005 0.423333    
-0.0025 0.38    
-0.01 0.326667    
-0.0175 0.28    
-0.02 0.226667    
-0.0225 0.203333    
-0.0225 0.17    
-0.015 0.11    
-0.005 0.07    
0.01 0.03    
0.0375 -0.02    
0.0725 -0.08    
0.085 -0.106667    
0.1025 -0.143333    
0.13 -0.233333    
0.1375 -0.27    
0.1375 -0.336667    
0.1275 -0.386667    
0.08 -0.453333    
0.0525 -0.473333    
-0.0075 -0.506667    
-0.0575 -0.523333    
-0.1225 -0.53    
-0.1675 -0.53    
-0.2325 -0.51    
-0.275 -0.476667    
-0.29 -0.453333    
-0.3125 -0.393333    
-0.32 -0.36    
-0.3175 -0.29    
-0.31 -0.243333    
-0.2975 -0.21    
-0.27 -0.173333    
-0.2575 -0.166667    
-0.245 -0.17    
-0.2275 -0.183333    
-0.2225 -0.193333    
-0.21 -0.22    
-0.2075 -0.24    
-0.205 -0.256667    
-0.2025 -0.276667    
-0.2 -0.286667    
-0.2 -0.293333    
-0.1975 -0.3    
-0.1975 -0.3    
-0.1975 -0.3    
-0.195 -0.3    
-0.195 -0.296667    
-0.195 -0.293333    
