56
0.125 0.396667    
0.125 0.4    
0.125 0.42    
0.125 0.44    
0.1125 0.473333    
0.0925 0.49    
0.0625 0.5    
0.0125 0.496667    
-0.04 0.46    
-0.07 0.426667    
-0.0925 0.383333    
-0.1075 0.32    
-0.1 0.26    
-0.085 0.21    
-0.0525 0.15    
-0.0225 0.123333    
0.02 0.12    
0.06 0.156667    
0.0925 0.21    
0.1125 0.256667    
0.1275 0.31    
0.135 0.34    
0.1425 0.376667    
0.1425 0.393333    
0.1425 0.396667    
0.14 0.396667    
0.1275 0.373333    
0.1175 0.346667    
0.1075 0.306667    
0.0975 0.236667    
0.0925 0.166667    
0.0925 0.06    
0.09 -0.0533333    
0.0875 -0.166667    
0.0825 -0.25    
0.075 -0.336667    
0.07 -0.366667    
0.0375 -0.463333    
0.01 -0.506667    
-0.0225 -0.533333    
-0.0575 -0.553333    
-0.1125 -0.556667    
-0.14 -0.546667    
-0.16 -0.53    
-0.1825 -0.49    
-0.19 -0.456667    
-0.1875 -0.42    
-0.1675 -0.363333    
-0.14 -0.32    
-0.0925 -0.266667    
-0.0375 -0.223333    
0.0075 -0.193333    
0.0675 -0.166667    
0.1225 -0.146667    
0.1575 -0.136667    
0.1925 -0.123333    
