54
-0.2825 0.333333    
-0.275 0.33    
-0.27 0.313333    
-0.26 0.233333    
-0.26 0.173333    
-0.2575 0.0133333    
-0.2575 -0.08    
-0.255 -0.26    
-0.25 -0.333333    
-0.2425 -0.396667    
-0.2375 -0.446667    
-0.23 -0.5    
-0.2275 -0.51    
-0.23 -0.503333    
-0.24 -0.45    
-0.245 -0.406667    
-0.245 -0.406667    
-0.25 -0.353333    
-0.25 -0.296667    
-0.2425 -0.183333    
-0.23 -0.14    
-0.2125 -0.1    
-0.165 -0.0466667    
-0.1375 -0.0266667    
-0.085 0.00333333    
-0.06 0.01    
-0.04 0.0166667    
0 0.02    
0.015 0.0133333    
0.025 0.00333333    
0.0425 -0.0333333    
0.05 -0.0566667    
0.0525 -0.0866667    
0.055 -0.18    
0.0575 -0.233333    
0.065 -0.346667    
0.065 -0.403333    
0.0675 -0.45    
0.0775 -0.523333    
0.085 -0.573333    
0.09 -0.593333    
0.0975 -0.61    
0.1025 -0.626667    
0.1075 -0.646667    
0.11 -0.65    
0.11 -0.65    
0.1125 -0.65    
0.115 -0.65    
0.1175 -0.646667    
0.12 -0.646667    
0.125 -0.646667    
0.125 -0.646667    
0.1325 -0.65    
0.1375 -0.646667    
