46
-0.1925 0.443333    
-0.19 0.44    
-0.1875 0.43    
-0.1825 0.423333    
-0.1775 0.41    
-0.1725 0.4    
-0.175 0.363333    
-0.18 0.313333    
-0.1925 0.25    
-0.22 0.116667    
-0.24 0.0333333    
-0.26 -0.0566667    
-0.28 -0.146667    
-0.3025 -0.263333    
-0.315 -0.343333    
-0.325 -0.43    
-0.3275 -0.47    
-0.3275 -0.503333    
-0.33 -0.506667    
-0.33 -0.473333    
-0.3225 -0.426667    
-0.3075 -0.36    
-0.27 -0.25    
-0.2275 -0.163333    
-0.165 -0.06    
-0.11 0.0166667    
-0.0775 0.0533333    
-0.055 0.0666667    
-0.0475 0.0566667    
-0.045 0.03    
-0.0525 -0.03    
-0.065 -0.0866667    
-0.0775 -0.15    
-0.095 -0.243333    
-0.1 -0.3    
-0.0925 -0.383333    
-0.0725 -0.473333    
-0.0325 -0.583333    
0.025 -0.66    
0.0925 -0.716667    
0.1375 -0.736667    
0.175 -0.743333    
0.2075 -0.736667    
0.22 -0.723333    
0.225 -0.703333    
0.2225 -0.686667    
