41
-0.2575 0.39    
-0.255 0.396667    
-0.25 0.396667    
-0.2425 0.386667    
-0.2325 0.366667    
-0.2175 0.33    
-0.2025 0.263333    
-0.1875 0.173333    
-0.1775 0.09    
-0.1675 -0.00666667    
-0.1525 -0.146667    
-0.14 -0.283333    
-0.1275 -0.38    
-0.1175 -0.483333    
-0.11 -0.55    
-0.1 -0.62    
-0.5275 -0.0533333    
-0.52 -0.0666667    
-0.5075 -0.06    
-0.5 -0.05    
-0.0325 -0.626667    
-0.4625 0.0466667    
0 -0.516667    
0.025 -0.433333    
0.0475 -0.366667    
0.0825 -0.256667    
0.1 -0.196667    
0.12 -0.146667    
0.145 -0.0866667    
0.175 -0.0433333    
0.195 -0.02    
0.2225 0    
0.235 -0.00333333    
0.245 -0.0166667    
0.25 -0.0366667    
0.255 -0.0566667    
0.26 -0.106667    
-0.18 0.483333    
0.2575 -0.186667    
0.2575 -0.213333    
0.255 -0.233333    
