35
0.07 0.626667    
0.0675 0.646667    
0.07 0.64    
0.075 0.616667    
0.0875 0.536667    
0.09 0.48    
0.0875 0.416667    
0.065 0.27    
0.05 0.19    
0.035 0.116667    
0.0175 0.00333333    
0.015 -0.03    
0.015 -0.0433333    
0.0225 -0.04    
0.03 -0.0233333    
0.045 0.05    
0.055 0.1    
0.0675 0.15    
0.09 0.243333    
0.105 0.28    
0.1475 0.333333    
0.17 0.35    
0.215 0.36    
0.235 0.35    
0.2525 0.333333    
0.2825 0.273333    
0.295 0.233333    
0.305 0.19    
0.32 0.103333    
0.3275 0.0666667    
0.345 0    
0.355 -0.0266667    
0.3675 -0.0466667    
0.38 -0.06    
0.4025 -0.0733333    
