55
-0.1125 0.43    
-0.1125 0.43    
-0.1125 0.43    
-0.1125 0.43    
-0.1125 0.43    
-0.115 0.43    
-0.115 0.43    
-0.115 0.426667    
-0.115 0.426667    
-0.115 0.426667    
-0.115 0.393333    
-0.1125 0.35    
-0.115 0.21    
-0.12 0.123333    
-0.13 0.0333333    
-0.1425 -0.0566667    
-0.1775 -0.253333    
-0.195 -0.35    
-0.215 -0.51    
-0.22 -0.57    
-0.2125 -0.606667    
-0.195 -0.676667    
-0.185 -0.746667    
-0.185 -0.746667    
-0.185 -0.746667    
-0.1875 -0.75    
-0.19 -0.736667    
-0.2125 -0.633333    
-0.23 -0.553333    
-0.2425 -0.406667    
-0.235 -0.35    
-0.22 -0.286667    
-0.165 -0.176667    
-0.135 -0.113333    
-0.0725 0.01    
-0.04 0.0666667    
-0.0075 0.116667    
0.055 0.176667    
0.085 0.193333    
0.14 0.193333    
0.1675 0.18    
0.19 0.153333    
0.2225 0.0666667    
0.2325 0    
0.2325 -0.0833333    
0.22 -0.283333    
0.215 -0.393333    
0.2125 -0.496667    
0.2275 -0.67    
0.24 -0.726667    
0.25 -0.766667    
0.265 -0.796667    
0.27 -0.786667    
0.485 -0.866667    
0.425 -0.71    
