57
-0.01 0.496667    
-0.025 0.516667    
-0.0475 0.546667    
-0.055 0.553333    
-0.065 0.546667    
-0.07 0.523333    
-0.08 0.48    
-0.0875 0.413333    
-0.0925 0.32    
-0.0975 0.12    
-0.095 0.03    
-0.095 -0.09    
-0.095 -0.13    
-0.0975 -0.16    
-0.095 -0.2    
-0.09 -0.216667    
-0.08 -0.233333    
-0.075 -0.236667    
-0.07 -0.236667    
-0.0625 -0.213333    
-0.06 -0.19    
-0.055 -0.16    
-0.05 -0.0866667    
-0.0425 -0.0466667    
-0.0275 0.0333333    
-0.0175 0.0733333    
0.0075 0.15    
0.02 0.186667    
0.035 0.213333    
0.0475 0.233333    
0.0675 0.263333    
0.075 0.273333    
0.0825 0.276667    
0.095 0.273333    
0.1 0.26    
0.1075 0.24    
0.12 0.166667    
0.1275 0.07    
0.13 0.03    
0.1325 -0.00333333    
0.1325 -0.03    
0.14 -0.07    
0.145 -0.0866667    
0.1575 -0.113333    
0.1625 -0.126667    
0.1675 -0.136667    
0.1725 -0.143333    
0.175 -0.14    
0.1775 -0.136667    
0.18 -0.126667    
0.185 -0.113333    
0.1875 -0.106667    
0.1875 -0.0966667    
0.1875 -0.0733333    
0.1875 -0.0633333    
0.185 -0.0533333    
0.185 -0.0466667    
