95
0.1325 0.603333    
0.1325 0.613333    
0.13 0.633333    
0.1275 0.64    
0.1275 0.646667    
0.125 0.653333    
0.1225 0.65    
0.11 0.62    
0.09 0.566667    
0.0775 0.536667    
0.065 0.5    
0.0525 0.46    
0.0275 0.363333    
0.015 0.303333    
0.005 0.243333    
-0.0125 0.116667    
-0.03 -0.0133333    
-0.03 -0.0133333    
-0.0425 -0.13    
-0.05 -0.226667    
-0.055 -0.266667    
-0.0575 -0.3    
-0.06 -0.33    
-0.0675 -0.373333    
-0.0725 -0.4    
-0.075 -0.406667    
-0.0775 -0.41    
-0.0775 -0.406667    
-0.0775 -0.37    
-0.0775 -0.33    
-0.075 -0.223333    
-0.075 -0.21    
-0.0675 -0.1    
-0.055 0    
-0.05 0.04    
-0.0425 0.0766667    
-0.0325 0.11    
-0.01 0.17    
0.0025 0.193333    
0.0325 0.236667    
0.0475 0.253333    
0.0675 0.27    
0.1075 0.3    
0.13 0.316667    
0.15 0.33    
0.1875 0.35    
0.205 0.356667    
0.22 0.363333    
0.2425 0.366667    
0.2525 0.363333    
0.2625 0.353333    
0.2675 0.343333    
0.27 0.333333    
0.27 0.333333    
0.265 0.29    
0.2625 0.263333    
0.2575 0.23    
0.245 0.153333    
0.2375 0.113333    
0.2325 0.0766667    
0.2275 0.04    
0.2175 -0.0233333    
0.2125 -0.0566667    
0.2025 -0.12    
0.2 -0.15    
0.1975 -0.2    
0.1975 -0.2    
0.2 -0.236667    
0.205 -0.263333    
0.2075 -0.27    
0.2125 -0.276667    
0.225 -0.29    
0.235 -0.293333    
0.245 -0.296667    
0.2675 -0.303333    
0.2825 -0.303333    
0.2975 -0.3    
0.33 -0.29    
0.3475 -0.28    
0.38 -0.25    
0.3925 -0.236667    
0.405 -0.22    
0.425 -0.2    
0.4325 -0.19    
0.4375 -0.186667    
0.4425 -0.18    
0.445 -0.176667    
0.445 -0.176667    
0.445 -0.173333    
0.4475 -0.17    
0.4475 -0.166667    
0.4475 -0.166667    
0.4475 -0.163333    
0.445 -0.16    
0.445 -0.16    
