55
-0.175 0.64    
-0.1725 0.64    
-0.1725 0.643333    
-0.17 0.643333    
-0.17 0.643333    
-0.1675 0.646667    
-0.165 0.646667    
-0.1625 0.65    
-0.1625 0.653333    
-0.16 0.653333    
-0.1575 0.653333    
-0.1575 0.65    
-0.155 0.636667    
-0.155 0.58    
-0.155 0.533333    
-0.155 0.476667    
-0.1575 0.333333    
-0.1625 0.146667    
-0.1675 0.0433333    
-0.1725 -0.0533333    
-0.1775 -0.153333    
-0.1875 -0.31    
-0.19 -0.37    
-0.195 -0.46    
-0.1975 -0.493333    
-0.1975 -0.516667    
-0.1975 -0.533333    
-0.2 -0.523333    
-0.2 -0.503333    
-0.2025 -0.423333    
-0.205 -0.363333    
-0.2 -0.226667    
-0.195 -0.16    
-0.19 -0.0933333    
-0.1725 0.02    
-0.1625 0.0633333    
-0.1525 0.103333    
-0.13 0.156667    
-0.12 0.173333    
-0.11 0.19    
-0.085 0.203333    
-0.05 0.183333    
-0.0325 0.156667    
-0.0125 0.13    
0.005 0.0966667    
0.0325 0.02    
0.0425 -0.0266667    
0.05 -0.0833333    
0.055 -0.203333    
0.0525 -0.273333    
0.0475 -0.426667    
0.0475 -0.506667    
0.0525 -0.643333    
0.0575 -0.686667    
0.06 -0.716667    
