62
-0.2275 0.38    
-0.23 0.383333    
-0.2325 0.39    
-0.235 0.396667    
-0.2375 0.403333    
-0.2375 0.403333    
-0.2375 0.41    
-0.24 0.423333    
-0.25 0.413333    
-0.2525 0.403333    
-0.26 0.363333    
-0.265 0.306667    
-0.2625 0.206667    
-0.26 0.126667    
-0.255 -0.0133333    
-0.2475 -0.116667    
-0.2425 -0.163333    
-0.235 -0.243333    
-0.2325 -0.29    
-0.2275 -0.34    
-0.23 -0.37    
-0.2325 -0.376667    
-0.235 -0.353333    
-0.235 -0.316667    
-0.2325 -0.273333    
-0.2275 -0.216667    
-0.2175 -0.116667    
-0.21 -0.0566667    
-0.2 0.00333333    
-0.1775 0.09    
-0.1625 0.136667    
-0.145 0.173333    
-0.11 0.22    
-0.0875 0.24    
-0.0625 0.253333    
-0.03 0.266667    
-0.0075 0.266667    
0.01 0.26    
0.03 0.243333    
0.05 0.186667    
0.0575 0.0833333    
0.0525 -0.0233333    
0.025 -0.24    
0.005 -0.393333    
-0.0025 -0.456667    
-0.0075 -0.523333    
-0.005 -0.563333    
0 -0.576667    
0.005 -0.57    
0.01 -0.546667    
0.0175 -0.523333    
0.0275 -0.483333    
0.0375 -0.446667    
0.04 -0.426667    
0.0425 -0.41    
0.04 -0.4    
0.035 -0.383333    
0.0275 -0.37    
0.025 -0.363333    
0.015 -0.356667    
0.005 -0.353333    
0 -0.346667    
