56
-0.265 0.803333    
-0.265 0.796667    
-0.265 0.776667    
-0.2625 0.77    
-0.26 0.753333    
-0.26 0.736667    
-0.26 0.7    
-0.255 0.643333    
-0.2475 0.533333    
-0.24 0.45    
-0.2375 0.39    
-0.235 0.253333    
-0.2375 0.0766667    
-0.2425 -0.03    
-0.25 -0.136667    
-0.255 -0.243333    
-0.26 -0.38    
-0.26 -0.513333    
-0.2625 -0.603333    
-0.26 -0.7    
-0.26 -0.77    
-0.26 -0.803333    
-0.255 -0.816667    
-0.2475 -0.81    
-0.2325 -0.77    
-0.2075 -0.67    
-0.1975 -0.613333    
-0.1825 -0.5    
-0.1725 -0.41    
-0.16 -0.296667    
-0.1425 -0.176667    
-0.135 -0.133333    
-0.115 -0.0566667    
-0.0825 0.02    
-0.0825 0.02    
-0.045 0.0733333    
-0.0125 0.106667    
0.0375 0.136667    
0.1025 0.143333    
0.14 0.13    
0.175 0.103333    
0.2075 0.0633333    
0.2325 0.0166667    
0.27 -0.1    
0.2825 -0.19    
0.2875 -0.246667    
0.295 -0.36    
0.3025 -0.503333    
0.305 -0.553333    
0.31 -0.65    
0.3125 -0.756667    
0.3125 -0.81    
0.3125 -0.86    
0.3125 -0.9    
0.3125 -0.95    
0.31 -0.986667    
