41
0.16 0.52    
0.1575 0.52    
0.1575 0.516667    
0.1575 0.513333    
0.1575 0.513333    
0.1575 0.513333    
0.1575 0.513333    
0.155 0.513333    
0.155 0.513333    
0.1525 0.51    
0.145 0.483333    
0.13 0.386667    
0.1075 0.186667    
0.085 -0.176667    
0.0725 -0.4    
0.065 -0.586667    
0.065 -0.716667    
0.06 -0.806667    
0.06 -0.816667    
0.0625 -0.803333    
0.0675 -0.753333    
0.0725 -0.7    
0.0875 -0.583333    
0.095 -0.513333    
0.1075 -0.416667    
0.1125 -0.366667    
0.125 -0.236667    
0.13 -0.18    
0.13 -0.163333    
0.1325 -0.116667    
0.1375 -0.06    
0.1425 -0.0333333    
0.1475 -0.00666667    
0.1525 0.0166667    
0.155 0.0433333    
0.155 0.0666667    
0.1525 0.0733333    
0.1475 0.0866667    
0.1425 0.0966667    
0.14 0.1    
0.1375 0.11    
