54
0.1775 0.566667    
0.1825 0.48    
0.185 0.4    
0.185 0.306667    
0.1825 0.156667    
0.18 -0.00333333    
0.1775 -0.13    
0.175 -0.293333    
0.175 -0.406667    
0.175 -0.57    
0.175 -0.64    
0.1775 -0.696667    
0.1775 -0.753333    
0.175 -0.766667    
0.1725 -0.766667    
0.17 -0.753333    
0.16 -0.706667    
0.1475 -0.603333    
0.1425 -0.553333    
0.1375 -0.47    
0.14 -0.38    
0.1475 -0.266667    
0.16 -0.19    
0.1775 -0.1    
0.1875 -0.0466667    
0.2 -0.00666667    
0.2175 0.0466667    
0.23 0.07    
0.2475 0.0933333    
0.265 0.106667    
0.28 0.113333    
0.295 0.11    
0.3075 0.0966667    
0.3225 0.07    
0.3375 0.0266667    
0.3475 -0.02    
0.36 -0.0966667    
0.3675 -0.156667    
0.3775 -0.24    
0.3875 -0.296667    
0.4 -0.353333    
0.4225 -0.443333    
0.44 -0.493333    
0.4575 -0.543333    
0.495 -0.623333    
0.51 -0.653333    
0.5425 -0.706667    
0.5775 -0.746667    
0.6025 -0.76    
0.6375 -0.766667    
0.6675 -0.763333    
0.69 -0.756667    
0.7125 -0.746667    
0.725 -0.736667    
