94
-0.0625 0.4    
-0.06 0.39    
-0.0525 0.363333    
-0.0475 0.346667    
-0.04 0.306667    
-0.035 0.27    
-0.035 0.2    
-0.0375 0.15    
-0.045 0.0733333    
-0.0525 0.00666667    
-0.0625 -0.09    
-0.0725 -0.176667    
-0.0825 -0.246667    
-0.0925 -0.323333    
-0.1 -0.37    
-0.1075 -0.42    
-0.1125 -0.45    
-0.1175 -0.48    
-0.12 -0.483333    
-0.1225 -0.496667    
-0.125 -0.496667    
-0.1225 -0.49    
-0.12 -0.466667    
-0.1125 -0.423333    
-0.11 -0.4    
-0.0975 -0.333333    
-0.09 -0.29    
-0.0775 -0.246667    
-0.0675 -0.203333    
-0.0475 -0.14    
-0.0325 -0.0933333    
-0.025 -0.0733333    
-0.0075 -0.0233333    
0.0075 0.01    
0.015 0.0266667    
0.0275 0.05    
0.0375 0.0666667    
0.05 0.0833333    
0.06 0.0933333    
0.0725 0.0966667    
0.09 0.0866667    
0.0975 0.08    
0.1125 0.0466667    
0.1225 0.0133333    
0.125 -0.02    
0.125 -0.05    
0.115 -0.11    
0.095 -0.196667    
0.0875 -0.233333    
0.06 -0.32    
0.0375 -0.386667    
0.025 -0.433333    
0.0125 -0.476667    
0.0025 -0.513333    
-0.005 -0.546667    
-0.01 -0.576667    
-0.01 -0.603333    
-0.005 -0.633333    
0.005 -0.663333    
0.0075 -0.67    
0.0175 -0.68    
0.03 -0.68    
0.045 -0.673333    
0.06 -0.656667    
0.085 -0.63    
0.105 -0.606667    
0.1325 -0.57    
0.1725 -0.523333    
0.195 -0.49    
0.2125 -0.463333    
0.2325 -0.433333    
0.2425 -0.416667    
0.25 -0.393333    
0.25 -0.38    
0.25 -0.37    
0.2425 -0.356667    
0.24 -0.353333    
0.2325 -0.35    
0.225 -0.346667    
0.22 -0.346667    
0.2125 -0.343333    
0.2075 -0.34    
0.2025 -0.336667    
0.1975 -0.336667    
0.1975 -0.336667    
0.195 -0.336667    
0.195 -0.336667    
0.195 -0.336667    
0.195 -0.34    
0.1975 -0.343333    
0.2025 -0.353333    
0.2075 -0.366667    
0.215 -0.383333    
0.22 -0.39    
