48
-0.205 0.556667    
-0.2 0.533333    
-0.19 0.483333    
-0.185 0.456667    
-0.1775 0.396667    
-0.175 0.3    
-0.1775 0.206667    
-0.1825 0.0666667    
-0.195 -0.11    
-0.2 -0.173333    
-0.21 -0.266667    
-0.2175 -0.346667    
-0.225 -0.396667    
-0.23 -0.433333    
-0.2325 -0.453333    
-0.2375 -0.473333    
-0.235 -0.47    
-0.23 -0.446667    
-0.22 -0.396667    
-0.2025 -0.32    
-0.19 -0.256667    
-0.175 -0.17    
-0.16 -0.0833333    
-0.145 0.00666667    
-0.1325 0.0733333    
-0.1075 0.166667    
-0.09 0.233333    
-0.06 0.316667    
-0.05 0.34    
-0.0275 0.37    
-0.0175 0.363333    
-0.01 0.343333    
0.0025 0.293333    
0.0075 0.24    
0.0125 0.116667    
0.015 0.03    
0.015 -0.06    
0.02 -0.183333    
0.035 -0.29    
0.065 -0.38    
0.0975 -0.436667    
0.1375 -0.47    
0.195 -0.483333    
0.2475 -0.456667    
0.2775 -0.423333    
0.3025 -0.336667    
0.3025 -0.3    
0.285 -0.226667    
