49
0.025 0.446667    
0.02 0.473333    
0.0175 0.486667    
0.015 0.493333    
0.01 0.48    
0.0075 0.463333    
-0.005 0.416667    
-0.015 0.37    
-0.03 0.303333    
-0.0425 0.246667    
-0.0575 0.16    
-0.0675 0.08    
-0.0825 -0.04    
-0.095 -0.173333    
-0.1025 -0.266667    
-0.1125 -0.363333    
-0.1175 -0.413333    
-0.1225 -0.436667    
-0.135 -0.46    
-0.1425 -0.463333    
-0.15 -0.45    
-0.155 -0.426667    
-0.1525 -0.4    
-0.145 -0.35    
-0.135 -0.303333    
-0.1125 -0.236667    
-0.09 -0.186667    
-0.06 -0.13    
-0.035 -0.0933333    
0.005 -0.0466667    
0.025 -0.0266667    
0.0475 -0.0133333    
0.0625 -0.00333333    
0.075 -0.00333333    
0.0825 -0.0133333    
0.085 -0.0333333    
0.0875 -0.0633333    
0.085 -0.136667    
0.085 -0.193333    
0.0875 -0.25    
0.0975 -0.336667    
0.1125 -0.373333    
0.13 -0.4    
0.15 -0.416667    
0.18 -0.423333    
0.2075 -0.413333    
0.2275 -0.396667    
0.2425 -0.376667    
0.2575 -0.35    
