51
-0.16 0.626667    
-0.1625 0.626667    
-0.1625 0.616667    
-0.1625 0.61    
-0.1575 0.593333    
-0.1525 0.576667    
-0.1425 0.55    
-0.1325 0.53    
-0.1275 0.516667    
-0.1225 0.51    
-0.1275 0.503333    
-0.14 0.5    
-0.16 0.5    
-0.185 0.503333    
-0.225 0.496667    
-0.2625 0.486667    
-0.2875 0.476667    
-0.315 0.456667    
-0.3225 0.436667    
-0.32 0.413333    
-0.3 0.386667    
-0.2225 0.336667    
-0.1575 0.303333    
-0.09 0.273333    
-0.0275 0.243333    
0.0275 0.206667    
0.045 0.183333    
0.0275 0.14    
-0.0075 0.1    
-0.0725 0.03    
-0.1325 -0.04    
-0.205 -0.136667    
-0.245 -0.213333    
-0.2725 -0.29    
-0.285 -0.4    
-0.275 -0.513333    
-0.2525 -0.593333    
-0.2275 -0.673333    
-0.185 -0.76    
-0.135 -0.816667    
-0.12 -0.826667    
-0.075 -0.836667    
-0.0225 -0.823333    
0.0475 -0.77    
0.115 -0.686667    
0.15 -0.62    
0.175 -0.56    
0.195 -0.476667    
0.195 -0.446667    
0.19 -0.42    
0.18 -0.406667    
