63
-0.1275 0.54    
-0.125 0.55    
-0.1175 0.553333    
-0.11 0.556667    
-0.095 0.553333    
-0.0825 0.546667    
-0.065 0.533333    
-0.0575 0.526667    
-0.05 0.516667    
-0.045 0.51    
-0.04 0.503333    
-0.035 0.49    
-0.03 0.476667    
-0.03 0.463333    
-0.025 0.44    
-0.0225 0.416667    
-0.0225 0.383333    
-0.0225 0.366667    
-0.0275 0.323333    
-0.035 0.293333    
-0.04 0.263333    
-0.0475 0.22    
-0.05 0.203333    
-0.05 0.186667    
-0.05 0.173333    
-0.0475 0.163333    
-0.025 0.163333    
-0.0025 0.17    
0.025 0.183333    
0.065 0.203333    
0.1025 0.23    
0.125 0.246667    
0.145 0.27    
0.1575 0.283333    
0.1575 0.286667    
0.145 0.273333    
0.1325 0.25    
0.1175 0.216667    
0.1025 0.17    
0.0775 0.07    
0.0625 0    
0.045 -0.103333    
0.035 -0.183333    
0.025 -0.283333    
0.0225 -0.35    
0.025 -0.44    
0.03 -0.483333    
0.0325 -0.516667    
0.035 -0.546667    
0.0375 -0.56    
0.0425 -0.566667    
0.0525 -0.566667    
0.0625 -0.553333    
0.09 -0.52    
0.115 -0.483333    
0.16 -0.41    
0.1825 -0.373333    
0.2025 -0.336667    
0.22 -0.3    
0.23 -0.283333    
0.235 -0.266667    
0.2325 -0.26    
0.23 -0.263333    
