34
-0.1675 0.42    
-0.16 0.423333    
-0.1425 0.41    
-0.12 0.383333    
-0.085 0.32    
-0.08 0.283333    
-0.11 0.226667    
-0.175 0.163333    
-0.2325 0.12    
-0.3 0.0666667    
-0.31 0.0566667    
-0.3225 0.0333333    
-0.285 0.0266667    
-0.21 0.04    
-0.1425 0.0566667    
-0.0725 0.0766667    
-0.035 0.0733333    
-0.03 0.03    
-0.0475 -0.0566667    
-0.0725 -0.196667    
-0.095 -0.313333    
-0.11 -0.456667    
-0.1125 -0.56    
-0.105 -0.606667    
-0.09 -0.63    
-0.0775 -0.63    
-0.0625 -0.613333    
-0.035 -0.556667    
-0.0075 -0.51    
0.03 -0.456667    
0.0975 -0.37    
0.17 -0.28    
0.2125 -0.216667    
0.245 -0.146667    
