89
-0.0375 0.52    
-0.04 0.52    
-0.04 0.523333    
-0.04 0.526667    
-0.04 0.526667    
-0.04 0.526667    
-0.04 0.526667    
-0.04 0.523333    
-0.035 0.52    
-0.03 0.513333    
-0.025 0.51    
-0.0125 0.5    
-0.005 0.496667    
0.0125 0.486667    
0.025 0.476667    
0.05 0.456667    
0.065 0.446667    
0.08 0.436667    
0.0925 0.426667    
0.115 0.416667    
0.1375 0.41    
0.15 0.406667    
0.1575 0.403333    
0.165 0.403333    
0.165 0.39    
0.1625 0.383333    
0.1575 0.376667    
0.145 0.363333    
0.1375 0.356667    
0.13 0.353333    
0.1075 0.343333    
0.0825 0.333333    
0.07 0.326667    
0.055 0.316667    
0.04 0.306667    
0.0125 0.276667    
-0.0025 0.266667    
-0.0125 0.253333    
-0.0325 0.24    
-0.0375 0.236667    
-0.0425 0.24    
-0.0425 0.24    
-0.0425 0.243333    
-0.04 0.246667    
-0.035 0.25    
-0.0275 0.25    
-0.0225 0.25    
-0.0175 0.246667    
-0.0175 0.246667    
-0.015 0.226667    
-0.0125 0.203333    
-0.01 0.116667    
-0.01 0.06    
-0.015 -0.0633333    
-0.0175 -0.123333    
-0.0175 -0.176667    
-0.0175 -0.246667    
-0.015 -0.286667    
-0.015 -0.31    
-0.015 -0.35    
-0.015 -0.366667    
-0.015 -0.38    
-0.0125 -0.406667    
-0.0125 -0.416667    
-0.0125 -0.43    
-0.0125 -0.446667    
-0.01 -0.463333    
-0.01 -0.47    
-0.01 -0.476667    
-0.0075 -0.483333    
-0.005 -0.486667    
-0.005 -0.49    
-0.0025 -0.49    
0.0025 -0.493333    
0.005 -0.493333    
0.0125 -0.493333    
0.015 -0.493333    
0.02 -0.493333    
0.025 -0.49    
0.03 -0.49    
0.0325 -0.486667    
0.0325 -0.486667    
0.035 -0.486667    
0.035 -0.483333    
0.035 -0.483333    
0.0375 -0.483333    
0.0375 -0.48    
0.0375 -0.476667    
0.04 -0.473333    
