65
0.0325 0.326667    
0.0225 0.336667    
0.015 0.343333    
0.01 0.353333    
0.0175 0.346667    
0.0275 0.333333    
0.035 0.32    
0.045 0.303333    
0.05 0.29    
0.0475 0.29    
0.045 0.29    
0.0275 0.296667    
0.0175 0.3    
-0.0075 0.3    
-0.02 0.293333    
-0.0325 0.28    
-0.0575 0.246667    
-0.0675 0.226667    
-0.0775 0.206667    
-0.0975 0.166667    
-0.105 0.143333    
-0.1125 0.12    
-0.1125 0.12    
-0.115 0.0933333    
-0.1075 0.0566667    
-0.1 0.0466667    
-0.085 0.0366667    
-0.06 0.0266667    
-0.0475 0.02    
-0.0375 0.0133333    
-0.0325 -0.01    
-0.0375 -0.0266667    
-0.0525 -0.1    
-0.065 -0.153333    
-0.075 -0.216667    
-0.0875 -0.346667    
-0.085 -0.403333    
-0.065 -0.47    
-0.045 -0.483333    
-0.0225 -0.486667    
0.04 -0.456667    
0.0725 -0.433333    
0.1025 -0.406667    
0.1475 -0.363333    
0.1625 -0.35    
0.1725 -0.34    
0.18 -0.323333    
0.1825 -0.316667    
0.185 -0.306667    
0.185 -0.303333    
0.185 -0.3    
0.1825 -0.29    
0.1825 -0.286667    
0.1825 -0.283333    
0.18 -0.276667    
0.18 -0.27    
0.1775 -0.266667    
0.1775 -0.263333    
0.175 -0.263333    
0.1725 -0.26    
0.165 -0.266667    
0.1575 -0.27    
0.14 -0.283333    
0.1325 -0.29    
0.125 -0.296667    
