30
0.0075 0.543333    
0.0075 0.55    
0.0125 0.55    
0.02 0.536667    
0.0325 0.52    
0.0425 0.503333    
0.0425 0.466667    
0.0225 0.45    
-0.0125 0.43    
-0.1125 0.36    
-0.165 0.316667    
-0.235 0.24    
-0.245 0.206667    
-0.2325 0.183333    
-0.205 0.163333    
-0.12 0.136667    
-0.0725 0.126667    
-0.0075 0.1    
0.01 0.0733333    
0.02 0.03    
0.02 -0.08    
0.015 -0.133333    
0.015 -0.186667    
0.03 -0.246667    
0.0675 -0.263333    
0.0975 -0.253333    
0.1275 -0.236667    
0.195 -0.183333    
0.2275 -0.15    
0.2575 -0.116667    
