57
0.02 0.493333    
0.0225 0.503333    
0.0225 0.503333    
0.0225 0.513333    
0.025 0.53    
0.03 0.533333    
0.035 0.533333    
0.0575 0.513333    
0.07 0.496667    
0.0925 0.466667    
0.1 0.456667    
0.105 0.443333    
0.1075 0.43    
0.1075 0.43    
0.0925 0.386667    
0.055 0.293333    
0.035 0.246667    
0.0125 0.206667    
0.0075 0.193333    
0.01 0.18    
0.025 0.186667    
0.0875 0.21    
0.13 0.23    
0.175 0.253333    
0.245 0.276667    
0.2675 0.283333    
0.28 0.276667    
0.285 0.22    
0.28 0.16    
0.2625 -0.0133333    
0.2525 -0.113333    
0.245 -0.21    
0.24 -0.373333    
0.245 -0.436667    
0.255 -0.49    
0.2825 -0.553333    
0.3 -0.566667    
0.3175 -0.573333    
0.3525 -0.56    
0.3675 -0.543333    
0.395 -0.493333    
0.405 -0.466667    
0.4125 -0.443333    
0.42 -0.403333    
0.42 -0.39    
0.4225 -0.38    
0.42 -0.366667    
0.42 -0.363333    
0.42 -0.363333    
0.42 -0.363333    
0.42 -0.363333    
0.42 -0.37    
0.42 -0.37    
0.42 -0.373333    
0.42 -0.376667    
0.42 -0.376667    
0.4225 -0.38    
