62
-0.0125 0.606667    
-0.0125 0.606667    
-0.0125 0.61    
-0.0125 0.613333    
-0.0125 0.613333    
-0.0125 0.613333    
-0.0125 0.613333    
-0.0125 0.613333    
-0.01 0.613333    
-0.01 0.61    
-0.0075 0.606667    
0.0025 0.6    
0.01 0.593333    
0.0175 0.583333    
0.0375 0.56    
0.0525 0.536667    
0.055 0.526667    
0.0725 0.486667    
0.0775 0.47    
0.085 0.453333    
0.09 0.423333    
0.09 0.4    
0.085 0.386667    
0.0775 0.376667    
0.0525 0.353333    
0.035 0.336667    
0.015 0.32    
-0.005 0.296667    
-0.04 0.25    
-0.06 0.213333    
-0.0675 0.196667    
-0.07 0.186667    
-0.0675 0.163333    
-0.065 0.156667    
-0.0575 0.15    
-0.045 0.14    
-0.0375 0.14    
-0.0275 0.136667    
-0.02 0.133333    
-0.0075 0.13    
0.0025 0.126667    
0.005 0.123333    
0.0075 0.12    
0.01 0.116667    
0.015 0.106667    
0.015 0.1    
0.0175 0.0733333    
0.0175 0.0733333    
0.0175 0.0733333    
0.015 -0.0233333    
0.0125 -0.0866667    
0.01 -0.16    
0.005 -0.306667    
0.005 -0.373333    
0.0025 -0.48    
0.0025 -0.516667    
0 -0.556667    
0 -0.57    
0 -0.58    
0.0025 -0.59    
0.0075 -0.603333    
0.01 -0.603333    
