79
-0.0925 0.336667    
-0.095 0.336667    
-0.095 0.34    
-0.0975 0.343333    
-0.1 0.343333    
-0.1025 0.35    
-0.1075 0.353333    
-0.11 0.356667    
-0.1125 0.36    
-0.115 0.36    
-0.1175 0.363333    
-0.115 0.366667    
-0.1125 0.376667    
-0.1075 0.386667    
-0.1 0.4    
-0.0975 0.406667    
-0.0975 0.403333    
-0.0975 0.396667    
-0.1 0.383333    
-0.1025 0.353333    
-0.1025 0.306667    
-0.1 0.28    
-0.095 0.216667    
-0.0925 0.163333    
-0.095 0.0433333    
-0.0975 0.0233333    
-0.1175 -0.07    
-0.1325 -0.12    
-0.1375 -0.156667    
-0.14 -0.193333    
-0.1375 -0.226667    
-0.125 -0.26    
-0.1175 -0.263333    
-0.105 -0.266667    
-0.08 -0.253333    
-0.0475 -0.213333    
-0.02 -0.163333    
0.01 -0.0733333    
0.0425 0.0533333    
0.0475 0.106667    
0.0475 0.196667    
0.045 0.24    
0.0325 0.293333    
0.0175 0.34    
-0.005 0.403333    
-0.0225 0.456667    
-0.0275 0.476667    
-0.035 0.536667    
-0.0375 0.58    
-0.0425 0.62    
-0.0425 0.646667    
-0.045 0.64    
-0.0475 0.623333    
-0.0475 0.613333    
-0.0475 0.593333    
-0.045 0.566667    
-0.0425 0.553333    
-0.0375 0.526667    
-0.03 0.506667    
-0.0275 0.5    
-0.0275 0.5    
-0.0275 0.51    
-0.03 0.536667    
-0.0325 0.556667    
-0.035 0.576667    
-0.04 0.593333    
-0.0425 0.603333    
-0.045 0.61    
-0.0475 0.613333    
-0.0525 0.616667    
-0.055 0.62    
-0.065 0.63    
-0.0775 0.633333    
-0.085 0.633333    
-0.095 0.633333    
-0.105 0.63    
-0.1075 0.63    
-0.11 0.63    
-0.1125 0.63    
