175
-0.0775 0.523333    
-0.0775 0.523333    
-0.0775 0.523333    
-0.08 0.523333    
-0.08 0.516667    
-0.08 0.51    
-0.0825 0.486667    
-0.085 0.47    
-0.09 0.396667    
-0.0925 0.346667    
-0.095 0.303333    
-0.0975 0.213333    
-0.1025 0.12    
-0.1125 -0.01    
-0.115 -0.06    
-0.12 -0.136667    
-0.125 -0.226667    
-0.1225 -0.283333    
-0.115 -0.35    
-0.0975 -0.393333    
-0.0725 -0.43    
-0.04 -0.46    
0 -0.48    
0.065 -0.476667    
0.0975 -0.456667    
0.135 -0.41    
0.1625 -0.323333    
0.1775 -0.243333    
0.1825 -0.203333    
0.1825 -0.12    
0.18 -0.02    
0.175 0.0233333    
0.1675 0.0933333    
0.15 0.213333    
0.135 0.266667    
0.125 0.293333    
0.1075 0.346667    
0.0925 0.376667    
0.0775 0.416667    
0.0625 0.453333    
0.0425 0.503333    
0.03 0.536667    
0.0225 0.556667    
0.005 0.603333    
-0.01 0.633333    
-0.02 0.653333    
-0.0275 0.666667    
-0.0375 0.686667    
-0.045 0.696667    
-0.0525 0.71    
-0.055 0.716667    
-0.055 0.73    
-0.05 0.74    
-0.04 0.753333    
-0.0325 0.756667    
-0.02 0.76    
-0.0125 0.75    
-0.0125 0.73    
-0.02 0.716667    
-0.03 0.7    
-0.0325 0.7    
-0.0325 0.706667    
-0.03 0.713333    
-0.03 0.723333    
-0.0325 0.726667    
-0.04 0.723333    
-0.0425 0.72    
-0.045 0.723333    
-0.0475 0.733333    
-0.045 0.746667    
-0.045 0.753333    
-0.04 0.763333    
-0.035 0.77    
-0.03 0.773333    
-0.0275 0.763333    
-0.03 0.75    
-0.0425 0.71    
-0.05 0.69    
-0.0725 0.653333    
-0.09 0.633333    
-0.11 0.62    
-0.125 0.613333    
-0.1275 0.62    
-0.12 0.646667    
-0.1125 0.66    
-0.1 0.68    
-0.0825 0.703333    
-0.0625 0.716667    
-0.0475 0.723333    
-0.04 0.723333    
-0.0275 0.72    
-0.0175 0.703333    
-0.0125 0.69    
-0.0175 0.656667    
-0.025 0.633333    
-0.035 0.61    
-0.05 0.586667    
-0.0625 0.58    
-0.0725 0.583333    
-0.0775 0.6    
-0.075 0.653333    
-0.07 0.673333    
-0.06 0.7    
-0.0475 0.723333    
-0.0375 0.736667    
-0.03 0.743333    
-0.025 0.743333    
-0.02 0.743333    
-0.0125 0.736667    
-0.01 0.73    
-0.0075 0.726667    
-0.005 0.723333    
-0.005 0.716667    
-0.0025 0.71    
-0.005 0.693333    
-0.0075 0.68    
-0.0125 0.663333    
-0.0125 0.656667    
-0.0075 0.67    
-0.0025 0.683333    
0.005 0.696667    
0.0075 0.706667    
0.0075 0.706667    
0.0075 0.703333    
0.0075 0.703333    
0.0075 0.7    
0.01 0.7    
0.01 0.696667    
0.01 0.693333    
0.01 0.693333    
0.005 0.686667    
0.005 0.683333    
0.0025 0.683333    
0.0025 0.686667    
0 0.686667    
0 0.69    
0 0.693333    
0 0.693333    
0.0025 0.693333    
0.0025 0.693333    
0.0025 0.693333    
0.0025 0.69    
0.0025 0.69    
0.0025 0.683333    
0.005 0.68    
0.005 0.676667    
0.0075 0.67    
0.0075 0.67    
0.01 0.666667    
0.0125 0.666667    
0.015 0.666667    
0.015 0.673333    
0.015 0.673333    
0.015 0.676667    
0.0175 0.676667    
0.0175 0.676667    
0.0225 0.676667    
0.0225 0.676667    
0.0275 0.673333    
0.03 0.673333    
0.03 0.67    
0.03 0.67    
0.0325 0.67    
0.0325 0.666667    
0.03 0.663333    
0.03 0.663333    
0.03 0.663333    
0.03 0.66    
0.03 0.66    
0.03 0.66    
0.03 0.656667    
0.03 0.653333    
0.03 0.65    
0.0325 0.64    
0.0325 0.626667    
