78
-0.28 0.283333    
-0.28 0.283333    
-0.2825 0.283333    
-0.2825 0.29    
-0.285 0.29    
-0.285 0.293333    
-0.285 0.293333    
-0.285 0.293333    
-0.285 0.293333    
-0.28 0.29    
-0.275 0.28    
-0.2725 0.25    
-0.2675 0.19    
-0.26 0.01    
-0.2575 -0.166667    
-0.2575 -0.256667    
-0.255 -0.366667    
-0.2575 -0.486667    
-0.2575 -0.5    
-0.265 -0.483333    
-0.27 -0.43    
-0.2725 -0.346667    
-0.2675 -0.203333    
-0.24 0.00666667    
-0.2025 0.17    
-0.18 0.246667    
-0.12 0.383333    
-0.0675 0.463333    
0.0275 0.543333    
0.0825 0.563333    
0.125 0.56    
0.17 0.53    
0.1925 0.486667    
0.205 0.386667    
0.2075 0.283333    
0.1975 0.04    
0.195 -0.00333333    
0.1875 -0.0833333    
0.18 -0.236667    
0.175 -0.293333    
0.1725 -0.326667    
0.17 -0.34    
0.17 -0.326667    
0.17 -0.28    
0.1725 -0.203333    
0.1775 -0.126667    
0.1875 -0.0433333    
0.215 0.116667    
0.255 0.253333    
0.2925 0.353333    
0.33 0.443333    
0.3925 0.556667    
0.42 0.596667    
0.4375 0.613333    
0.455 0.61    
0.4675 0.58    
0.475 0.546667    
0.485 0.483333    
0.48 0.363333    
0.4625 0.226667    
0.4475 0.146667    
0.4025 -0.0666667    
0.375 -0.19    
0.345 -0.33    
0.3325 -0.383333    
0.315 -0.46    
0.305 -0.496667    
0.295 -0.513333    
0.285 -0.51    
0.275 -0.493333    
0.265 -0.46    
0.26 -0.436667    
0.25 -0.386667    
0.2425 -0.33    
0.235 -0.3    
0.225 -0.246667    
0.2175 -0.213333    
0.2025 -0.173333    
