52
-0.165 0.483333    
-0.1575 0.473333    
-0.1475 0.456667    
-0.135 0.443333    
-0.115 0.42    
-0.095 0.4    
-0.09 0.393333    
-0.07 0.373333    
-0.06 0.366667    
-0.0575 0.36    
-0.065 0.353333    
-0.0825 0.35    
-0.1025 0.346667    
-0.135 0.333333    
-0.1575 0.316667    
-0.1875 0.283333    
-0.205 0.256667    
-0.2225 0.226667    
-0.2275 0.203333    
-0.22 0.196667    
-0.2025 0.2    
-0.1725 0.21    
-0.135 0.223333    
-0.11 0.233333    
-0.08 0.236667    
-0.07 0.233333    
-0.0625 0.22    
-0.065 0.183333    
-0.075 0.123333    
-0.09 0.06    
-0.1075 -0.04    
-0.1225 -0.12    
-0.135 -0.226667    
-0.14 -0.296667    
-0.1375 -0.39    
-0.1325 -0.493333    
-0.1275 -0.533333    
-0.1175 -0.603333    
-0.1 -0.663333    
-0.08 -0.7    
-0.05 -0.74    
-0.0325 -0.756667    
-0.0075 -0.766667    
0.015 -0.763333    
0.0475 -0.723333    
0.06 -0.68    
0.07 -0.63    
0.08 -0.55    
0.085 -0.506667    
0.0875 -0.456667    
0.09 -0.43    
0.095 -0.4    
