91
-0.1175 0.283333    
-0.1125 0.293333    
-0.11 0.293333    
-0.105 0.293333    
-0.1025 0.29    
-0.095 0.286667    
-0.09 0.283333    
-0.0875 0.28    
-0.085 0.273333    
-0.085 0.266667    
-0.085 0.253333    
-0.0825 0.243333    
-0.08 0.22    
-0.08 0.213333    
-0.08 0.203333    
-0.0825 0.19    
-0.0875 0.18    
-0.0975 0.166667    
-0.1125 0.15    
-0.1275 0.136667    
-0.1475 0.12    
-0.1675 0.1    
-0.18 0.09    
-0.1975 0.0766667    
-0.2225 0.0533333    
-0.2325 0.04    
-0.25 0.0233333    
-0.2675 -0.00333333    
-0.28 -0.02    
-0.285 -0.03    
-0.285 -0.0366667    
-0.28 -0.04    
-0.265 -0.04    
-0.2375 -0.02    
-0.22 -0.00333333    
-0.2 0.0133333    
-0.18 0.03    
-0.1375 0.0466667    
-0.1 0.05    
-0.0825 0.05    
-0.0525 0.0533333    
-0.025 0.05    
-0.0175 0.0466667    
-0.005 0.0433333    
0 0.0366667    
0.0025 0.02    
0.0025 0    
-0.005 -0.0566667    
-0.0125 -0.09    
-0.0225 -0.13    
-0.045 -0.213333    
-0.065 -0.273333    
-0.095 -0.373333    
-0.1075 -0.42    
-0.1175 -0.463333    
-0.125 -0.516667    
-0.1275 -0.563333    
-0.13 -0.593333    
-0.13 -0.626667    
-0.135 -0.67    
-0.1375 -0.683333    
-0.1425 -0.706667    
-0.145 -0.723333    
-0.145 -0.73    
-0.145 -0.736667    
-0.14 -0.736667    
-0.1325 -0.73    
-0.125 -0.723333    
-0.115 -0.71    
-0.0925 -0.673333    
-0.0725 -0.643333    
-0.0325 -0.573333    
-0.0125 -0.54    
0.01 -0.51    
0.02 -0.5    
0.0425 -0.48    
0.055 -0.473333    
0.06 -0.47    
0.065 -0.466667    
0.065 -0.466667    
0.065 -0.466667    
0.0625 -0.466667    
0.055 -0.47    
0.05 -0.47    
0.0475 -0.473333    
0.0425 -0.473333    
0.0375 -0.473333    
0.0325 -0.473333    
0.0325 -0.476667    
0.0325 -0.476667    
0.0325 -0.48    
