54
-0.14 0.583333    
-0.1375 0.583333    
-0.1375 0.583333    
-0.135 0.583333    
-0.1325 0.583333    
-0.13 0.586667    
-0.125 0.59    
-0.1225 0.59    
-0.12 0.586667    
-0.115 0.586667    
-0.11 0.58    
-0.1 0.57    
-0.0925 0.563333    
-0.0825 0.55    
-0.0725 0.54    
-0.07 0.533333    
-0.075 0.526667    
-0.08 0.523333    
-0.0875 0.52    
-0.0975 0.516667    
-0.11 0.513333    
-0.115 0.51    
-0.1275 0.5    
-0.135 0.486667    
-0.1425 0.473333    
-0.1475 0.46    
-0.1525 0.443333    
-0.155 0.436667    
-0.1625 0.426667    
-0.1675 0.423333    
-0.1775 0.41    
-0.1875 0.403333    
-0.195 0.4    
-0.195 0.396667    
-0.1925 0.393333    
-0.1875 0.386667    
-0.18 0.38    
-0.17 0.37    
-0.1575 0.353333    
-0.15 0.326667    
-0.145 0.27    
-0.145 0.183333    
-0.1525 0.0733333    
-0.16 -0.0133333    
-0.165 -0.106667    
-0.1625 -0.236667    
-0.1575 -0.353333    
-0.155 -0.423333    
-0.1525 -0.5    
-0.155 -0.53    
-0.1575 -0.55    
-0.16 -0.543333    
-0.1575 -0.53    
-0.1575 -0.493333    
