82
-0.0825 0.376667    
-0.08 0.383333    
-0.075 0.39    
-0.0725 0.393333    
-0.07 0.393333    
-0.0675 0.393333    
-0.065 0.393333    
-0.065 0.396667    
-0.0625 0.396667    
-0.0625 0.396667    
-0.06 0.396667    
-0.06 0.396667    
-0.06 0.396667    
-0.06 0.396667    
-0.06 0.396667    
-0.055 0.393333    
-0.0475 0.39    
-0.0325 0.383333    
-0.0225 0.376667    
-0.01 0.37    
-0.005 0.363333    
-0.0075 0.363333    
-0.01 0.366667    
-0.0225 0.373333    
-0.0325 0.376667    
-0.045 0.376667    
-0.0625 0.373333    
-0.0775 0.363333    
-0.1 0.34    
-0.125 0.306667    
-0.1475 0.283333    
-0.185 0.243333    
-0.205 0.223333    
-0.2225 0.206667    
-0.2425 0.193333    
-0.2575 0.183333    
-0.27 0.176667    
-0.275 0.17    
-0.2775 0.166667    
-0.275 0.166667    
-0.2675 0.17    
-0.2575 0.173333    
-0.24 0.18    
-0.2175 0.186667    
-0.19 0.196667    
-0.16 0.203333    
-0.135 0.206667    
-0.1125 0.21    
-0.0825 0.216667    
-0.05 0.223333    
-0.035 0.23    
-0.0225 0.233333    
-0.01 0.24    
-0.005 0.246667    
0 0.25    
-0.0025 0.25    
-0.0125 0.243333    
-0.0175 0.236667    
-0.0275 0.223333    
-0.0475 0.19    
-0.0625 0.156667    
-0.0775 0.103333    
-0.09 0.0433333    
-0.095 0    
-0.095 -0.0633333    
-0.0925 -0.123333    
-0.09 -0.163333    
-0.0825 -0.203333    
-0.0775 -0.23    
-0.0675 -0.25    
-0.0575 -0.26    
-0.0475 -0.263333    
-0.03 -0.256667    
-0.0075 -0.243333    
0.0075 -0.23    
0.03 -0.206667    
0.0425 -0.19    
0.0575 -0.17    
0.07 -0.156667    
0.075 -0.15    
0.08 -0.143333    
0.0825 -0.14    
