70
-0.05 0.193333    
-0.0375 0.216667    
-0.0325 0.23    
-0.02 0.246667    
-0.0075 0.24    
0.0025 0.226667    
0.0225 0.163333    
0.03 0.116667    
0.035 0.06    
0.03 -0.0666667    
0.0075 -0.206667    
-0.01 -0.266667    
-0.03 -0.316667    
-0.05 -0.36    
-0.085 -0.413333    
-0.1025 -0.42    
-0.13 -0.416667    
-0.1425 -0.41    
-0.155 -0.4    
-0.1725 -0.38    
-0.18 -0.366667    
-0.1925 -0.34    
-0.1925 -0.34    
-0.2 -0.326667    
-0.21 -0.303333    
-0.22 -0.29    
-0.22 -0.29    
-0.22 -0.29    
-0.225 -0.286667    
-0.2275 -0.286667    
-0.23 -0.29    
-0.23 -0.29    
-0.2275 -0.29    
-0.2275 -0.286667    
-0.2225 -0.286667    
-0.22 -0.283333    
-0.22 -0.283333    
-0.2175 -0.283333    
-0.2125 -0.283333    
-0.21 -0.283333    
-0.21 -0.283333    
-0.2075 -0.283333    
-0.205 -0.283333    
-0.2025 -0.283333    
-0.2025 -0.283333    
-0.2 -0.283333    
-0.1975 -0.28    
-0.1925 -0.276667    
-0.19 -0.276667    
-0.185 -0.28    
-0.1825 -0.28    
-0.1775 -0.286667    
-0.175 -0.29    
-0.1675 -0.3    
-0.1675 -0.3    
-0.16 -0.31    
-0.1525 -0.313333    
-0.15 -0.313333    
-0.1475 -0.313333    
-0.1425 -0.31    
-0.14 -0.31    
-0.14 -0.31    
-0.1375 -0.31    
-0.1325 -0.31    
-0.13 -0.31    
-0.1275 -0.31    
-0.125 -0.31    
-0.12 -0.31    
-0.115 -0.306667    
-0.1125 -0.306667    
