46
-0.2325 0.683333    
-0.2175 0.693333    
-0.2075 0.693333    
-0.195 0.683333    
-0.18 0.653333    
-0.17 0.623333    
-0.1625 0.593333    
-0.1575 0.556667    
-0.1625 0.523333    
-0.1725 0.506667    
-0.1875 0.493333    
-0.2025 0.483333    
-0.225 0.47    
-0.255 0.46    
-0.2775 0.453333    
-0.305 0.44    
-0.32 0.436667    
-0.33 0.43    
-0.33 0.423333    
-0.31 0.413333    
-0.255 0.386667    
-0.195 0.356667    
-0.1225 0.32    
-0.01 0.243333    
0.0375 0.19    
0.065 0.123333    
0.075 0.01    
0.0675 -0.09    
0.0475 -0.223333    
0.0275 -0.31    
0.005 -0.38    
-0.04 -0.436667    
-0.105 -0.446667    
-0.16 -0.436667    
-0.215 -0.41    
-0.2825 -0.366667    
-0.325 -0.32    
-0.345 -0.29    
-0.36 -0.256667    
-0.3625 -0.233333    
-0.3625 -0.213333    
-0.3575 -0.193333    
-0.3525 -0.166667    
-0.345 -0.156667    
-0.3425 -0.15    
-0.3375 -0.146667    
