59
0.05 0.776667    
0.07 0.753333    
0.1025 0.72    
0.12 0.696667    
0.135 0.673333    
0.1475 0.656667    
0.155 0.636667    
0.16 0.626667    
0.1575 0.62    
0.15 0.61    
0.1375 0.6    
0.135 0.596667    
0.115 0.573333    
0.1 0.55    
0.075 0.513333    
0.05 0.463333    
0.025 0.41    
0.01 0.373333    
-0.005 0.333333    
-0.0225 0.293333    
-0.03 0.253333    
-0.0275 0.236667    
-0.015 0.23    
0.0075 0.226667    
0.045 0.23    
0.0775 0.24    
0.1175 0.256667    
0.1475 0.276667    
0.17 0.293333    
0.1775 0.3    
0.1825 0.3    
0.18 0.286667    
0.175 0.266667    
0.1675 0.233333    
0.155 0.173333    
0.145 0.1    
0.135 0.0166667    
0.1325 -0.0466667    
0.13 -0.113333    
0.13 -0.203333    
0.13 -0.3    
0.1275 -0.373333    
0.1175 -0.493333    
0.1125 -0.533333    
0.0975 -0.606667    
0.0775 -0.663333    
0.065 -0.686667    
0.0325 -0.716667    
0.005 -0.726667    
-0.0275 -0.726667    
-0.06 -0.716667    
-0.1075 -0.673333    
-0.1325 -0.636667    
-0.1575 -0.583333    
-0.175 -0.54    
-0.1925 -0.473333    
-0.2025 -0.406667    
-0.2075 -0.356667    
-0.21 -0.31    
