28
-0.0725 0.483333    
-0.07 0.52    
-0.0575 0.52    
-0.03 0.496667    
-0.01 0.46    
-0.0025 0.416667    
-0.025 0.35    
-0.0875 0.283333    
-0.1625 0.216667    
-0.195 0.186667    
-0.215 0.163333    
-0.185 0.166667    
-0.13 0.186667    
-0.0525 0.223333    
0.0375 0.256667    
0.0675 0.243333    
0.08 0.173333    
0.075 0.0366667    
0.0625 -0.0933333    
0.0525 -0.236667    
0.0425 -0.403333    
0.04 -0.496667    
0.0325 -0.573333    
0.015 -0.596667    
-0.01 -0.59    
-0.0475 -0.553333    
-0.0875 -0.496667    
-0.115 -0.436667    
