119
0.0225 0.766667    
0.025 0.763333    
0.03 0.76    
0.0325 0.756667    
0.035 0.756667    
0.0375 0.753333    
0.04 0.753333    
0.0425 0.753333    
0.045 0.75    
0.05 0.75    
0.055 0.746667    
0.055 0.746667    
0.06 0.743333    
0.0625 0.743333    
0.075 0.733333    
0.0875 0.723333    
0.105 0.706667    
0.155 0.673333    
0.1875 0.65    
0.2225 0.623333    
0.2775 0.59    
0.3075 0.553333    
0.3075 0.553333    
0.315 0.536667    
0.3175 0.53    
0.3175 0.523333    
0.315 0.523333    
0.3125 0.523333    
0.2925 0.523333    
0.275 0.516667    
0.2325 0.49    
0.2075 0.466667    
0.1825 0.44    
0.1425 0.393333    
0.125 0.373333    
0.125 0.373333    
0.0975 0.35    
0.04 0.31    
0.0075 0.286667    
-0.025 0.266667    
-0.0575 0.25    
-0.1025 0.233333    
-0.135 0.223333    
-0.135 0.223333    
-0.1575 0.216667    
-0.165 0.216667    
-0.175 0.21    
-0.175 0.206667    
-0.17 0.21    
-0.1575 0.22    
-0.135 0.233333    
-0.075 0.266667    
-0.04 0.283333    
-0.0025 0.3    
0.065 0.316667    
0.09 0.323333    
0.115 0.326667    
0.15 0.326667    
0.1625 0.326667    
0.1775 0.32    
0.1825 0.313333    
0.1875 0.303333    
0.19 0.286667    
0.195 0.246667    
0.195 0.186667    
0.1925 0.153333    
0.1925 0.116667    
0.19 0.0766667    
0.1875 -0.0133333    
0.185 -0.116667    
0.18 -0.173333    
0.175 -0.233333    
0.1725 -0.293333    
0.1675 -0.41    
0.1675 -0.466667    
0.165 -0.563333    
0.1675 -0.603333    
0.165 -0.64    
0.155 -0.706667    
0.1475 -0.733333    
0.1225 -0.773333    
0.1225 -0.773333    
0.08 -0.8    
0.02 -0.81    
-0.0125 -0.813333    
-0.0475 -0.813333    
-0.08 -0.806667    
-0.135 -0.78    
-0.1575 -0.756667    
-0.2 -0.703333    
-0.2175 -0.676667    
-0.2475 -0.63    
-0.2625 -0.61    
-0.2825 -0.57    
-0.29 -0.55    
-0.2975 -0.53    
-0.3025 -0.51    
-0.3075 -0.49    
-0.315 -0.46    
-0.3175 -0.45    
-0.3225 -0.433333    
-0.325 -0.43    
-0.325 -0.423333    
-0.3275 -0.42    
-0.3275 -0.416667    
-0.3275 -0.416667    
-0.3275 -0.413333    
-0.3275 -0.413333    
-0.3275 -0.41    
-0.3275 -0.41    
-0.3275 -0.41    
-0.3275 -0.406667    
-0.3275 -0.406667    
-0.3275 -0.403333    
-0.3275 -0.396667    
-0.33 -0.386667    
-0.33 -0.38    
-0.3325 -0.373333    
-0.33 -0.363333    
