31
-0.0975 0.416667    
-0.095 0.443333    
-0.0925 0.466667    
-0.085 0.5    
-0.08 0.503333    
-0.07 0.5    
-0.0475 0.466667    
-0.035 0.443333    
-0.025 0.416667    
-0.0175 0.376667    
-0.02 0.353333    
-0.0225 0.336667    
-0.0275 0.316667    
-0.03 0.293333    
-0.035 0.266667    
-0.035 0.203333    
-0.0325 0.163333    
-0.025 0.0633333    
-0.02 0    
-0.0125 -0.0766667    
-0.0025 -0.24    
-0.0025 -0.316667    
-0.0075 -0.443333    
-0.0175 -0.486667    
-0.03 -0.516667    
-0.06 -0.55    
-0.06 -0.55    
-0.08 -0.546667    
-0.0975 -0.536667    
-0.1125 -0.52    
-0.1375 -0.483333    
