54
-0.0975 0.64    
-0.0925 0.653333    
-0.09 0.666667    
-0.0825 0.693333    
-0.0775 0.7    
-0.0625 0.703333    
-0.0525 0.703333    
-0.04 0.696667    
-0.02 0.68    
-0.0125 0.673333    
-0.01 0.666667    
-0.01 0.663333    
-0.01 0.663333    
-0.0225 0.653333    
-0.03 0.64    
-0.0325 0.62    
-0.0325 0.59    
-0.01 0.503333    
0.025 0.38    
0.04 0.293333    
0.05 0.19    
0.0575 0.0733333    
0.0475 -0.156667    
0.0325 -0.263333    
-0.0125 -0.423333    
-0.0375 -0.48    
-0.0625 -0.52    
-0.115 -0.536667    
-0.145 -0.52    
-0.1775 -0.496667    
-0.2425 -0.42    
-0.27 -0.376667    
-0.2925 -0.336667    
-0.32 -0.27    
-0.325 -0.246667    
-0.3275 -0.22    
-0.3275 -0.213333    
-0.3275 -0.206667    
-0.3275 -0.203333    
-0.3275 -0.206667    
-0.3275 -0.21    
-0.3275 -0.216667    
-0.3225 -0.226667    
-0.32 -0.23    
-0.3175 -0.233333    
-0.315 -0.236667    
-0.31 -0.24    
-0.3075 -0.24    
-0.305 -0.24    
-0.3 -0.24    
-0.295 -0.24    
-0.2925 -0.236667    
-0.29 -0.236667    
-0.285 -0.236667    
