66
-0.0525 0.663333    
-0.045 0.713333    
-0.045 0.736667    
-0.045 0.746667    
-0.0475 0.743333    
-0.0475 0.736667    
-0.045 0.72    
-0.0475 0.716667    
-0.05 0.716667    
-0.06 0.71    
-0.1 0.7    
-0.12 0.696667    
-0.1375 0.696667    
-0.16 0.69    
-0.2075 0.663333    
-0.23 0.64    
-0.2525 0.616667    
-0.29 0.57    
-0.3025 0.546667    
-0.3225 0.506667    
-0.3275 0.49    
-0.33 0.463333    
-0.3225 0.45    
-0.31 0.436667    
-0.2925 0.423333    
-0.2725 0.41    
-0.225 0.4    
-0.205 0.403333    
-0.1675 0.426667    
-0.1525 0.44    
-0.13 0.46    
-0.125 0.466667    
-0.12 0.47    
-0.115 0.47    
-0.11 0.46    
-0.105 0.44    
-0.1 0.363333    
-0.0975 0.31    
-0.0975 0.236667    
-0.105 0.0566667    
-0.115 -0.0466667    
-0.125 -0.256667    
-0.1275 -0.35    
-0.13 -0.503333    
-0.1325 -0.566667    
-0.135 -0.62    
-0.1425 -0.683333    
-0.1475 -0.7    
-0.15 -0.706667    
-0.1525 -0.706667    
-0.17 -0.676667    
-0.1825 -0.64    
-0.2125 -0.526667    
-0.225 -0.456667    
-0.2425 -0.33    
-0.2475 -0.276667    
-0.25 -0.226667    
-0.2525 -0.146667    
-0.2525 -0.11    
-0.255 -0.0566667    
-0.255 -0.0366667    
-0.2575 -0.0233333    
-0.2575 -0.0133333    
-0.2575 -0.00666667    
-0.2575 -0.00333333    
-0.2575 -0.00666667    
