113
-0.195 0.326667    
-0.2025 0.326667    
-0.205 0.326667    
-0.21 0.323333    
-0.2025 0.323333    
-0.19 0.323333    
-0.18 0.326667    
-0.1575 0.33    
-0.125 0.336667    
-0.1075 0.336667    
-0.09 0.336667    
-0.06 0.33    
-0.045 0.323333    
-0.03 0.313333    
-0.0175 0.3    
0 0.27    
0.01 0.233333    
0.0125 0.19    
0.0125 0.113333    
0.0025 -0.0733333    
-0.0025 -0.13    
-0.0125 -0.226667    
-0.02 -0.313333    
-0.0225 -0.34    
-0.03 -0.386667    
-0.04 -0.41    
-0.055 -0.426667    
-0.065 -0.43    
-0.0875 -0.416667    
-0.1075 -0.393333    
-0.115 -0.376667    
-0.13 -0.346667    
-0.1475 -0.296667    
-0.16 -0.246667    
-0.165 -0.21    
-0.1725 -0.17    
-0.175 -0.156667    
-0.1775 -0.156667    
-0.1775 -0.166667    
-0.1775 -0.18    
-0.1775 -0.2    
-0.1725 -0.213333    
-0.17 -0.22    
-0.165 -0.223333    
-0.1625 -0.22    
-0.1625 -0.216667    
-0.1625 -0.21    
-0.1625 -0.203333    
-0.1625 -0.196667    
-0.16 -0.196667    
-0.155 -0.196667    
-0.1425 -0.2    
-0.1375 -0.2    
-0.1 -0.213333    
-0.08 -0.22    
-0.0425 -0.236667    
-0.005 -0.25    
0.0175 -0.256667    
0.04 -0.253333    
0.06 -0.233333    
0.0675 -0.216667    
0.0725 -0.17    
0.07 -0.15    
0.065 -0.0933333    
0.0575 -0.0433333    
0.0525 0.0366667    
0.05 0.103333    
0.05 0.223333    
0.0475 0.273333    
0.0475 0.303333    
0.04 0.36    
0.0375 0.393333    
0.04 0.426667    
0.0425 0.46    
0.0475 0.476667    
0.05 0.5    
0.0475 0.52    
0.045 0.526667    
0.035 0.53    
0.03 0.523333    
0.0225 0.516667    
0.015 0.5    
0.01 0.496667    
0.005 0.486667    
0 0.483333    
-0.0075 0.483333    
-0.0125 0.486667    
-0.0175 0.493333    
-0.025 0.503333    
-0.03 0.513333    
-0.0325 0.523333    
-0.0375 0.53    
-0.0425 0.536667    
-0.045 0.54    
-0.045 0.546667    
-0.04 0.55    
-0.035 0.553333    
-0.0275 0.556667    
-0.0225 0.553333    
-0.0175 0.553333    
-0.0125 0.556667    
-0.01 0.56    
-0.01 0.566667    
-0.015 0.573333    
-0.0175 0.573333    
-0.0225 0.576667    
-0.0275 0.576667    
-0.03 0.57    
-0.03 0.563333    
-0.0325 0.556667    
-0.0325 0.553333    
-0.0325 0.55    
-0.0325 0.55    
