81
0.0475 0.07    
0.0425 0.0833333    
0.0375 0.09    
0.0325 0.1    
0.025 0.106667    
0.0225 0.116667    
0.02 0.143333    
0.02 0.16    
0.02 0.176667    
0.0225 0.19    
0.0225 0.196667    
0.0225 0.2    
0.025 0.2    
0.0275 0.193333    
0.0375 0.17    
0.045 0.14    
0.05 0.09    
0.0525 0    
0.0475 -0.14    
0.0425 -0.196667    
0.04 -0.26    
0.035 -0.36    
0.0275 -0.486667    
0.015 -0.606667    
0.0025 -0.68    
-0.03 -0.763333    
-0.05 -0.79    
-0.0725 -0.8    
-0.105 -0.796667    
-0.14 -0.753333    
-0.1825 -0.693333    
-0.2275 -0.593333    
-0.2475 -0.536667    
-0.265 -0.476667    
-0.2825 -0.4    
-0.31 -0.25    
-0.325 -0.15    
-0.33 -0.05    
-0.32 0.106667    
-0.3075 0.19    
-0.2925 0.266667    
-0.275 0.34    
-0.245 0.426667    
-0.2175 0.496667    
-0.1975 0.533333    
-0.1625 0.583333    
-0.1325 0.603333    
-0.12 0.613333    
-0.1 0.62    
-0.09 0.61    
-0.1 0.593333    
-0.1175 0.573333    
-0.14 0.543333    
-0.1525 0.53    
-0.155 0.536667    
-0.1525 0.546667    
-0.1375 0.586667    
-0.1325 0.603333    
-0.1175 0.633333    
-0.1075 0.65    
-0.0925 0.663333    
-0.08 0.67    
-0.0575 0.68    
-0.045 0.683333    
-0.0325 0.68    
-0.03 0.676667    
-0.03 0.67    
-0.0325 0.666667    
-0.035 0.66    
-0.0375 0.66    
-0.04 0.653333    
-0.045 0.65    
-0.05 0.646667    
-0.055 0.643333    
-0.0575 0.643333    
-0.0575 0.643333    
-0.0575 0.643333    
-0.0575 0.64    
-0.0575 0.636667    
-0.055 0.63    
-0.05 0.623333    
