63
0.185 0.633333    
0.1925 0.623333    
0.2 0.616667    
0.205 0.616667    
0.21 0.623333    
0.2175 0.636667    
0.225 0.663333    
0.225 0.683333    
0.2175 0.713333    
0.2 0.75    
0.18 0.77    
0.165 0.776667    
0.14 0.783333    
0.095 0.77    
0.06 0.746667    
0.0425 0.733333    
0.0125 0.713333    
-0.02 0.673333    
-0.04 0.63    
-0.0525 0.58    
-0.0875 0.423333    
-0.1225 0.233333    
-0.155 0.0466667    
-0.1975 -0.193333    
-0.22 -0.306667    
-0.23 -0.36    
-0.235 -0.383333    
-0.235 -0.366667    
-0.2275 -0.326667    
-0.2125 -0.26    
-0.1875 -0.17    
-0.1425 -0.03    
-0.065 0.16    
-0.0275 0.23    
0.0575 0.353333    
0.1325 0.426667    
0.2375 0.493333    
0.3425 0.53    
0.44 0.54    
0.5175 0.523333    
0.55 0.503333    
0.5825 0.456667    
0.615 0.303333    
0.6175 0.236667    
0.61 0.0933333    
0.6025 -0.0133333    
0.6 -0.05    
0.5875 -0.21    
0.58 -0.363333    
0.5775 -0.523333    
0.5775 -0.573333    
0.58 -0.633333    
0.5775 -0.653333    
0.57 -0.636667    
0.5525 -0.57    
0.535 -0.496667    
0.505 -0.343333    
0.4875 -0.26    
0.47 -0.186667    
0.445 -0.103333    
0.425 -0.0566667    
0.3975 -0.00666667    
0.3775 0.03    
