62
-0.055 0.476667    
-0.035 0.45    
-0.01 0.42    
0 0.403333    
0.01 0.39    
0.015 0.38    
0.0175 0.37    
0.0175 0.366667    
0.015 0.37    
0.0075 0.38    
0.005 0.383333    
-0.0175 0.396667    
-0.0375 0.403333    
-0.07 0.406667    
-0.1025 0.403333    
-0.135 0.39    
-0.1525 0.376667    
-0.1625 0.36    
-0.1575 0.356667    
-0.13 0.363333    
-0.0875 0.376667    
-0.0475 0.386667    
0.0125 0.406667    
0.0425 0.41    
0.0675 0.413333    
0.09 0.406667    
0.1025 0.396667    
0.11 0.373333    
0.1125 0.34    
0.11 0.31    
0.105 0.263333    
0.1 0.223333    
0.0925 0.16    
0.09 0.08    
0.0925 -0.0166667    
0.0925 -0.1    
0.0975 -0.186667    
0.105 -0.313333    
0.11 -0.406667    
0.12 -0.526667    
0.13 -0.64    
0.1325 -0.716667    
0.1325 -0.806667    
0.13 -0.86    
0.12 -0.913333    
0.1125 -0.93    
0.1 -0.943333    
0.0775 -0.95    
0.0575 -0.95    
0.025 -0.94    
-0.015 -0.916667    
-0.045 -0.883333    
-0.085 -0.826667    
-0.1175 -0.746667    
-0.1425 -0.666667    
-0.1575 -0.623333    
-0.1775 -0.546667    
-0.1925 -0.5    
-0.21 -0.446667    
-0.22 -0.416667    
-0.2225 -0.403333    
-0.2225 -0.39    
