100
-0.2575 0.4    
-0.2575 0.403333    
-0.255 0.403333    
-0.2475 0.4    
-0.235 0.39    
-0.225 0.373333    
-0.2175 0.36    
-0.215 0.346667    
-0.215 0.336667    
-0.22 0.323333    
-0.23 0.303333    
-0.235 0.29    
-0.24 0.28    
-0.2475 0.26    
-0.26 0.23    
-0.27 0.206667    
-0.2825 0.18    
-0.295 0.146667    
-0.32 0.0866667    
-0.335 0.0533333    
-0.3475 0.0233333    
-0.36 -0.00666667    
-0.3675 -0.0233333    
-0.3725 -0.0366667    
-0.3675 -0.0433333    
-0.36 -0.04    
-0.3425 -0.03    
-0.305 -0.00666667    
-0.2775 0.0133333    
-0.2525 0.0333333    
-0.2275 0.0566667    
-0.2 0.08    
-0.18 0.0966667    
-0.1575 0.106667    
-0.135 0.116667    
-0.125 0.116667    
-0.1175 0.116667    
-0.115 0.113333    
-0.105 0.11    
-0.0925 0.0966667    
-0.085 0.0766667    
-0.0775 0.05    
-0.0725 0.03    
-0.0675 -0.0233333    
-0.065 -0.1    
-0.065 -0.15    
-0.0675 -0.213333    
-0.07 -0.243333    
-0.075 -0.32    
-0.08 -0.38    
-0.085 -0.41    
-0.09 -0.473333    
-0.0975 -0.516667    
-0.1075 -0.583333    
-0.1125 -0.616667    
-0.1225 -0.65    
-0.135 -0.693333    
-0.1425 -0.713333    
-0.1475 -0.733333    
-0.1575 -0.763333    
-0.1625 -0.776667    
-0.17 -0.79    
-0.1775 -0.8    
-0.19 -0.81    
-0.195 -0.816667    
-0.2025 -0.816667    
-0.2125 -0.816667    
-0.2175 -0.813333    
-0.2275 -0.803333    
-0.2375 -0.79    
-0.255 -0.766667    
-0.2675 -0.753333    
-0.2725 -0.75    
-0.285 -0.733333    
-0.295 -0.723333    
-0.3075 -0.713333    
-0.3225 -0.7    
-0.335 -0.693333    
-0.35 -0.68    
-0.365 -0.666667    
-0.3725 -0.656667    
-0.3825 -0.646667    
-0.3875 -0.64    
-0.39 -0.636667    
-0.3925 -0.636667    
-0.3925 -0.636667    
-0.395 -0.64    
-0.395 -0.643333    
-0.3975 -0.643333    
-0.4 -0.643333    
-0.4 -0.643333    
-0.4025 -0.643333    
-0.405 -0.64    
-0.4075 -0.64    
-0.4075 -0.636667    
-0.41 -0.636667    
-0.41 -0.636667    
-0.41 -0.64    
-0.41 -0.643333    
-0.4075 -0.646667    
