68
-0.2125 0.486667    
-0.2125 0.49    
-0.2125 0.493333    
-0.2125 0.496667    
-0.2075 0.496667    
-0.205 0.496667    
-0.2 0.496667    
-0.1975 0.493333    
-0.195 0.493333    
-0.1925 0.493333    
-0.19 0.493333    
-0.18 0.49    
-0.17 0.48    
-0.16 0.466667    
-0.1475 0.443333    
-0.1425 0.436667    
-0.14 0.423333    
-0.1425 0.406667    
-0.15 0.393333    
-0.165 0.38    
-0.1825 0.373333    
-0.205 0.363333    
-0.2275 0.353333    
-0.2475 0.336667    
-0.27 0.31    
-0.2775 0.296667    
-0.285 0.286667    
-0.285 0.28    
-0.2825 0.273333    
-0.2725 0.273333    
-0.2475 0.266667    
-0.23 0.26    
-0.2125 0.25    
-0.1875 0.23    
-0.18 0.21    
-0.175 0.183333    
-0.175 0.153333    
-0.185 0.0766667    
-0.1925 0.0366667    
-0.2025 -0.0166667    
-0.215 -0.0933333    
-0.225 -0.156667    
-0.2425 -0.3    
-0.2525 -0.36    
-0.2675 -0.436667    
-0.2875 -0.503333    
-0.3225 -0.563333    
-0.365 -0.606667    
-0.435 -0.64    
-0.51 -0.633333    
-0.5575 -0.603333    
-0.59 -0.556667    
-0.6075 -0.473333    
-0.595 -0.38    
-0.5725 -0.33    
-0.5475 -0.296667    
-0.5175 -0.276667    
-0.4775 -0.263333    
-0.43 -0.273333    
-0.4125 -0.283333    
-0.3825 -0.313333    
-0.3575 -0.346667    
-0.345 -0.37    
-0.3275 -0.406667    
-0.32 -0.426667    
-0.315 -0.44    
-0.31 -0.453333    
-0.305 -0.463333    
