97
0.025 0.49    
0.0275 0.493333    
0.0275 0.496667    
0.0275 0.496667    
0.0275 0.496667    
0.0275 0.493333    
0.0275 0.493333    
0.0275 0.496667    
0.03 0.5    
0.03 0.506667    
0.0325 0.513333    
0.0325 0.516667    
0.035 0.52    
0.035 0.516667    
0.0375 0.51    
0.0425 0.503333    
0.0575 0.486667    
0.075 0.473333    
0.0975 0.456667    
0.115 0.44    
0.125 0.433333    
0.125 0.426667    
0.1125 0.423333    
0.0975 0.42    
0.055 0.41    
0.025 0.403333    
0.0075 0.4    
-0.0275 0.39    
-0.0625 0.37    
-0.0875 0.35    
-0.115 0.323333    
-0.13 0.303333    
-0.155 0.273333    
-0.165 0.26    
-0.175 0.25    
-0.1875 0.24    
-0.195 0.236667    
-0.1975 0.236667    
-0.1975 0.233333    
-0.195 0.233333    
-0.1875 0.236667    
-0.175 0.236667    
-0.1625 0.24    
-0.1325 0.243333    
-0.1125 0.246667    
-0.09 0.25    
-0.06 0.256667    
-0.0375 0.263333    
-0.01 0.273333    
0.0125 0.29    
0.0275 0.3    
0.04 0.31    
0.0475 0.316667    
0.05 0.32    
0.0525 0.323333    
0.0525 0.323333    
0.05 0.323333    
0.0425 0.316667    
0.0375 0.306667    
0.03 0.29    
0.0125 0.243333    
0.0125 0.243333    
-0.0075 0.18    
-0.025 0.103333    
-0.035 0.04    
-0.045 -0.0533333    
-0.0475 -0.15    
-0.045 -0.246667    
-0.0425 -0.32    
-0.04 -0.386667    
-0.04 -0.466667    
-0.0475 -0.536667    
-0.0625 -0.596667    
-0.08 -0.636667    
-0.1 -0.67    
-0.1325 -0.7    
-0.17 -0.72    
-0.2075 -0.723333    
-0.2325 -0.72    
-0.255 -0.71    
-0.28 -0.69    
-0.3 -0.666667    
-0.3175 -0.646667    
-0.325 -0.63    
-0.33 -0.603333    
-0.335 -0.583333    
-0.335 -0.553333    
-0.33 -0.52    
-0.3225 -0.493333    
-0.3125 -0.47    
-0.2925 -0.44    
-0.27 -0.41    
-0.255 -0.393333    
-0.245 -0.383333    
-0.235 -0.373333    
-0.2225 -0.366667    
-0.2225 -0.366667    
