47
-0.12 0.396667    
-0.1075 0.393333    
-0.1025 0.383333    
-0.1 0.36    
-0.1025 0.316667    
-0.11 0.133333    
-0.115 -0.00666667    
-0.12 -0.166667    
-0.12 -0.166667    
-0.13 -0.5    
-0.13 -0.636667    
-0.1275 -0.8    
-0.12 -0.766667    
-0.115 -0.72    
-0.105 -0.63    
-0.0875 -0.52    
-0.0375 -0.276667    
-0.0025 -0.16    
0.0625 0.0266667    
0.09 0.0833333    
0.105 0.116667    
0.0975 0.0933333    
0.05 0    
0.02 -0.0533333    
-0.015 -0.106667    
-0.0525 -0.156667    
-0.085 -0.193333    
-0.1375 -0.216667    
-0.155 -0.22    
-0.1625 -0.213333    
-0.1275 -0.21    
-0.1275 -0.21    
-0.06 -0.213333    
0.0225 -0.24    
0.065 -0.263333    
0.1075 -0.296667    
0.15 -0.336667    
0.2325 -0.436667    
0.275 -0.493333    
0.315 -0.543333    
0.3825 -0.626667    
0.4075 -0.653333    
0.4375 -0.68    
0.4425 -0.676667    
0.445 -0.67    
0.4425 -0.65    
0.4325 -0.626667    
