39
-0.2875 0.69    
-0.2825 0.69    
-0.28 0.656667    
-0.28 0.58    
-0.285 0.42    
-0.29 0.21    
-0.2925 0.0466667    
-0.2925 -0.0966667    
-0.2925 -0.246667    
-0.2875 -0.32    
-0.2825 -0.36    
-0.2725 -0.356667    
-0.2625 -0.306667    
-0.255 -0.246667    
-0.24 -0.166667    
-0.2 -0.02    
-0.17 0.0733333    
-0.1325 0.156667    
-0.0975 0.226667    
-0.055 0.293333    
-0.025 0.316667    
-0.01 0.316667    
-0.005 0.3    
-0.015 0.273333    
-0.065 0.21    
-0.105 0.166667    
-0.145 0.123333    
-0.1775 0.08    
-0.2 0.0233333    
-0.2 -0.02    
-0.175 -0.0933333    
-0.14 -0.15    
-0.075 -0.223333    
-0.0325 -0.256667    
0.0275 -0.303333    
0.1075 -0.356667    
0.1575 -0.4    
0.2025 -0.446667    
0.2425 -0.51    
