134
-0.18 0.643333    
-0.18 0.643333    
-0.18 0.64    
-0.18 0.64    
-0.18 0.64    
-0.18 0.64    
-0.18 0.636667    
-0.1775 0.626667    
-0.175 0.613333    
-0.1725 0.6    
-0.1675 0.546667    
-0.165 0.503333    
-0.16 0.453333    
-0.145 0.316667    
-0.1375 0.24    
-0.1275 0.166667    
-0.115 0.1    
-0.105 0.0266667    
-0.105 0.0266667    
-0.0825 -0.1    
-0.0725 -0.163333    
-0.0575 -0.286667    
-0.05 -0.333333    
-0.045 -0.413333    
-0.0425 -0.436667    
-0.045 -0.463333    
-0.0475 -0.47    
-0.05 -0.473333    
-0.0525 -0.476667    
-0.055 -0.476667    
-0.0575 -0.48    
-0.0575 -0.483333    
-0.0575 -0.486667    
-0.06 -0.486667    
-0.06 -0.483333    
-0.065 -0.473333    
-0.0675 -0.46    
-0.07 -0.44    
-0.075 -0.333333    
-0.075 -0.333333    
-0.0775 -0.233333    
-0.08 -0.18    
-0.0825 -0.08    
-0.085 -0.0333333    
-0.085 0.05    
-0.085 0.09    
-0.085 0.156667    
-0.085 0.183333    
-0.0875 0.206667    
-0.0875 0.23    
-0.0825 0.276667    
-0.0775 0.296667    
-0.0675 0.333333    
-0.06 0.35    
-0.055 0.363333    
-0.0425 0.386667    
-0.035 0.396667    
-0.03 0.406667    
-0.025 0.416667    
-0.0125 0.43    
-0.005 0.436667    
0.005 0.443333    
0.03 0.46    
0.045 0.473333    
0.0725 0.506667    
0.085 0.523333    
0.0925 0.54    
0.1025 0.563333    
0.1025 0.57    
0.1025 0.573333    
0.0975 0.566667    
0.0925 0.56    
0.08 0.543333    
0.07 0.533333    
0.0625 0.526667    
0.04 0.51    
0.0175 0.493333    
0.005 0.486667    
-0.005 0.473333    
-0.015 0.463333    
-0.035 0.433333    
-0.0475 0.416667    
-0.0575 0.4    
-0.0775 0.37    
-0.085 0.356667    
-0.09 0.346667    
-0.0975 0.33    
-0.1 0.326667    
-0.105 0.316667    
-0.1075 0.31    
-0.1125 0.303333    
-0.1175 0.29    
-0.1225 0.28    
-0.1225 0.273333    
-0.1225 0.27    
-0.12 0.266667    
-0.115 0.256667    
-0.11 0.25    
-0.1025 0.24    
-0.08 0.216667    
-0.065 0.2    
-0.045 0.183333    
0.0075 0.143333    
0.035 0.126667    
0.065 0.103333    
0.105 0.08    
0.12 0.07    
0.13 0.06    
0.1375 0.0433333    
0.1375 0.0433333    
0.1425 0.0333333    
0.145 0.0233333    
0.1525 0.00666667    
0.155 0    
0.155 -0.00666667    
0.16 -0.0166667    
0.16 -0.0233333    
0.16 -0.03    
0.16 -0.03    
0.16 -0.0333333    
0.165 -0.0333333    
0.1675 -0.0333333    
0.17 -0.0333333    
0.1775 -0.0333333    
0.18 -0.0333333    
0.195 -0.03    
0.2025 -0.03    
0.215 -0.0266667    
0.2425 -0.0166667    
0.2525 -0.01    
0.265 -0.00666667    
0.275 -0.00333333    
0.29 0    
0.295 0    
