48
-0.03 0.31    
-0.03 0.333333    
-0.0275 0.366667    
-0.03 0.376667    
-0.0425 0.363333    
-0.0525 0.316667    
-0.0625 0.24    
-0.0725 -0.0166667    
-0.075 -0.153333    
-0.075 -0.35    
-0.0775 -0.393333    
-0.0775 -0.41    
-0.075 -0.386667    
-0.07 -0.35    
-0.065 -0.296667    
-0.045 -0.163333    
-0.0275 -0.0933333    
-0.01 -0.0233333    
0.03 0.09    
0.0475 0.13    
0.07 0.176667    
0.075 0.19    
0.075 0.193333    
0.06 0.19    
0.0425 0.173333    
-0.0025 0.106667    
-0.02 0.0633333    
-0.03 0.0166667    
-0.03 -0.03    
-0.01 -0.11    
0.0375 -0.183333    
0.065 -0.213333    
0.0925 -0.243333    
0.1175 -0.27    
0.155 -0.31    
0.1675 -0.326667    
0.18 -0.35    
0.1825 -0.356667    
0.185 -0.363333    
0.19 -0.37    
0.19 -0.376667    
0.1925 -0.386667    
0.1925 -0.386667    
0.1925 -0.39    
0.19 -0.393333    
0.19 -0.4    
0.185 -0.406667    
0.1825 -0.41    
