44
0.015 0.546667    
0.0175 0.56    
0.0225 0.566667    
0.025 0.57    
0.035 0.543333    
0.0325 0.436667    
0.025 0.36    
0.0125 0.276667    
-0.0025 0.193333    
-0.0325 0.0733333    
-0.0425 0.0333333    
-0.0475 0.00666667    
-0.05 -0.0166667    
-0.04 0.0233333    
-0.03 0.07    
-0.0125 0.133333    
0.005 0.2    
0.0575 0.316667    
0.09 0.356667    
0.155 0.403333    
0.185 0.416667    
0.2075 0.416667    
0.225 0.413333    
0.23 0.386667    
0.2225 0.366667    
0.185 0.32    
0.155 0.293333    
0.1225 0.27    
0.06 0.243333    
0.0375 0.236667    
0.0225 0.236667    
0.01 0.236667    
0.01 0.233333    
0.03 0.213333    
0.0475 0.2    
0.0725 0.18    
0.14 0.133333    
0.175 0.106667    
0.2125 0.0833333    
0.2825 0.04    
0.3075 0.0233333    
0.33 0.0133333    
0.3575 0    
0.3675 0    
