99
0.095 0.403333    
0.095 0.4    
0.0925 0.36    
0.09 0.323333    
0.08 0.206667    
0.0725 0.12    
0.0575 0.0233333    
0.02 -0.21    
0.0025 -0.336667    
-0.025 -0.566667    
-0.0275 -0.656667    
-0.0275 -0.723333    
-0.0325 -0.783333    
-0.035 -0.786667    
-0.0475 -0.766667    
-0.0625 -0.67    
-0.07 -0.526667    
-0.07 -0.526667    
-0.075 -0.366667    
-0.0825 -0.293333    
-0.0925 -0.15    
-0.095 -0.09    
-0.0925 -0.0366667    
-0.08 0.0433333    
-0.055 0.106667    
-0.055 0.106667    
-0.0125 0.16    
0.0125 0.183333    
0.0625 0.213333    
0.085 0.22    
0.105 0.22    
0.1475 0.213333    
0.1675 0.203333    
0.19 0.193333    
0.2275 0.16    
0.2425 0.136667    
0.255 0.11    
0.265 0.05    
0.265 0.0133333    
0.2475 -0.05    
0.2325 -0.08    
0.21 -0.106667    
0.1525 -0.15    
0.075 -0.176667    
0.0375 -0.186667    
0.0025 -0.193333    
-0.0475 -0.203333    
-0.06 -0.206667    
-0.0675 -0.206667    
-0.07 -0.203333    
-0.06 -0.203333    
-0.0475 -0.203333    
-0.0275 -0.21    
-0.0275 -0.21    
0.015 -0.236667    
0.1 -0.303333    
0.1625 -0.36    
0.2525 -0.453333    
0.29 -0.496667    
0.325 -0.546667    
0.36 -0.593333    
0.43 -0.683333    
0.465 -0.726667    
0.53 -0.796667    
0.56 -0.82    
0.58 -0.833333    
0.6125 -0.853333    
0.62 -0.856667    
0.63 -0.863333    
0.6325 -0.86    
0.635 -0.856667    
0.6375 -0.853333    
0.6375 -0.846667    
0.635 -0.843333    
0.63 -0.83    
0.6275 -0.823333    
0.625 -0.816667    
0.62 -0.81    
0.615 -0.8    
0.6125 -0.793333    
0.6075 -0.79    
0.6025 -0.783333    
0.5925 -0.77    
0.5875 -0.766667    
0.5825 -0.76    
0.575 -0.75    
0.565 -0.746667    
0.56 -0.746667    
0.555 -0.746667    
0.5525 -0.743333    
0.5475 -0.743333    
0.545 -0.736667    
0.5375 -0.726667    
0.5325 -0.72    
0.5275 -0.713333    
0.5225 -0.706667    
0.51 -0.696667    
0.505 -0.69    
0.5 -0.683333    
