62
-0.11 0.636667    
-0.11 0.636667    
-0.11 0.623333    
-0.1075 0.61    
-0.105 0.586667    
-0.0925 0.493333    
-0.0775 0.33    
-0.0725 0.233333    
-0.0675 0.133333    
-0.0625 0.04    
-0.0525 -0.123333    
-0.05 -0.186667    
-0.045 -0.28    
-0.045 -0.306667    
-0.045 -0.33    
-0.0425 -0.343333    
-0.0425 -0.336667    
-0.04 -0.316667    
-0.0425 -0.243333    
-0.0425 -0.14    
-0.0425 -0.0866667    
-0.04 -0.0333333    
-0.0375 0.0166667    
-0.0275 0.103333    
-0.0225 0.14    
-0.0125 0.173333    
0.0125 0.226667    
0.05 0.263333    
0.05 0.263333    
0.0975 0.293333    
0.1425 0.32    
0.16 0.33    
0.17 0.34    
0.175 0.35    
0.1775 0.356667    
0.165 0.36    
0.15 0.353333    
0.105 0.326667    
0.0775 0.306667    
0.05 0.283333    
0.005 0.236667    
-0.025 0.196667    
-0.0325 0.18    
-0.0375 0.163333    
-0.04 0.14    
-0.0175 0.08    
0.0025 0.0433333    
0.0625 -0.0466667    
0.0975 -0.0933333    
0.1325 -0.14    
0.195 -0.223333    
0.2225 -0.256667    
0.245 -0.283333    
0.2775 -0.313333    
0.285 -0.32    
0.2975 -0.32    
0.2975 -0.313333    
0.3 -0.303333    
0.3 -0.296667    
0.2975 -0.28    
0.2975 -0.273333    
0.2975 -0.263333    
