88
0.065 0.683333    
0.0625 0.7    
0.0625 0.71    
0.0575 0.73    
0.0575 0.736667    
0.0525 0.74    
0.05 0.736667    
0.0475 0.73    
0.04 0.71    
0.035 0.693333    
0.03 0.653333    
0.03 0.63    
0.0325 0.593333    
0.0325 0.573333    
0.035 0.553333    
0.0325 0.53    
0.0275 0.46    
0.0225 0.416667    
0.0125 0.303333    
0.01 0.24    
0.01 0.176667    
0.0125 0.04    
0.0125 -0.03    
0.015 -0.103333    
0.0175 -0.25    
0.0225 -0.313333    
0.025 -0.37    
0.035 -0.463333    
0.0425 -0.54    
0.0425 -0.54    
0.05 -0.603333    
0.05 -0.633333    
0.0525 -0.68    
0.05 -0.696667    
0.0475 -0.703333    
0.0375 -0.67    
0.03 -0.626667    
0.015 -0.503333    
0.0125 -0.426667    
0.0225 -0.283333    
0.0425 -0.19    
0.0625 -0.116667    
0.1025 0.00666667    
0.12 0.06    
0.1375 0.103333    
0.1525 0.143333    
0.175 0.206667    
0.18 0.233333    
0.1875 0.263333    
0.1875 0.273333    
0.1875 0.283333    
0.1825 0.28    
0.1775 0.266667    
0.165 0.243333    
0.135 0.17    
0.1175 0.13    
0.1 0.0866667    
0.07 0.0133333    
0.055 -0.0166667    
0.0325 -0.0633333    
0.025 -0.08    
0.0175 -0.0933333    
0.0075 -0.11    
0.005 -0.116667    
0.005 -0.12    
0.0075 -0.13    
0.02 -0.146667    
0.03 -0.156667    
0.0425 -0.166667    
0.0575 -0.183333    
0.095 -0.21    
0.1125 -0.223333    
0.1325 -0.233333    
0.175 -0.266667    
0.1975 -0.286667    
0.2425 -0.33    
0.265 -0.353333    
0.3025 -0.4    
0.32 -0.42    
0.335 -0.44    
0.3475 -0.456667    
0.365 -0.483333    
0.37 -0.493333    
0.3775 -0.506667    
0.38 -0.51    
0.38 -0.513333    
0.3825 -0.516667    
0.3825 -0.52    
