62
-0.16 0.543333    
-0.1575 0.56    
-0.155 0.57    
-0.1525 0.566667    
-0.1575 0.533333    
-0.1675 0.473333    
-0.1875 0.26    
-0.1975 0.12    
-0.2125 -0.16    
-0.22 -0.276667    
-0.225 -0.363333    
-0.2325 -0.476667    
-0.235 -0.503333    
-0.24 -0.526667    
-0.2425 -0.526667    
-0.2425 -0.516667    
-0.235 -0.446667    
-0.2275 -0.386667    
-0.2175 -0.313333    
-0.1975 -0.156667    
-0.185 -0.08    
-0.1725 -0.01    
-0.1475 0.113333    
-0.115 0.226667    
-0.0975 0.273333    
-0.0775 0.32    
-0.06 0.36    
-0.025 0.42    
-0.0075 0.446667    
0.02 0.483333    
0.03 0.483333    
0.0375 0.483333    
0.0425 0.48    
0.05 0.466667    
0.0475 0.443333    
0.0375 0.41    
0.0175 0.36    
0.0025 0.316667    
-0.0375 0.22    
-0.065 0.163333    
-0.08 0.136667    
-0.09 0.12    
-0.1 0.11    
-0.1075 0.1    
-0.1225 0.08    
-0.1325 0.0666667    
-0.145 0.0266667    
-0.1425 0.01    
-0.1075 -0.0566667    
-0.075 -0.106667    
-0.0425 -0.173333    
-0.0075 -0.256667    
0.0575 -0.416667    
0.09 -0.486667    
0.14 -0.59    
0.1575 -0.623333    
0.1725 -0.65    
0.185 -0.676667    
0.19 -0.683333    
0.1925 -0.69    
0.19 -0.693333    
0.19 -0.693333    
