98
-0.1475 0.473333    
-0.15 0.46    
-0.1525 0.45    
-0.155 0.436667    
-0.155 0.426667    
-0.1575 0.383333    
-0.16 0.373333    
-0.1625 0.303333    
-0.165 0.266667    
-0.165 0.24    
-0.165 0.19    
-0.1625 0.116667    
-0.16 0.06    
-0.16 -0.01    
-0.16 -0.0866667    
-0.1675 -0.233333    
-0.17 -0.273333    
-0.175 -0.32    
-0.185 -0.353333    
-0.19 -0.36    
-0.2 -0.353333    
-0.2025 -0.33    
-0.2075 -0.26    
-0.205 -0.213333    
-0.2 -0.14    
-0.1925 -0.0366667    
-0.175 0.09    
-0.1675 0.133333    
-0.1475 0.196667    
-0.13 0.233333    
-0.1025 0.266667    
-0.095 0.276667    
-0.0975 0.28    
-0.1 0.27    
-0.105 0.236667    
-0.1075 0.203333    
-0.0925 0.15    
-0.075 0.09    
-0.065 0.04    
-0.06 -0.01    
-0.0625 -0.0766667    
-0.0625 -0.113333    
-0.0625 -0.133333    
-0.0625 -0.156667    
-0.065 -0.16    
-0.0775 -0.163333    
-0.095 -0.17    
-0.1025 -0.17    
-0.1075 -0.163333    
-0.1 -0.166667    
-0.08 -0.163333    
-0.065 -0.16    
-0.0525 -0.156667    
-0.0375 -0.15    
-0.04 -0.146667    
-0.045 -0.143333    
-0.0525 -0.133333    
-0.08 -0.113333    
-0.0975 -0.1    
-0.1125 -0.0866667    
-0.13 -0.0766667    
-0.1325 -0.07    
-0.13 -0.0633333    
-0.1175 -0.06    
-0.105 -0.06    
-0.1 -0.0633333    
-0.095 -0.07    
-0.0875 -0.08    
-0.085 -0.0866667    
-0.0825 -0.09    
-0.075 -0.0966667    
-0.065 -0.11    
-0.0575 -0.116667    
-0.0325 -0.133333    
-0.01 -0.143333    
0.025 -0.163333    
0.045 -0.176667    
0.09 -0.22    
0.12 -0.256667    
0.135 -0.276667    
0.165 -0.313333    
0.1825 -0.336667    
0.22 -0.356667    
0.2425 -0.36    
0.26 -0.363333    
0.2775 -0.363333    
0.2875 -0.37    
0.2925 -0.376667    
0.2925 -0.386667    
0.29 -0.386667    
0.285 -0.39    
0.28 -0.39    
0.275 -0.39    
0.2725 -0.386667    
0.27 -0.383333    
0.2725 -0.376667    
0.275 -0.37    
0.2725 -0.366667    
