83
-0.105 0.276667    
-0.1125 0.296667    
-0.115 0.306667    
-0.1175 0.31    
-0.12 0.313333    
-0.12 0.313333    
-0.12 0.316667    
-0.12 0.316667    
-0.12 0.31    
-0.12 0.303333    
-0.1175 0.286667    
-0.1175 0.25    
-0.115 0.186667    
-0.115 0.113333    
-0.115 -0.0166667    
-0.1175 -0.12    
-0.125 -0.25    
-0.1325 -0.336667    
-0.14 -0.436667    
-0.1475 -0.526667    
-0.16 -0.603333    
-0.17 -0.653333    
-0.18 -0.696667    
-0.195 -0.736667    
-0.2025 -0.746667    
-0.2075 -0.75    
-0.2075 -0.736667    
-0.2025 -0.68    
-0.1925 -0.626667    
-0.18 -0.533333    
-0.1625 -0.443333    
-0.1425 -0.39    
-0.105 -0.33    
-0.085 -0.3    
-0.0425 -0.25    
-0.015 -0.203333    
0.0175 -0.12    
0.025 -0.0866667    
0.045 -0.0166667    
0.0575 0.0333333    
0.0875 0.1    
0.1075 0.12    
0.13 0.12    
0.17 0.0766667    
0.185 0.0266667    
0.19 -0.04    
0.1825 -0.136667    
0.1725 -0.19    
0.1475 -0.263333    
0.115 -0.346667    
0.085 -0.403333    
0.05 -0.453333    
0.0075 -0.48    
-0.0175 -0.48    
-0.04 -0.473333    
-0.055 -0.46    
-0.075 -0.43    
-0.0775 -0.403333    
-0.0775 -0.39    
-0.075 -0.37    
-0.065 -0.353333    
-0.045 -0.34    
-0.025 -0.333333    
0.015 -0.333333    
0.0725 -0.34    
0.1 -0.346667    
0.1575 -0.373333    
0.23 -0.423333    
0.26 -0.446667    
0.3125 -0.496667    
0.3475 -0.533333    
0.3875 -0.576667    
0.42 -0.606667    
0.4375 -0.623333    
0.465 -0.63    
0.485 -0.613333    
0.4975 -0.593333    
0.515 -0.56    
0.5225 -0.543333    
0.5275 -0.54    
0.5375 -0.546667    
0.5425 -0.556667    
0.5425 -0.556667    
