53
0.215 0.51    
0.215 0.51    
0.215 0.51    
0.2175 0.51    
0.22 0.513333    
0.2225 0.513333    
0.2225 0.513333    
0.225 0.516667    
0.2175 0.52    
0.2075 0.523333    
0.175 0.513333    
0.135 0.476667    
0.0775 0.386667    
0.0375 0.29    
0.0075 0.0966667    
0.0275 -0.0366667    
0.0525 -0.0933333    
0.15 -0.196667    
0.25 -0.243333    
0.3225 -0.263333    
0.4175 -0.27    
0.495 -0.26    
0.5425 -0.243333    
0.5725 -0.223333    
0.605 -0.173333    
0.6125 -0.113333    
0.5825 0.06    
0.5575 0.12    
0.54 0.156667    
0.4275 0.303333    
0.355 0.376667    
0.285 0.433333    
0.2 0.5    
0.1225 0.563333    
0.0975 0.586667    
0.0525 0.63    
0.0275 0.656667    
0 0.683333    
-0.015 0.696667    
-0.03 0.703333    
-0.04 0.7    
-0.04 0.696667    
-0.0425 0.69    
-0.0375 0.683333    
-0.0325 0.68    
-0.02 0.666667    
0 0.646667    
0.0125 0.633333    
0.025 0.62    
0.035 0.603333    
0.0425 0.59    
0.0525 0.57    
0.0575 0.56    
