46
-0.04 0.44    
-0.0375 0.346667    
-0.035 0.203333    
-0.035 0.0566667    
-0.0425 -0.156667    
-0.05 -0.35    
-0.05 -0.506667    
-0.045 -0.58    
-0.03 -0.646667    
-0.015 -0.676667    
-0.005 -0.683333    
0.015 -0.646667    
0.03 -0.59    
0.0375 -0.56    
0.06 -0.436667    
0.0875 -0.3    
0.1075 -0.206667    
0.1325 -0.1    
0.1475 -0.0433333    
0.165 0.02    
0.1675 0.04    
0.1625 0.0433333    
0.1425 0.0266667    
0.115 -0.00333333    
0.0675 -0.05    
0.02 -0.103333    
-0.0175 -0.15    
-0.035 -0.176667    
-0.0375 -0.196667    
-0.025 -0.22    
0 -0.23    
0.065 -0.25    
0.1125 -0.26    
0.165 -0.27    
0.25 -0.276667    
0.285 -0.28    
0.3525 -0.286667    
0.425 -0.296667    
0.46 -0.31    
0.49 -0.323333    
0.5175 -0.343333    
0.5325 -0.356667    
0.5475 -0.383333    
0.5525 -0.39    
0.56 -0.406667    
0.56 -0.41    
