85
-0.27 0.523333    
-0.2675 0.523333    
-0.2675 0.513333    
-0.2725 0.466667    
-0.2775 0.416667    
-0.2875 0.35    
-0.3 0.26    
-0.3175 0.116667    
-0.3275 0.0433333    
-0.3475 -0.0966667    
-0.37 -0.25    
-0.3775 -0.296667    
-0.3925 -0.37    
-0.4 -0.41    
-0.405 -0.456667    
-0.405 -0.483333    
-0.405 -0.513333    
-0.4025 -0.53    
-0.4 -0.536667    
-0.395 -0.54    
-0.385 -0.53    
-0.3625 -0.486667    
-0.3375 -0.413333    
-0.315 -0.34    
-0.2825 -0.23    
-0.2675 -0.176667    
-0.2275 -0.0566667    
-0.2 0.0166667    
-0.1775 0.0633333    
-0.165 0.0866667    
-0.14 0.133333    
-0.115 0.17    
-0.1025 0.183333    
-0.0925 0.193333    
-0.08 0.203333    
-0.0725 0.21    
-0.07 0.21    
-0.07 0.203333    
-0.075 0.183333    
-0.09 0.15    
-0.115 0.1    
-0.1225 0.0866667    
-0.1475 0.0466667    
-0.18 -0.00666667    
-0.2075 -0.0533333    
-0.2225 -0.08    
-0.235 -0.11    
-0.2425 -0.136667    
-0.245 -0.146667    
-0.2475 -0.16    
-0.25 -0.166667    
-0.2525 -0.183333    
-0.2525 -0.203333    
-0.25 -0.21    
-0.2475 -0.223333    
-0.24 -0.233333    
-0.22 -0.246667    
-0.2075 -0.253333    
-0.175 -0.276667    
-0.15 -0.3    
-0.1175 -0.336667    
-0.0875 -0.38    
-0.065 -0.42    
-0.05 -0.45    
-0.0375 -0.48    
-0.0275 -0.5    
-0.02 -0.513333    
-0.015 -0.523333    
-0.0075 -0.533333    
-0.0025 -0.543333    
0 -0.55    
0 -0.556667    
0 -0.563333    
0 -0.566667    
0 -0.566667    
0 -0.57    
0 -0.573333    
0 -0.576667    
0 -0.576667    
0 -0.583333    
0 -0.59    
0.0025 -0.6    
0.0025 -0.606667    
0.0075 -0.613333    
0.01 -0.616667    
