57
-0.1425 0.43    
-0.1375 0.393333    
-0.1375 0.363333    
-0.14 0.32    
-0.14 0.233333    
-0.145 0.146667    
-0.16 -0.0466667    
-0.165 -0.16    
-0.17 -0.323333    
-0.1775 -0.49    
-0.1775 -0.583333    
-0.175 -0.673333    
-0.1775 -0.673333    
-0.18 -0.66    
-0.185 -0.616667    
-0.19 -0.483333    
-0.19 -0.43    
-0.1825 -0.35    
-0.1625 -0.243333    
-0.1325 -0.113333    
-0.12 -0.0633333    
-0.105 -0.0166667    
-0.0725 0.0833333    
-0.045 0.15    
-0.005 0.236667    
0.035 0.326667    
0.07 0.4    
0.0975 0.46    
0.1075 0.483333    
0.12 0.51    
0.1225 0.5    
0.115 0.466667    
0.1 0.416667    
0.0675 0.34    
0.02 0.263333    
-0.035 0.2    
-0.0775 0.16    
-0.12 0.12    
-0.1925 0.0466667    
-0.21 0.0266667    
-0.245 -0.00666667    
-0.2525 -0.0166667    
-0.26 -0.0266667    
-0.26 -0.03    
-0.245 -0.03    
-0.2275 -0.0333333    
-0.1825 -0.04    
-0.14 -0.0566667    
-0.1175 -0.07    
-0.08 -0.0933333    
-0.01 -0.156667    
0.0375 -0.216667    
0.1275 -0.336667    
0.1675 -0.386667    
0.2225 -0.46    
0.29 -0.55    
0.33 -0.606667    
