65
-0.15 0.53    
-0.1475 0.536667    
-0.1475 0.536667    
-0.1475 0.533333    
-0.1475 0.52    
-0.1475 0.503333    
-0.15 0.476667    
-0.1575 0.426667    
-0.1675 0.36    
-0.185 0.276667    
-0.1975 0.203333    
-0.215 0.12    
-0.235 0.00666667    
-0.25 -0.08    
-0.2675 -0.196667    
-0.28 -0.31    
-0.29 -0.403333    
-0.2925 -0.463333    
-0.295 -0.503333    
-0.3025 -0.533333    
-0.305 -0.536667    
-0.3125 -0.513333    
-0.3175 -0.483333    
-0.32 -0.396667    
-0.315 -0.326667    
-0.305 -0.25    
-0.2825 -0.15    
-0.2625 -0.08    
-0.23 -0.00666667    
-0.195 0.05    
-0.17 0.09    
-0.145 0.12    
-0.1125 0.153333    
-0.085 0.18    
-0.0675 0.19    
-0.0475 0.193333    
-0.035 0.186667    
-0.03 0.18    
-0.03 0.17    
-0.04 0.14    
-0.0525 0.113333    
-0.0725 0.08    
-0.1175 0.0233333    
-0.145 -0.00666667    
-0.185 -0.0366667    
-0.215 -0.0533333    
-0.25 -0.0633333    
-0.27 -0.07    
-0.2875 -0.07    
-0.2925 -0.0733333    
-0.285 -0.0733333    
-0.2725 -0.08    
-0.255 -0.09    
-0.215 -0.116667    
-0.1875 -0.146667    
-0.1525 -0.186667    
-0.1025 -0.24    
-0.065 -0.276667    
0 -0.32    
0.035 -0.333333    
0.065 -0.336667    
0.095 -0.336667    
0.1325 -0.326667    
0.15 -0.32    
0.165 -0.306667    
