44
-0.18 0.54    
-0.1825 0.54    
-0.19 0.54    
-0.1925 0.536667    
-0.195 0.53    
-0.2025 0.473333    
-0.205 0.423333    
-0.2075 0.356667    
-0.2125 0.196667    
-0.215 0.11    
-0.215 -0.0333333    
-0.2175 -0.0866667    
-0.215 -0.153333    
-0.2125 -0.173333    
-0.2125 -0.186667    
-0.2125 -0.2    
-0.21 -0.226667    
-0.2075 -0.236667    
-0.2025 -0.25    
-0.19 -0.273333    
-0.1825 -0.283333    
-0.165 -0.293333    
-0.1575 -0.293333    
-0.1475 -0.29    
-0.145 -0.286667    
-0.1425 -0.283333    
-0.14 -0.28    
-0.14 -0.276667    
-0.14 -0.273333    
-0.14 -0.273333    
-0.14 -0.27    
-0.1425 -0.266667    
-0.1425 -0.266667    
-0.1425 -0.266667    
-0.1425 -0.263333    
-0.1425 -0.26    
-0.14 -0.26    
-0.14 -0.256667    
-0.1375 -0.25    
-0.1375 -0.246667    
-0.135 -0.246667    
-0.1325 -0.24    
-0.13 -0.236667    
-0.1275 -0.236667    
