30
-0.2675 0.6    
-0.2675 0.58    
-0.2675 0.543333    
-0.265 0.483333    
-0.2575 0.363333    
-0.245 0.233333    
-0.225 0.03    
-0.2025 -0.116667    
-0.175 -0.276667    
-0.1575 -0.35    
-0.145 -0.35    
-0.1375 -0.316667    
-0.135 -0.25    
-0.1325 -0.2    
-0.13 -0.163333    
-0.13 -0.12    
-0.13 -0.103333    
-0.13 -0.0833333    
-0.1325 -0.0666667    
-0.135 -0.0466667    
-0.1375 -0.04    
-0.1375 -0.0366667    
-0.1375 -0.0366667    
-0.135 -0.0366667    
-0.135 -0.0333333    
-0.135 -0.0333333    
-0.135 -0.0333333    
-0.1375 -0.0333333    
-0.1375 -0.0333333    
-0.14 -0.0333333    
