80
-0.0525 0.65    
-0.06 0.656667    
-0.07 0.67    
-0.0725 0.673333    
-0.075 0.683333    
-0.0725 0.683333    
-0.0725 0.686667    
-0.0725 0.686667    
-0.0725 0.686667    
-0.075 0.683333    
-0.075 0.68    
-0.075 0.68    
-0.07 0.67    
-0.0675 0.666667    
-0.0625 0.66    
-0.055 0.646667    
-0.05 0.63    
-0.05 0.63    
-0.0475 0.613333    
-0.0475 0.606667    
-0.0425 0.593333    
-0.04 0.58    
-0.0375 0.57    
-0.035 0.563333    
-0.035 0.553333    
-0.035 0.543333    
-0.035 0.51    
-0.0375 0.49    
-0.04 0.433333    
-0.04 0.4    
-0.045 0.326667    
-0.045 0.286667    
-0.0475 0.25    
-0.0475 0.17    
-0.0475 0.133333    
-0.0475 0.0966667    
-0.045 0.0333333    
-0.045 0.00666667    
-0.045 -0.0166667    
-0.0425 -0.0566667    
-0.04 -0.0933333    
-0.04 -0.0933333    
-0.04 -0.13    
-0.04 -0.15    
-0.0425 -0.203333    
-0.045 -0.236667    
-0.055 -0.303333    
-0.06 -0.33    
-0.0625 -0.353333    
-0.0675 -0.383333    
-0.0725 -0.46    
-0.075 -0.496667    
-0.085 -0.563333    
-0.0875 -0.583333    
-0.0875 -0.586667    
-0.085 -0.586667    
-0.0825 -0.586667    
-0.0775 -0.586667    
-0.0725 -0.58    
-0.0725 -0.58    
-0.0625 -0.57    
-0.0575 -0.563333    
-0.0525 -0.556667    
-0.0475 -0.55    
-0.045 -0.55    
-0.045 -0.546667    
-0.045 -0.546667    
-0.045 -0.543333    
-0.0475 -0.536667    
-0.05 -0.533333    
-0.0525 -0.526667    
-0.0575 -0.513333    
-0.06 -0.506667    
-0.0625 -0.496667    
-0.0675 -0.483333    
-0.07 -0.48    
-0.075 -0.47    
-0.075 -0.466667    
-0.0775 -0.466667    
-0.0775 -0.463333    
