64
0.025 0.426667    
0.0225 0.426667    
0.02 0.426667    
0.0175 0.43    
0.0125 0.436667    
0.0125 0.436667    
0.01 0.44    
0.01 0.443333    
0.0075 0.446667    
0.005 0.453333    
0.005 0.453333    
0.0025 0.45    
0 0.443333    
-0.0025 0.43    
-0.0075 0.376667    
-0.0075 0.34    
-0.005 0.246667    
0 0.196667    
0.0025 0.14    
0.0025 0.0133333    
0.0025 -0.0633333    
0.0025 -0.136667    
0.0025 -0.213333    
0.015 -0.416667    
0.015 -0.416667    
0.03 -0.53    
0.04 -0.566667    
0.0675 -0.62    
0.0825 -0.63    
0.0975 -0.633333    
0.14 -0.61    
0.16 -0.593333    
0.205 -0.53    
0.225 -0.493333    
0.24 -0.453333    
0.25 -0.406667    
0.2525 -0.316667    
0.245 -0.24    
0.24 -0.206667    
0.2375 -0.183333    
0.23 -0.156667    
0.2275 -0.15    
0.225 -0.146667    
0.2225 -0.143333    
0.2175 -0.14    
0.215 -0.143333    
0.215 -0.146667    
0.215 -0.15    
0.2175 -0.153333    
0.2225 -0.16    
0.225 -0.163333    
0.2275 -0.166667    
0.235 -0.17    
0.2425 -0.17    
0.245 -0.17    
0.2475 -0.166667    
0.255 -0.166667    
0.26 -0.163333    
0.265 -0.16    
0.27 -0.156667    
0.2725 -0.153333    
0.2775 -0.153333    
0.2775 -0.153333    
0.2775 -0.153333    
