41
0.0125 0.596667    
0.0125 0.596667    
0.0125 0.596667    
0.01 0.596667    
0.01 0.596667    
0.01 0.596667    
0.01 0.596667    
0.01 0.596667    
0.01 0.596667    
0.0125 0.596667    
0.0125 0.596667    
0.015 0.596667    
0.015 0.596667    
0.02 0.586667    
0.025 0.583333    
0.035 0.563333    
0.0425 0.55    
0.0475 0.53    
0.06 0.436667    
0.0625 0.363333    
0.06 0.176667    
0.055 0.08    
0.0475 -0.00333333    
0.04 -0.136667    
0.0375 -0.18    
0.035 -0.213333    
0.035 -0.256667    
0.0325 -0.27    
0.0325 -0.29    
0.0325 -0.296667    
0.0325 -0.3    
0.0325 -0.3    
0.03 -0.3    
0.03 -0.3    
0.03 -0.296667    
0.03 -0.296667    
0.0275 -0.296667    
0.0275 -0.293333    
0.0275 -0.293333    
0.0275 -0.29    
0.0275 -0.286667    
