59
-0.0125 0.543333    
-0.0125 0.546667    
-0.0125 0.55    
-0.0125 0.55    
-0.0125 0.55    
-0.015 0.546667    
-0.015 0.536667    
-0.0175 0.523333    
-0.02 0.49    
-0.02 0.49    
-0.02 0.433333    
-0.0225 0.353333    
-0.0225 0.31    
-0.0225 0.26    
-0.025 0.206667    
-0.025 0.103333    
-0.025 0.0533333    
-0.0225 -0.0466667    
-0.025 -0.09    
-0.025 -0.133333    
-0.0275 -0.216667    
-0.03 -0.256667    
-0.0325 -0.336667    
-0.035 -0.38    
-0.035 -0.42    
-0.04 -0.493333    
-0.04 -0.523333    
-0.04 -0.553333    
-0.0425 -0.606667    
-0.0425 -0.626667    
-0.0375 -0.66    
-0.0325 -0.67    
-0.0275 -0.68    
-0.02 -0.686667    
-0.0025 -0.693333    
0.01 -0.696667    
0.04 -0.693333    
0.0575 -0.69    
0.0725 -0.68    
0.1 -0.656667    
0.11 -0.643333    
0.1175 -0.63    
0.135 -0.6    
0.1475 -0.57    
0.1525 -0.556667    
0.1575 -0.546667    
0.16 -0.536667    
0.1625 -0.526667    
0.165 -0.523333    
0.165 -0.523333    
0.1675 -0.516667    
0.1675 -0.516667    
0.1675 -0.516667    
0.1675 -0.516667    
0.1675 -0.513333    
0.1675 -0.513333    
0.1675 -0.513333    
0.1675 -0.513333    
0.1675 -0.513333    
