46
-0.3525 0.44    
-0.36 0.446667    
-0.365 0.456667    
-0.37 0.466667    
-0.3725 0.476667    
-0.37 0.486667    
-0.3675 0.49    
-0.3575 0.486667    
-0.3525 0.473333    
-0.345 0.43    
-0.3375 0.386667    
-0.335 0.33    
-0.3325 0.266667    
-0.33 0.166667    
-0.335 0.0366667    
-0.335 -0.0133333    
-0.3325 -0.0933333    
-0.325 -0.193333    
-0.3125 -0.286667    
-0.305 -0.346667    
-0.29 -0.423333    
-0.2825 -0.453333    
-0.28 -0.46    
-0.275 -0.486667    
-0.2675 -0.51    
-0.2675 -0.513333    
-0.2675 -0.516667    
-0.2675 -0.51    
-0.2675 -0.493333    
-0.2675 -0.466667    
-0.265 -0.45    
-0.265 -0.43    
-0.2625 -0.423333    
-0.2625 -0.406667    
-0.26 -0.396667    
-0.2625 -0.383333    
-0.2675 -0.373333    
-0.27 -0.366667    
-0.2725 -0.36    
-0.275 -0.36    
-0.275 -0.36    
-0.275 -0.363333    
-0.2775 -0.37    
-0.2775 -0.373333    
-0.2775 -0.373333    
-0.28 -0.376667    
