50
0.1625 0.656667    
0.1625 0.65    
0.16 0.643333    
0.1575 0.636667    
0.1575 0.623333    
0.1575 0.616667    
0.155 0.613333    
0.1525 0.606667    
0.15 0.603333    
0.145 0.586667    
0.1425 0.553333    
0.14 0.516667    
0.1325 0.436667    
0.125 0.38    
0.1175 0.31    
0.105 0.206667    
0.0925 0.09    
0.085 -0.0133333    
0.08 -0.113333    
0.0725 -0.243333    
0.065 -0.366667    
0.0625 -0.45    
0.0625 -0.543333    
0.0675 -0.603333    
0.09 -0.673333    
0.12 -0.706667    
0.1475 -0.71    
0.175 -0.696667    
0.205 -0.673333    
0.2525 -0.596667    
0.2675 -0.566667    
0.3 -0.48    
0.3175 -0.423333    
0.3175 -0.423333    
0.3275 -0.386667    
0.3325 -0.37    
0.34 -0.356667    
0.3425 -0.356667    
0.345 -0.363333    
0.345 -0.373333    
0.3475 -0.383333    
0.3475 -0.39    
0.35 -0.396667    
0.3525 -0.406667    
0.355 -0.406667    
0.3575 -0.413333    
0.36 -0.413333    
0.365 -0.41    
0.3675 -0.41    
0.37 -0.41    
