73
0.27 0.566667    
0.2675 0.563333    
0.265 0.563333    
0.2625 0.553333    
0.26 0.55    
0.255 0.536667    
0.25 0.523333    
0.245 0.51    
0.2425 0.506667    
0.24 0.503333    
0.2425 0.51    
0.2475 0.526667    
0.26 0.56    
0.265 0.58    
0.255 0.54    
0.2325 0.446667    
0.1975 0.316667    
0.1425 0.106667    
0.095 -0.09    
0.065 -0.213333    
0.0325 -0.366667    
0.02 -0.43    
0.01 -0.476667    
0.0025 -0.506667    
-0.0075 -0.53    
-0.0125 -0.513333    
-0.02 -0.413333    
-0.0225 -0.31    
-0.015 -0.13    
-0.005 -0.0333333    
0.0325 0.16    
0.1125 0.366667    
0.155 0.43    
0.245 0.52    
0.3375 0.553333    
0.42 0.55    
0.4575 0.536667    
0.515 0.493333    
0.5625 0.413333    
0.575 0.376667    
0.5875 0.3    
0.585 0.243333    
0.56 0.166667    
0.5225 0.106667    
0.4525 0.0266667    
0.3825 -0.04    
0.305 -0.1    
0.2275 -0.153333    
0.1575 -0.193333    
0.075 -0.223333    
0.025 -0.206667    
0 -0.173333    
-0.0225 -0.0966667    
-0.025 -0.0466667    
-0.0175 0    
0.005 0.05    
0.0275 0.0733333    
0.06 0.0966667    
0.08 0.106667    
0.1125 0.116667    
0.1225 0.116667    
0.145 0.126667    
0.15 0.133333    
0.155 0.146667    
0.1525 0.153333    
0.15 0.17    
0.1325 0.2    
0.1275 0.21    
0.1175 0.233333    
0.115 0.243333    
0.115 0.256667    
0.115 0.263333    
0.1175 0.276667    
