33
-0.235 0.593333    
-0.2325 0.596667    
-0.23 0.596667    
-0.23 0.596667    
-0.225 0.59    
-0.2225 0.57    
-0.2225 0.536667    
-0.225 0.493333    
-0.235 0.39    
-0.2475 0.31    
-0.2625 0.226667    
-0.28 0.113333    
-0.29 0.03    
-0.3 -0.07    
-0.3025 -0.133333    
-0.305 -0.206667    
-0.305 -0.24    
-0.3025 -0.286667    
-0.295 -0.34    
-0.285 -0.376667    
-0.26 -0.423333    
-0.24 -0.443333    
-0.215 -0.46    
-0.175 -0.48    
-0.13 -0.496667    
-0.0925 -0.51    
-0.0425 -0.516667    
-0.0025 -0.52    
0.05 -0.516667    
0.0725 -0.51    
0.0975 -0.513333    
0.11 -0.516667    
0.12 -0.52    
