56
-0.165 0.346667    
-0.165 0.373333    
-0.1625 0.39    
-0.1625 0.4    
-0.1625 0.413333    
-0.16 0.426667    
-0.16 0.436667    
-0.1575 0.44    
-0.1575 0.44    
-0.1525 0.423333    
-0.15 0.41    
-0.145 0.366667    
-0.1425 0.32    
-0.1425 0.243333    
-0.1475 0.126667    
-0.15 0.08    
-0.1625 -0.0366667    
-0.1725 -0.106667    
-0.1825 -0.17    
-0.1925 -0.233333    
-0.2025 -0.306667    
-0.2075 -0.366667    
-0.2075 -0.406667    
-0.2025 -0.45    
-0.1975 -0.473333    
-0.195 -0.49    
-0.19 -0.506667    
-0.1875 -0.526667    
-0.1875 -0.54    
-0.185 -0.553333    
-0.1825 -0.56    
-0.1775 -0.573333    
-0.1675 -0.58    
-0.1525 -0.58    
-0.135 -0.58    
-0.1175 -0.573333    
-0.095 -0.553333    
-0.08 -0.536667    
-0.06 -0.513333    
-0.0425 -0.486667    
-0.035 -0.476667    
-0.03 -0.47    
-0.0275 -0.463333    
-0.0225 -0.46    
-0.02 -0.456667    
-0.02 -0.456667    
-0.02 -0.456667    
-0.0175 -0.456667    
-0.0175 -0.46    
-0.0175 -0.46    
-0.015 -0.466667    
-0.01 -0.473333    
-0.005 -0.483333    
0 -0.49    
0.005 -0.5    
0.01 -0.51    
