38
-0.135 0.26    
-0.135 0.263333    
-0.135 0.266667    
-0.135 0.273333    
-0.135 0.276667    
-0.1375 0.28    
-0.14 0.276667    
-0.145 0.266667    
-0.15 0.246667    
-0.155 0.223333    
-0.1675 0.163333    
-0.1775 0.12    
-0.185 0.07    
-0.1975 -0.00333333    
-0.205 -0.0866667    
-0.2125 -0.153333    
-0.22 -0.226667    
-0.225 -0.303333    
-0.23 -0.38    
-0.23 -0.433333    
-0.2275 -0.5    
-0.2225 -0.54    
-0.2125 -0.586667    
-0.1975 -0.616667    
-0.1825 -0.633333    
-0.1675 -0.64    
-0.145 -0.636667    
-0.1275 -0.63    
-0.105 -0.613333    
-0.0875 -0.596667    
-0.065 -0.566667    
-0.055 -0.55    
-0.0475 -0.536667    
-0.0425 -0.526667    
-0.0375 -0.513333    
-0.0325 -0.496667    
-0.0275 -0.486667    
-0.0275 -0.48    
