50
-0.18 -0.253333    
-0.1825 -0.25    
-0.1875 -0.243333    
-0.1975 -0.23    
-0.2 -0.226667    
-0.205 -0.23    
-0.215 -0.28    
-0.215 -0.28    
-0.2175 -0.383333    
-0.22 -0.446667    
-0.2175 -0.573333    
-0.2125 -0.623333    
-0.2075 -0.683333    
-0.205 -0.69    
-0.2025 -0.676667    
-0.1975 -0.61    
-0.195 -0.556667    
-0.1825 -0.426667    
-0.1725 -0.36    
-0.16 -0.3    
-0.1225 -0.23    
-0.0975 -0.23    
-0.07 -0.243333    
-0.0425 -0.27    
0.0025 -0.366667    
0.02 -0.416667    
0.0425 -0.486667    
0.045 -0.51    
0.0475 -0.526667    
0.0475 -0.536667    
0.05 -0.526667    
0.0625 -0.466667    
0.075 -0.42    
0.09 -0.37    
0.1325 -0.256667    
0.16 -0.206667    
0.19 -0.173333    
0.2525 -0.166667    
0.285 -0.203333    
0.345 -0.336667    
0.3725 -0.42    
0.41 -0.593333    
0.4225 -0.66    
0.43 -0.71    
0.43 -0.77    
0.43 -0.78    
0.425 -0.783333    
0.4175 -0.78    
0.4125 -0.776667    
0.41 -0.773333    
