48
-0.31 0.413333    
-0.3275 0.4    
-0.3475 0.346667    
-0.365 0.233333    
-0.3775 0.12    
-0.3875 -0.00333333    
-0.4 -0.156667    
-0.405 -0.236667    
-0.4075 -0.283333    
-0.405 -0.24    
-0.3975 -0.17    
-0.3875 -0.07    
-0.3575 0.07    
-0.33 0.163333    
-0.3025 0.253333    
-0.25 0.333333    
-0.2175 0.343333    
-0.195 0.326667    
-0.17 0.276667    
-0.14 0.13    
-0.135 0.0566667    
-0.125 -0.08    
-0.1225 -0.17    
-0.12 -0.23    
-0.1225 -0.253333    
-0.12 -0.223333    
-0.11 -0.166667    
-0.1025 -0.14    
-0.065 -0.0133333    
-0.0275 0.0933333    
0.0275 0.226667    
0.0775 0.34    
0.1075 0.396667    
0.135 0.426667    
0.1725 0.436667    
0.2025 0.403333    
0.2325 0.343333    
0.27 0.183333    
0.285 0.05    
0.2925 -0.1    
0.295 -0.25    
0.3 -0.443333    
0.3025 -0.56    
0.305 -0.67    
0.3075 -0.723333    
0.3125 -0.76    
0.3125 -0.773333    
0.315 -0.776667    
