71
-0.385 0.326667    
-0.39 0.33    
-0.3925 0.323333    
-0.3875 0.316667    
-0.3775 0.286667    
-0.37 0.253333    
-0.3625 0.183333    
-0.3625 0.0633333    
-0.365 -0.0133333    
-0.37 -0.09    
-0.375 -0.176667    
-0.375 -0.223333    
-0.375 -0.27    
-0.375 -0.286667    
-0.3775 -0.3    
-0.3725 -0.303333    
-0.3675 -0.286667    
-0.36 -0.27    
-0.355 -0.246667    
-0.3375 -0.193333    
-0.3275 -0.163333    
-0.3125 -0.136667    
-0.2825 -0.0833333    
-0.265 -0.0566667    
-0.2475 -0.0333333    
-0.225 -0.00333333    
-0.2075 0.0133333    
-0.1775 0.0333333    
-0.1575 0.0333333    
-0.1375 0.03    
-0.1125 0.0166667    
-0.095 -0.00333333    
-0.075 -0.0333333    
-0.06 -0.0733333    
-0.05 -0.106667    
-0.04 -0.153333    
-0.035 -0.183333    
-0.0325 -0.226667    
-0.0325 -0.243333    
-0.03 -0.256667    
-0.0275 -0.256667    
-0.02 -0.25    
-0.0075 -0.206667    
0.005 -0.17    
0.0175 -0.123333    
0.0325 -0.0533333    
0.045 -0.00666667    
0.06 0.0533333    
0.0675 0.08    
0.08 0.11    
0.105 0.146667    
0.125 0.17    
0.1525 0.186667    
0.18 0.193333    
0.205 0.176667    
0.22 0.153333    
0.24 0.103333    
0.25 0.0666667    
0.2575 0.0166667    
0.265 -0.03    
0.2675 -0.09    
0.27 -0.13    
0.27 -0.17    
0.27 -0.22    
0.27 -0.256667    
0.2725 -0.296667    
0.275 -0.33    
0.2775 -0.35    
0.2825 -0.37    
0.285 -0.38    
0.29 -0.39    
