82
0.065 0.173333    
0.0575 0.18    
0.05 0.186667    
0.045 0.19    
0.0425 0.193333    
0.0425 0.196667    
0.0425 0.196667    
0.0425 0.193333    
0.045 0.186667    
0.05 0.163333    
0.055 0.146667    
0.06 0.123333    
0.07 0.0733333    
0.075 0.04    
0.075 -0.0166667    
0.0725 -0.0633333    
0.065 -0.113333    
0.0575 -0.173333    
0.05 -0.223333    
0.045 -0.246667    
0.04 -0.26    
0.035 -0.256667    
0.0325 -0.24    
0.03 -0.203333    
0.03 -0.163333    
0.0375 -0.0833333    
0.045 -0.03    
0.0525 0.0233333    
0.0625 0.08    
0.075 0.143333    
0.0825 0.176667    
0.09 0.203333    
0.1 0.226667    
0.1125 0.25    
0.12 0.26    
0.135 0.27    
0.155 0.27    
0.18 0.26    
0.1975 0.243333    
0.215 0.22    
0.2325 0.183333    
0.2425 0.153333    
0.2575 0.0933333    
0.265 0.0533333    
0.2725 0.01    
0.28 -0.0466667    
0.285 -0.09    
0.29 -0.143333    
0.2975 -0.193333    
0.3 -0.213333    
0.3025 -0.226667    
0.305 -0.233333    
0.3075 -0.233333    
0.31 -0.22    
0.315 -0.196667    
0.3175 -0.153333    
0.3175 -0.103333    
0.3225 -0.0466667    
0.325 -0.00666667    
0.3275 0.0333333    
0.3375 0.09    
0.3425 0.123333    
0.35 0.15    
0.355 0.18    
0.36 0.19    
0.3675 0.193333    
0.3775 0.19    
0.3875 0.186667    
0.4025 0.176667    
0.415 0.17    
0.42 0.163333    
0.435 0.153333    
0.445 0.143333    
0.455 0.123333    
0.4625 0.0966667    
0.47 0.07    
0.475 0.0333333    
0.48 -0.01    
0.48 -0.0433333    
0.4825 -0.0933333    
0.485 -0.133333    
0.4875 -0.18    
