50
-0.0075 0.353333    
-0.0175 0.366667    
-0.0175 0.366667    
-0.015 0.363333    
0.0025 0.32    
0.0075 0.276667    
0.01 0.216667    
-0.005 0.0733333    
-0.0175 0.00666667    
-0.035 -0.0766667    
-0.0375 -0.0866667    
-0.0375 -0.08    
-0.025 -0.0133333    
-0.01 0.04    
0.0125 0.103333    
0.0675 0.223333    
0.0975 0.273333    
0.15 0.336667    
0.17 0.346667    
0.185 0.346667    
0.195 0.293333    
0.1925 0.24    
0.1775 0.103333    
0.1725 0.04    
0.1675 -0.0133333    
0.165 -0.08    
0.1675 -0.0933333    
0.1725 -0.0933333    
0.18 -0.0833333    
0.2 -0.01    
0.2325 0.11    
0.25 0.173333    
0.27 0.23    
0.29 0.28    
0.305 0.313333    
0.305 0.313333    
0.3375 0.33    
0.35 0.31    
0.365 0.273333    
0.38 0.223333    
0.4025 0.116667    
0.41 0.0666667    
0.4175 -0.00666667    
0.4225 -0.0333333    
0.4325 -0.08    
0.44 -0.0966667    
0.445 -0.11    
0.4575 -0.13    
0.46 -0.136667    
0.465 -0.136667    
