83
-0.4725 0.0766667    
-0.465 0.0466667    
-0.4575 0.0266667    
-0.4525 -0.0166667    
-0.4625 -0.0966667    
-0.475 -0.15    
-0.4875 -0.203333    
-0.5025 -0.253333    
-0.53 -0.306667    
-0.5375 -0.32    
-0.5425 -0.323333    
-0.545 -0.306667    
-0.5425 -0.286667    
-0.525 -0.203333    
-0.51 -0.146667    
-0.4675 -0.03    
-0.445 0.0233333    
-0.3825 0.133333    
-0.345 0.186667    
-0.3075 0.236667    
-0.27 0.28    
-0.205 0.33    
-0.1525 0.343333    
-0.1475 0.34    
-0.0975 0.32    
-0.075 0.296667    
-0.055 0.26    
-0.0275 0.156667    
-0.025 0.0133333    
-0.0275 -0.05    
-0.035 -0.11    
-0.0425 -0.153333    
-0.05 -0.196667    
-0.05 -0.203333    
-0.0425 -0.196667    
0 -0.15    
0.0725 -0.06    
0.11 -0.0133333    
0.145 0.04    
0.21 0.13    
0.2425 0.173333    
0.2775 0.213333    
0.31 0.25    
0.365 0.29    
0.3875 0.306667    
0.41 0.316667    
0.4475 0.33    
0.4625 0.33    
0.4975 0.3    
0.5125 0.273333    
0.5425 0.196667    
0.55 0.146667    
0.55 0.0966667    
0.535 -0.00666667    
0.5175 -0.0566667    
0.5 -0.0966667    
0.465 -0.16    
0.4525 -0.183333    
0.4425 -0.203333    
0.4375 -0.226667    
0.435 -0.233333    
0.435 -0.233333    
0.4375 -0.233333    
0.4375 -0.223333    
0.4375 -0.216667    
0.44 -0.213333    
0.44 -0.206667    
0.4375 -0.2    
0.4375 -0.196667    
0.4375 -0.193333    
0.435 -0.19    
0.435 -0.186667    
0.435 -0.183333    
0.4325 -0.183333    
0.4325 -0.18    
0.4325 -0.176667    
0.4325 -0.173333    
0.4325 -0.173333    
0.4325 -0.17    
0.4325 -0.163333    
0.4325 -0.163333    
0.4325 -0.16    
0.4325 -0.156667    
