62
-0.2175 0.533333    
-0.215 0.506667    
-0.2075 0.423333    
-0.2025 0.37    
-0.2 0.25    
-0.2025 0.176667    
-0.2025 0.116667    
-0.2075 0.0233333    
-0.2075 -0.00666667    
-0.21 -0.0233333    
-0.21 -0.0266667    
-0.205 -0.00333333    
-0.2 0.0333333    
-0.1825 0.146667    
-0.17 0.213333    
-0.1425 0.333333    
-0.13 0.383333    
-0.1175 0.426667    
-0.0925 0.486667    
-0.075 0.516667    
-0.065 0.52    
-0.0575 0.513333    
-0.0475 0.493333    
-0.035 0.453333    
-0.015 0.326667    
-0.005 0.166667    
-0.005 0.0933333    
-0.005 0.0333333    
-0.0025 -0.01    
0 -0.0633333    
0.0075 -0.0533333    
0.0075 -0.0533333    
0.0225 0.0266667    
0.0325 0.0866667    
0.0525 0.223333    
0.065 0.286667    
0.0775 0.343333    
0.105 0.436667    
0.1175 0.47    
0.1425 0.513333    
0.1575 0.523333    
0.195 0.526667    
0.22 0.51    
0.245 0.473333    
0.2675 0.426667    
0.305 0.29    
0.315 0.21    
0.3225 0.126667    
0.33 -0.03    
0.33 -0.0966667    
0.33 -0.186667    
0.33 -0.21    
0.33 -0.226667    
0.3325 -0.24    
0.335 -0.24    
0.34 -0.233333    
0.3425 -0.23    
0.345 -0.216667    
0.345 -0.2    
0.345 -0.156667    
0.345 -0.136667    
0.3425 -0.12    
