98
-0.15 0.366667    
-0.15 0.366667    
-0.1475 0.366667    
-0.145 0.363333    
-0.1425 0.363333    
-0.14 0.36    
-0.135 0.353333    
-0.1325 0.343333    
-0.1275 0.32    
-0.1225 0.303333    
-0.12 0.256667    
-0.12 0.226667    
-0.1225 0.136667    
-0.1275 0.08    
-0.13 0.0233333    
-0.135 -0.03    
-0.1425 -0.116667    
-0.145 -0.15    
-0.145 -0.18    
-0.145 -0.223333    
-0.145 -0.243333    
-0.145 -0.243333    
-0.1425 -0.23    
-0.14 -0.176667    
-0.1375 -0.13    
-0.1325 -0.0766667    
-0.125 -0.02    
-0.105 0.0966667    
-0.075 0.196667    
-0.0575 0.24    
-0.0425 0.276667    
-0.0275 0.31    
-0.015 0.333333    
0.0075 0.366667    
0.0275 0.386667    
0.0375 0.393333    
0.0375 0.393333    
0.0375 0.393333    
0.0575 0.386667    
0.0675 0.373333    
0.0875 0.333333    
0.0925 0.31    
0.0975 0.28    
0.1025 0.2    
0.0975 0.106667    
0.0975 0.106667    
0.0925 0.0133333    
0.0875 -0.03    
0.085 -0.07    
0.0825 -0.136667    
0.08 -0.16    
0.0775 -0.193333    
0.0775 -0.203333    
0.075 -0.206667    
0.0725 -0.21    
0.0725 -0.2    
0.0725 -0.163333    
0.075 -0.13    
0.08 -0.09    
0.0925 0.00666667    
0.1 0.06    
0.1125 0.11    
0.135 0.2    
0.1475 0.233333    
0.1575 0.266667    
0.1775 0.313333    
0.185 0.33    
0.2 0.36    
0.21 0.373333    
0.2175 0.383333    
0.235 0.403333    
0.2425 0.406667    
0.25 0.41    
0.26 0.406667    
0.265 0.396667    
0.27 0.376667    
0.2775 0.32    
0.2825 0.283333    
0.2925 0.213333    
0.295 0.18    
0.2975 0.143333    
0.3 0.08    
0.2975 0.0466667    
0.2925 -0.0166667    
0.29 -0.05    
0.2775 -0.11    
0.2725 -0.14    
0.2675 -0.166667    
0.2625 -0.186667    
0.2575 -0.216667    
0.255 -0.226667    
0.2525 -0.24    
0.2525 -0.243333    
0.2525 -0.246667    
0.25 -0.256667    
0.25 -0.256667    
0.25 -0.26    
0.2475 -0.266667    
