55
-0.1575 0.216667    
-0.1625 0.216667    
-0.1625 0.216667    
-0.17 0.153333    
-0.1775 0.1    
-0.1875 -0.0433333    
-0.1925 -0.116667    
-0.195 -0.19    
-0.2 -0.303333    
-0.2025 -0.37    
-0.2025 -0.37    
-0.2025 -0.393333    
-0.205 -0.386667    
-0.205 -0.363333    
-0.2025 -0.25    
-0.195 -0.16    
-0.1725 0.0366667    
-0.1575 0.123333    
-0.145 0.196667    
-0.1175 0.303333    
-0.105 0.336667    
-0.0775 0.376667    
-0.06 0.383333    
-0.015 0.37    
0.02 0.343333    
0.06 0.3    
0.1325 0.13    
0.1575 0.0166667    
0.1575 -0.09    
0.135 -0.27    
0.12 -0.323333    
0.105 -0.356667    
0.09 -0.366667    
0.085 -0.33    
0.0775 -0.273333    
0.0725 -0.12    
0.0725 -0.03    
0.08 0.0633333    
0.1025 0.23    
0.1175 0.306667    
0.1525 0.426667    
0.17 0.46    
0.1875 0.486667    
0.2275 0.49    
0.2525 0.473333    
0.3075 0.386667    
0.3375 0.326667    
0.365 0.256667    
0.405 0.11    
0.415 0.03    
0.4125 -0.153333    
0.405 -0.25    
0.395 -0.343333    
0.3875 -0.42    
0.3775 -0.51    
