78
-0.32 0.263333    
-0.3275 0.253333    
-0.33 0.253333    
-0.33 0.25    
-0.325 0.25    
-0.315 0.25    
-0.305 0.25    
-0.295 0.25    
-0.2875 0.253333    
-0.285 0.256667    
-0.27 0.273333    
-0.2575 0.293333    
-0.2375 0.32    
-0.2225 0.34    
-0.21 0.35    
-0.1975 0.343333    
-0.1975 0.333333    
-0.2 0.293333    
-0.2075 0.24    
-0.215 0.206667    
-0.2275 0.136667    
-0.255 -0.0133333    
-0.2725 -0.1    
-0.2825 -0.16    
-0.3025 -0.276667    
-0.3175 -0.39    
-0.32 -0.423333    
-0.3225 -0.48    
-0.3225 -0.5    
-0.315 -0.486667    
-0.2975 -0.4    
-0.285 -0.303333    
-0.265 -0.153333    
-0.2525 -0.0766667    
-0.2225 0.07    
-0.16 0.213333    
-0.13 0.26    
-0.065 0.33    
-0.045 0.34    
0.03 0.37    
0.1025 0.363333    
0.15 0.343333    
0.2 0.293333    
0.235 0.19    
0.24 0.136667    
0.24 0.0166667    
0.22 -0.116667    
0.1975 -0.216667    
0.1675 -0.306667    
0.1125 -0.433333    
0.075 -0.5    
0.0575 -0.523333    
0.03 -0.54    
0.015 -0.533333    
0.0025 -0.483333    
0.0075 -0.363333    
0.0275 -0.266667    
0.075 -0.126667    
0.105 -0.06    
0.195 0.0866667    
0.2725 0.17    
0.3125 0.2    
0.395 0.243333    
0.49 0.263333    
0.5425 0.256667    
0.5875 0.236667    
0.6225 0.203333    
0.6525 0.14    
0.6625 0.0533333    
0.65 -0.06    
0.6175 -0.19    
0.585 -0.293333    
0.55 -0.39    
0.54 -0.42    
0.4975 -0.526667    
0.47 -0.6    
0.4575 -0.636667    
0.45 -0.666667    
