67
-0.355 0.34    
-0.3575 0.343333    
-0.36 0.35    
-0.36 0.346667    
-0.36 0.34    
-0.3625 0.313333    
-0.365 0.283333    
-0.3675 0.226667    
-0.3775 0.123333    
-0.3925 -0.0333333    
-0.4 -0.1    
-0.415 -0.223333    
-0.425 -0.303333    
-0.435 -0.373333    
-0.4425 -0.436667    
-0.4475 -0.473333    
-0.4475 -0.48    
-0.4475 -0.443333    
-0.4475 -0.41    
-0.44 -0.273333    
-0.425 -0.136667    
-0.4175 -0.06    
-0.395 0.08    
-0.375 0.166667    
-0.3425 0.283333    
-0.32 0.333333    
-0.2975 0.36    
-0.26 0.37    
-0.2125 0.356667    
-0.1725 0.343333    
-0.105 0.313333    
-0.065 0.3    
-0.0325 0.28    
-0.005 0.253333    
0.025 0.163333    
0.035 0.0666667    
0.0425 -0.0533333    
0.05 -0.236667    
0.055 -0.373333    
0.065 -0.523333    
0.0775 -0.643333    
0.08 -0.673333    
0.085 -0.7    
0.0925 -0.726667    
0.1 -0.756667    
0.105 -0.77    
0.1075 -0.773333    
0.1125 -0.776667    
0.115 -0.78    
0.1175 -0.78    
0.12 -0.78    
0.12 -0.783333    
0.1225 -0.78    
0.125 -0.78    
0.1275 -0.776667    
0.13 -0.773333    
0.1325 -0.77    
0.135 -0.766667    
0.1375 -0.76    
0.1375 -0.75    
0.14 -0.733333    
0.14 -0.72    
0.1425 -0.71    
0.145 -0.703333    
0.1475 -0.696667    
0.15 -0.696667    
0.15 -0.696667    
