49
0.295 0.323333    
0.295 0.33    
0.295 0.333333    
0.2975 0.336667    
0.2975 0.34    
0.2975 0.346667    
0.2975 0.36    
0.295 0.38    
0.2775 0.44    
0.255 0.48    
0.22 0.513333    
0.15 0.52    
0.09 0.486667    
0.02 0.39    
-0.0125 0.293333    
0 0.0866667    
0.025 0.03    
0.09 -0.0533333    
0.1425 -0.0833333    
0.225 -0.0666667    
0.255 -0.0366667    
0.315 0.07    
0.3425 0.136667    
0.35 0.156667    
0.3625 0.213333    
0.3675 0.263333    
0.3475 0.256667    
0.3275 0.223333    
0.3025 0.163333    
0.28 0.08    
0.2525 -0.0466667    
0.2325 -0.193333    
0.2225 -0.3    
0.205 -0.473333    
0.195 -0.576667    
0.1825 -0.67    
0.1675 -0.79    
0.1575 -0.866667    
0.1475 -0.956667    
0.14 -0.983333    
0.13 -0.97    
0.12 -0.926667    
0.1025 -0.803333    
0.095 -0.713333    
0.09 -0.62    
0.085 -0.53    
0.0775 -0.406667    
0.07 -0.343333    
0.065 -0.293333    
