60
-0.2025 0.76    
-0.205 0.766667    
-0.2125 0.79    
-0.225 0.783333    
-0.2375 0.75    
-0.245 0.703333    
-0.2475 0.646667    
-0.2525 0.54    
-0.2575 0.433333    
-0.265 0.313333    
-0.2825 0.113333    
-0.2925 0.01    
-0.305 -0.0866667    
-0.3075 -0.133333    
-0.3075 -0.156667    
-0.305 -0.143333    
-0.2925 -0.0933333    
-0.2825 -0.0333333    
-0.2625 0.07    
-0.2425 0.15    
-0.21 0.25    
-0.17 0.333333    
-0.1325 0.373333    
-0.0825 0.41    
-0.0325 0.42    
0.0175 0.41    
0.05 0.393333    
0.085 0.35    
0.1025 0.296667    
0.115 0.21    
0.115 0.126667    
0.1125 0.0366667    
0.1075 -0.09    
0.1125 -0.146667    
0.1225 -0.173333    
0.1325 -0.156667    
0.145 -0.116667    
0.16 -0.0733333    
0.1975 0.06    
0.2275 0.14    
0.26 0.213333    
0.305 0.286667    
0.3375 0.326667    
0.3775 0.356667    
0.405 0.366667    
0.4375 0.376667    
0.4575 0.376667    
0.4825 0.373333    
0.4975 0.363333    
0.525 0.34    
0.5375 0.32    
0.5475 0.293333    
0.555 0.213333    
0.5525 0.143333    
0.545 0.0266667    
0.5425 -0.103333    
0.5475 -0.196667    
0.5675 -0.303333    
0.5875 -0.366667    
0.6125 -0.413333    
