97
-0.2225 0.07    
-0.22 0.0633333    
-0.21 0.05    
-0.1975 0.0333333    
-0.175 -0.01    
-0.155 -0.0666667    
-0.1475 -0.1    
-0.14 -0.176667    
-0.14 -0.243333    
-0.145 -0.306667    
-0.1525 -0.363333    
-0.1625 -0.416667    
-0.1775 -0.47    
-0.19 -0.506667    
-0.1975 -0.523333    
-0.2025 -0.52    
-0.2 -0.506667    
-0.1975 -0.483333    
-0.185 -0.41    
-0.1725 -0.35    
-0.1575 -0.28    
-0.1425 -0.213333    
-0.115 -0.13    
-0.0825 -0.0466667    
-0.07 -0.02    
-0.0425 0.02    
-0.025 0.0433333    
-0.0025 0.06    
0.0175 0.0666667    
0.03 0.06    
0.04 0.0533333    
0.055 0.03    
0.065 -0.01    
0.0675 -0.05    
0.065 -0.116667    
0.0525 -0.2    
0.045 -0.233333    
0.0275 -0.296667    
0.0125 -0.34    
-0.01 -0.406667    
-0.02 -0.44    
-0.0225 -0.453333    
-0.025 -0.463333    
-0.0175 -0.453333    
-0.0125 -0.443333    
-0.01 -0.43    
0.0125 -0.37    
0.0325 -0.306667    
0.0625 -0.206667    
0.095 -0.11    
0.12 -0.0466667    
0.165 0.05    
0.1775 0.0766667    
0.2 0.113333    
0.225 0.146667    
0.2475 0.17    
0.265 0.176667    
0.285 0.176667    
0.3075 0.166667    
0.315 0.156667    
0.3275 0.136667    
0.335 0.116667    
0.3425 0.0833333    
0.3425 0.04    
0.3375 -0.0166667    
0.3275 -0.08    
0.32 -0.116667    
0.3025 -0.183333    
0.29 -0.226667    
0.27 -0.283333    
0.255 -0.323333    
0.2425 -0.37    
0.2325 -0.403333    
0.2275 -0.436667    
0.23 -0.483333    
0.2375 -0.523333    
0.245 -0.543333    
0.2575 -0.576667    
0.27 -0.593333    
0.2925 -0.61    
0.2975 -0.613333    
0.3125 -0.613333    
0.33 -0.61    
0.35 -0.593333    
0.3725 -0.57    
0.3875 -0.546667    
0.41 -0.51    
0.4175 -0.5    
0.4275 -0.483333    
0.4325 -0.476667    
0.435 -0.473333    
0.435 -0.473333    
0.435 -0.476667    
0.435 -0.48    
0.4325 -0.483333    
0.43 -0.483333    
0.4275 -0.483333    
