53
-0.425 0.316667    
-0.4175 0.31    
-0.415 0.293333    
-0.4125 0.27    
-0.415 0.223333    
-0.42 0.16    
-0.4275 0.08    
-0.4325 -0.00333333    
-0.435 -0.08    
-0.44 -0.203333    
-0.44 -0.313333    
-0.435 -0.36    
-0.435 -0.373333    
-0.4075 -0.386667    
-0.3825 -0.353333    
-0.3425 -0.293333    
-0.32 -0.256667    
-0.2775 -0.176667    
-0.2375 -0.0933333    
-0.21 -0.0266667    
-0.185 0.0366667    
-0.1525 0.123333    
-0.13 0.173333    
-0.1075 0.22    
-0.0925 0.23    
-0.0875 0.19    
-0.09 0.136667    
-0.0975 0.0266667    
-0.1025 -0.02    
-0.115 -0.106667    
-0.1275 -0.16    
-0.14 -0.213333    
-0.1475 -0.24    
-0.15 -0.263333    
-0.14 -0.26    
-0.125 -0.25    
-0.08 -0.19    
-0.05 -0.13    
-0.01 -0.0333333    
0.015 0.0366667    
0.0425 0.113333    
0.0575 0.156667    
0.0775 0.193333    
0.09 0.203333    
0.1075 0.2    
0.1225 0.16    
0.1325 0.1    
0.1375 0.0533333    
0.14 -0.0333333    
0.145 -0.126667    
0.1425 -0.28    
0.14 -0.32    
0.135 -0.363333    
