86
-0.2025 0.243333    
-0.2075 0.236667    
-0.2125 0.213333    
-0.2125 0.19    
-0.2125 0.146667    
-0.2125 0.103333    
-0.2125 0.0366667    
-0.2125 -0.0166667    
-0.2175 -0.1    
-0.2225 -0.143333    
-0.2275 -0.18    
-0.235 -0.216667    
-0.24 -0.23    
-0.24 -0.233333    
-0.245 -0.233333    
-0.245 -0.213333    
-0.2425 -0.173333    
-0.2375 -0.13    
-0.2275 -0.0666667    
-0.2175 -0.0166667    
-0.195 0.06    
-0.18 0.0966667    
-0.16 0.143333    
-0.1425 0.166667    
-0.125 0.183333    
-0.0975 0.193333    
-0.0825 0.19    
-0.07 0.183333    
-0.055 0.16    
-0.045 0.136667    
-0.035 0.0866667    
-0.0325 0.0266667    
-0.0325 -0.02    
-0.0375 -0.08    
-0.045 -0.123333    
-0.05 -0.146667    
-0.055 -0.166667    
-0.0575 -0.166667    
-0.06 -0.153333    
-0.055 -0.126667    
-0.0475 -0.0833333    
-0.0375 -0.0433333    
-0.0225 0.0133333    
-0.0075 0.0533333    
0.005 0.0933333    
0.03 0.15    
0.045 0.183333    
0.06 0.21    
0.075 0.23    
0.09 0.24    
0.105 0.243333    
0.125 0.24    
0.145 0.223333    
0.1575 0.203333    
0.1775 0.153333    
0.195 0.0833333    
0.205 0.0233333    
0.2125 -0.04    
0.215 -0.126667    
0.21 -0.186667    
0.205 -0.23    
0.2025 -0.25    
0.1975 -0.256667    
0.195 -0.253333    
0.195 -0.246667    
0.195 -0.24    
0.1975 -0.233333    
0.1975 -0.23    
0.1975 -0.223333    
0.2 -0.216667    
0.2 -0.213333    
0.1975 -0.206667    
0.1975 -0.2    
0.1975 -0.193333    
0.1975 -0.193333    
0.1975 -0.186667    
0.1975 -0.183333    
0.1975 -0.176667    
0.195 -0.173333    
0.195 -0.17    
0.195 -0.17    
0.1925 -0.166667    
0.1925 -0.166667    
0.1925 -0.166667    
0.19 -0.166667    
0.19 -0.166667    
