28
-0.22 0.3    
-0.22 0.34    
-0.2175 0.363333    
-0.22 0.37    
-0.225 0.34    
-0.24 0.206667    
-0.2475 0.12    
-0.255 0.0333333    
-0.2625 -0.123333    
-0.26 -0.196667    
-0.2575 -0.17    
-0.245 -0.0933333    
-0.2225 0.0466667    
-0.205 0.13    
-0.1825 0.21    
-0.1525 0.283333    
-0.0675 0.39    
-0.015 0.423333    
0.0425 0.436667    
0.1525 0.416667    
0.235 0.35    
0.26 0.3    
0.275 0.25    
0.2825 0.2    
0.2825 0.12    
0.2775 0.0833333    
0.2725 0.0566667    
0.265 0.03    
