27
-0.3175 0.363333    
-0.3325 0.366667    
-0.3425 0.346667    
-0.3475 0.296667    
-0.355 0.223333    
-0.37 0.0766667    
-0.3775 0    
-0.38 -0.0466667    
-0.3825 -0.0533333    
-0.3725 0.00333333    
-0.3625 0.0766667    
-0.35 0.166667    
-0.3225 0.293333    
-0.28 0.393333    
-0.24 0.443333    
-0.1925 0.473333    
-0.1225 0.483333    
-0.075 0.47    
-0.0475 0.446667    
-0.0025 0.37    
0.02 0.273333    
0.035 0.103333    
0.0425 -0.0433333    
0.055 -0.196667    
0.0925 -0.386667    
0.1325 -0.503333    
0.1775 -0.593333    
