52
-0.0025 0.35    
-0.005 0.356667    
-0.01 0.353333    
-0.0125 0.35    
-0.0225 0.33    
-0.035 0.296667    
-0.045 0.26    
-0.0575 0.203333    
-0.0675 0.146667    
-0.075 0.0966667    
-0.0825 0.0233333    
-0.0875 -0.03    
-0.0925 -0.113333    
-0.0975 -0.153333    
-0.1025 -0.186667    
-0.105 -0.213333    
-0.1075 -0.23    
-0.11 -0.243333    
-0.11 -0.246667    
-0.11 -0.243333    
-0.105 -0.22    
-0.1 -0.183333    
-0.095 -0.146667    
-0.0875 -0.103333    
-0.0775 -0.0466667    
-0.06 0.01    
-0.04 0.0633333    
-0.0225 0.1    
-0.0025 0.136667    
0.025 0.186667    
0.0575 0.243333    
0.08 0.276667    
0.1 0.3    
0.1275 0.326667    
0.1475 0.34    
0.17 0.343333    
0.1875 0.333333    
0.21 0.306667    
0.2225 0.28    
0.24 0.23    
0.2675 0.133333    
0.28 0.0633333    
0.29 -0.00333333    
0.295 -0.08    
0.2975 -0.153333    
0.3 -0.2    
0.3025 -0.24    
0.3075 -0.283333    
0.31 -0.31    
0.31 -0.323333    
0.31 -0.333333    
0.31 -0.34    
