35
-0.1025 0.386667    
-0.13 0.393333    
-0.1275 0.406667    
-0.1225 0.413333    
-0.115 0.41    
-0.105 0.406667    
-0.0875 0.383333    
-0.0825 0.343333    
-0.085 0.206667    
-0.0925 0.123333    
-0.1075 -0.0166667    
-0.11 -0.06    
-0.1125 -0.0833333    
-0.115 -0.0966667    
-0.115 -0.0766667    
-0.1125 -0.0466667    
-0.1075 0    
-0.0725 0.116667    
-0.0425 0.17    
-0.0075 0.213333    
0.06 0.273333    
0.0875 0.286667    
0.115 0.28    
0.1225 0.256667    
0.125 0.216667    
0.1225 0.153333    
0.125 -0.00666667    
0.13 -0.09    
0.15 -0.22    
0.1625 -0.26    
0.1875 -0.306667    
0.2025 -0.316667    
0.23 -0.31    
0.2425 -0.296667    
0.2525 -0.28    
