56
-0.15 -0.0333333    
-0.1575 -0.0166667    
-0.16 -0.02    
-0.165 -0.0266667    
-0.1775 -0.0866667    
-0.1875 -0.13    
-0.1975 -0.18    
-0.215 -0.28    
-0.225 -0.32    
-0.2325 -0.353333    
-0.25 -0.396667    
-0.255 -0.403333    
-0.26 -0.406667    
-0.2625 -0.383333    
-0.26 -0.32    
-0.255 -0.28    
-0.2475 -0.23    
-0.235 -0.176667    
-0.2 -0.0733333    
-0.1775 -0.02    
-0.125 0.0733333    
-0.0975 0.116667    
-0.0325 0.193333    
0 0.226667    
0.035 0.253333    
0.0675 0.276667    
0.13 0.303333    
0.1575 0.303333    
0.1825 0.3    
0.225 0.263333    
0.2425 0.233333    
0.2575 0.193333    
0.275 0.0866667    
0.275 -0.04    
0.27 -0.103333    
0.26 -0.163333    
0.25 -0.213333    
0.2325 -0.296667    
0.225 -0.323333    
0.225 -0.323333    
0.2225 -0.35    
0.22 -0.373333    
0.2225 -0.4    
0.225 -0.403333    
0.2275 -0.4    
0.23 -0.383333    
0.2375 -0.36    
0.24 -0.346667    
0.2425 -0.33    
0.245 -0.316667    
0.2475 -0.303333    
0.2525 -0.286667    
0.2525 -0.283333    
0.25 -0.276667    
0.2475 -0.276667    
0.245 -0.266667    
