43
-0.125 0.396667    
-0.13 0.386667    
-0.1325 0.366667    
-0.1375 0.286667    
-0.145 0.156667    
-0.145 0.156667    
-0.1575 0.00666667    
-0.165 -0.0633333    
-0.175 -0.16    
-0.18 -0.19    
-0.1825 -0.203333    
-0.185 -0.186667    
-0.1825 -0.153333    
-0.17 -0.0333333    
-0.1575 0.0433333    
-0.1425 0.12    
-0.105 0.25    
-0.085 0.296667    
-0.0625 0.336667    
-0.0125 0.393333    
0.035 0.42    
0.0575 0.413333    
0.08 0.4    
0.105 0.373333    
0.1275 0.333333    
0.1725 0.226667    
0.195 0.16    
0.2325 0.0166667    
0.2475 -0.05    
0.2625 -0.113333    
0.2875 -0.213333    
0.3 -0.25    
0.325 -0.303333    
0.3375 -0.32    
0.3575 -0.33    
0.3675 -0.33    
0.375 -0.326667    
0.38 -0.323333    
0.385 -0.31    
0.3875 -0.293333    
0.3875 -0.293333    
0.385 -0.276667    
0.3825 -0.256667    
