76
-0.085 0.376667    
-0.09 0.38    
-0.0975 0.386667    
-0.1025 0.386667    
-0.1075 0.386667    
-0.1125 0.383333    
-0.12 0.366667    
-0.125 0.35    
-0.1375 0.313333    
-0.1425 0.296667    
-0.145 0.28    
-0.1475 0.263333    
-0.1525 0.223333    
-0.155 0.2    
-0.1575 0.17    
-0.16 0.106667    
-0.1625 0.0566667    
-0.1625 0.0466667    
-0.165 -0.02    
-0.165 -0.0533333    
-0.1675 -0.13    
-0.1675 -0.166667    
-0.1675 -0.2    
-0.1675 -0.25    
-0.165 -0.26    
-0.165 -0.27    
-0.165 -0.263333    
-0.165 -0.223333    
-0.165 -0.223333    
-0.1625 -0.153333    
-0.1525 -0.06    
-0.1475 -0.00333333    
-0.14 0.0533333    
-0.1325 0.11    
-0.11 0.21    
-0.095 0.253333    
-0.0825 0.29    
-0.055 0.35    
-0.045 0.373333    
-0.0275 0.41    
-0.0175 0.423333    
-0.01 0.433333    
0.01 0.453333    
0.02 0.46    
0.0325 0.46    
0.055 0.456667    
0.0675 0.446667    
0.0825 0.433333    
0.105 0.39    
0.115 0.363333    
0.1275 0.313333    
0.13 0.286667    
0.135 0.263333    
0.14 0.206667    
0.145 0.17    
0.1525 0.0966667    
0.1575 0.06    
0.16 0.02    
0.1675 -0.0433333    
0.1675 -0.0733333    
0.17 -0.1    
0.175 -0.15    
0.18 -0.19    
0.18 -0.19    
0.1875 -0.223333    
0.195 -0.236667    
0.205 -0.26    
0.21 -0.266667    
0.2125 -0.273333    
0.215 -0.283333    
0.22 -0.296667    
0.22 -0.3    
0.2225 -0.306667    
0.2225 -0.313333    
0.2225 -0.316667    
0.2225 -0.316667    
