40
-0.0275 0.396667    
-0.035 0.406667    
-0.035 0.4    
-0.035 0.38    
-0.0325 0.346667    
-0.035 0.206667    
-0.0425 0.103333    
-0.05 -0.0133333    
-0.075 -0.243333    
-0.0875 -0.326667    
-0.0975 -0.386667    
-0.11 -0.44    
-0.1125 -0.44    
-0.115 -0.396667    
-0.11 -0.35    
-0.0925 -0.206667    
-0.0925 -0.206667    
-0.0575 -0.03    
-0.035 0.0566667    
0.01 0.21    
0.0625 0.326667    
0.0875 0.373333    
0.11 0.41    
0.1325 0.436667    
0.1675 0.46    
0.185 0.45    
0.2125 0.406667    
0.225 0.366667    
0.235 0.316667    
0.245 0.256667    
0.2475 0.0733333    
0.2275 -0.183333    
0.21 -0.33    
0.1925 -0.473333    
0.18 -0.6    
0.1675 -0.756667    
0.1725 -0.796667    
0.1725 -0.796667    
0.185 -0.766667    
0.1925 -0.733333    
