56
-0.4 0.246667    
-0.39 0.25    
-0.375 0.253333    
-0.36 0.253333    
-0.35 0.25    
-0.3425 0.233333    
-0.3375 0.216667    
-0.3325 0.18    
-0.3325 0.123333    
-0.33 0.0966667    
-0.33 0.0166667    
-0.33 -0.0366667    
-0.3275 -0.11    
-0.3275 -0.146667    
-0.3275 -0.213333    
-0.3275 -0.253333    
-0.325 -0.276667    
-0.325 -0.306667    
-0.3225 -0.32    
-0.3225 -0.31    
-0.32 -0.286667    
-0.31 -0.21    
-0.3 -0.123333    
-0.295 -0.0766667    
-0.2875 0.0133333    
-0.2775 0.12    
-0.2675 0.17    
-0.2575 0.216667    
-0.2475 0.256667    
-0.235 0.296667    
-0.2225 0.33    
-0.2125 0.346667    
-0.2 0.356667    
-0.1875 0.356667    
-0.1675 0.35    
-0.145 0.33    
-0.125 0.31    
-0.1025 0.266667    
-0.085 0.226667    
-0.07 0.15    
-0.0625 0.04    
-0.065 -0.00333333    
-0.07 -0.0866667    
-0.075 -0.173333    
-0.0775 -0.2    
-0.0775 -0.233333    
-0.0775 -0.273333    
-0.08 -0.29    
-0.08 -0.296667    
-0.08 -0.306667    
-0.08 -0.306667    
-0.08 -0.306667    
-0.075 -0.3    
-0.07 -0.29    
-0.0625 -0.27    
-0.055 -0.253333    
