66
-0.4725 0.473333    
-0.4925 0.403333    
-0.4975 0.38    
-0.5025 0.356667    
-0.5075 0.33    
-0.5125 0.316667    
-0.515 0.313333    
-0.5175 0.313333    
-0.52 0.313333    
-0.525 0.31    
-0.5325 0.283333    
-0.5375 0.216667    
-0.5375 0.163333    
-0.545 0.00333333    
-0.5525 -0.146667    
-0.565 -0.353333    
-0.575 -0.5    
-0.5875 -0.68    
-0.585 -0.763333    
-0.5825 -0.783333    
-0.5825 -0.78    
-0.5875 -0.68    
-0.595 -0.576667    
-0.6025 -0.46    
-0.6025 -0.34    
-0.5975 -0.186667    
-0.585 -0.0566667    
-0.5725 0.0266667    
-0.5575 0.113333    
-0.545 0.2    
-0.5375 0.226667    
-0.5175 0.273333    
-0.4975 0.31    
-0.46 0.356667    
-0.4075 0.396667    
-0.36 0.42    
-0.305 0.44    
-0.225 0.46    
-0.17 0.47    
-0.13 0.476667    
-0.0625 0.483333    
-0.0075 0.483333    
0.0425 0.46    
0.0775 0.4    
0.0925 0.35    
0.12 0.22    
0.145 0.01    
0.155 -0.0766667    
0.18 -0.236667    
0.2 -0.346667    
0.23 -0.48    
0.2525 -0.56    
0.275 -0.636667    
0.295 -0.706667    
0.2975 -0.723333    
0.3075 -0.753333    
0.3125 -0.773333    
0.315 -0.79    
0.32 -0.803333    
0.3225 -0.806667    
0.33 -0.81    
0.3375 -0.816667    
0.345 -0.82    
0.355 -0.82    
0.3625 -0.82    
0.37 -0.82    
