53
-0.135 0.433333    
-0.135 0.436667    
-0.14 0.443333    
-0.1425 0.453333    
-0.145 0.463333    
-0.145 0.466667    
-0.145 0.476667    
-0.145 0.496667    
-0.145 0.503333    
-0.1475 0.523333    
-0.15 0.536667    
-0.15 0.563333    
-0.14 0.586667    
-0.12 0.596667    
-0.0775 0.576667    
-0.0275 0.5    
0.0175 0.346667    
0.035 0.146667    
0.0325 0.0933333    
0.0275 -0.0133333    
-0.0075 -0.283333    
-0.0275 -0.373333    
-0.04 -0.413333    
-0.0675 -0.443333    
-0.0875 -0.376667    
-0.0925 -0.276667    
-0.095 -0.106667    
-0.0775 0.07    
-0.05 0.186667    
-0.015 0.276667    
0.0275 0.34    
0.1025 0.406667    
0.1725 0.456667    
0.275 0.53    
0.3725 0.603333    
0.4275 0.643333    
0.4575 0.663333    
0.44 0.653333    
0.3825 0.626667    
0.325 0.6    
0.245 0.563333    
0.1775 0.533333    
0.1375 0.51    
0.0875 0.48    
0.0575 0.46    
0.0075 0.42    
-0.0225 0.393333    
-0.035 0.38    
-0.0525 0.36    
-0.065 0.346667    
-0.0675 0.343333    
-0.0725 0.346667    
-0.075 0.353333    
