50
-0.2325 0.38    
-0.23 0.403333    
-0.2275 0.423333    
-0.225 0.43    
-0.2225 0.42    
-0.2325 0.343333    
-0.2475 0.253333    
-0.2725 0.09    
-0.295 -0.0466667    
-0.3125 -0.173333    
-0.33 -0.333333    
-0.3325 -0.386667    
-0.335 -0.42    
-0.3325 -0.42    
-0.33 -0.403333    
-0.325 -0.366667    
-0.3175 -0.293333    
-0.3075 -0.223333    
-0.285 -0.0933333    
-0.2725 -0.04    
-0.2425 0.0833333    
-0.2225 0.146667    
-0.195 0.223333    
-0.175 0.273333    
-0.15 0.326667    
-0.1275 0.36    
-0.1025 0.393333    
-0.0775 0.413333    
-0.0575 0.42    
-0.0325 0.416667    
-0.0175 0.406667    
-0.0075 0.39    
0.005 0.356667    
0.015 0.273333    
0.0175 0.206667    
0.02 0.113333    
0.025 0.0433333    
0.035 -0.0233333    
0.065 -0.103333    
0.1075 -0.173333    
0.1625 -0.226667    
0.2075 -0.26    
0.2525 -0.283333    
0.315 -0.3    
0.355 -0.306667    
0.4125 -0.3    
0.44 -0.29    
0.4625 -0.276667    
0.4825 -0.256667    
0.4925 -0.24    
