74
-0.1425 0.14    
-0.1225 0.133333    
-0.0975 0.116667    
-0.085 0.103333    
-0.065 0.08    
-0.0425 0.0366667    
-0.0275 -0.0233333    
-0.0225 -0.08    
-0.0225 -0.163333    
-0.04 -0.266667    
-0.05 -0.3    
-0.0725 -0.36    
-0.0925 -0.393333    
-0.12 -0.426667    
-0.1375 -0.446667    
-0.1575 -0.463333    
-0.165 -0.456667    
-0.165 -0.446667    
-0.16 -0.426667    
-0.15 -0.383333    
-0.1275 -0.303333    
-0.0975 -0.213333    
-0.0725 -0.15    
-0.03 -0.07    
-0.01 -0.0333333    
0.01 -0.00333333    
0.0375 0.03    
0.0625 0.06    
0.0825 0.0766667    
0.1025 0.09    
0.1275 0.103333    
0.155 0.103333    
0.175 0.0933333    
0.1875 0.0833333    
0.1975 0.0666667    
0.21 0.0466667    
0.22 0.0166667    
0.23 -0.0233333    
0.2325 -0.0433333    
0.235 -0.0733333    
0.235 -0.126667    
0.23 -0.16    
0.2225 -0.196667    
0.21 -0.246667    
0.19 -0.323333    
0.1825 -0.353333    
0.1675 -0.42    
0.1625 -0.466667    
0.1625 -0.523333    
0.1725 -0.56    
0.1875 -0.6    
0.205 -0.623333    
0.2375 -0.64    
0.245 -0.64    
0.2725 -0.63    
0.315 -0.6    
0.375 -0.546667    
0.4075 -0.506667    
0.4425 -0.456667    
0.455 -0.436667    
0.48 -0.393333    
0.4925 -0.373333    
0.495 -0.37    
0.5025 -0.363333    
0.5025 -0.36    
0.5025 -0.363333    
0.5025 -0.363333    
0.5025 -0.366667    
0.5 -0.37    
0.4975 -0.376667    
0.4925 -0.38    
0.4925 -0.393333    
0.4925 -0.403333    
0.495 -0.413333    
