39
-0.37 0.216667    
-0.37 0.213333    
-0.37 0.203333    
-0.3725 0.183333    
-0.38 0.126667    
-0.38 0.07    
-0.38 0.0133333    
-0.3775 -0.0733333    
-0.375 -0.13    
-0.3775 -0.176667    
-0.3825 -0.21    
-0.3875 -0.216667    
-0.39 -0.206667    
-0.3875 -0.193333    
-0.3725 -0.146667    
-0.3475 -0.1    
-0.3125 -0.03    
-0.28 0.0266667    
-0.23 0.113333    
-0.2075 0.16    
-0.185 0.2    
-0.1525 0.236667    
-0.115 0.246667    
-0.1 0.236667    
-0.0775 0.203333    
-0.065 0.163333    
-0.0575 0.103333    
-0.0575 0.04    
-0.0575 -0.0633333    
-0.0625 -0.173333    
-0.0675 -0.256667    
-0.07 -0.353333    
-0.0625 -0.42    
-0.0425 -0.486667    
-0.0175 -0.53    
-0.0025 -0.543333    
0.01 -0.533333    
0.01 -0.503333    
0.01 -0.45    
