48
-0.155 0.236667    
-0.17 0.256667    
-0.175 0.26    
-0.18 0.256667    
-0.185 0.243333    
-0.19 0.226667    
-0.1925 0.2    
-0.195 0.153333    
-0.195 0.11    
-0.1975 0.0433333    
-0.2 -0.01    
-0.2075 -0.1    
-0.2125 -0.146667    
-0.2175 -0.196667    
-0.2225 -0.226667    
-0.2275 -0.246667    
-0.2325 -0.26    
-0.235 -0.253333    
-0.2375 -0.236667    
-0.235 -0.193333    
-0.2325 -0.153333    
-0.22 -0.0733333    
-0.2075 -0.0233333    
-0.19 0.0333333    
-0.175 0.0733333    
-0.16 0.11    
-0.1375 0.15    
-0.1125 0.183333    
-0.085 0.206667    
-0.065 0.216667    
-0.04 0.223333    
-0.0025 0.226667    
0.02 0.223333    
0.05 0.206667    
0.07 0.186667    
0.0975 0.136667    
0.11 0.0933333    
0.12 0.0433333    
0.125 -0.0133333    
0.1275 -0.0466667    
0.1275 -0.113333    
0.1275 -0.173333    
0.1275 -0.206667    
0.1275 -0.236667    
0.125 -0.263333    
0.1225 -0.28    
0.1225 -0.29    
0.1225 -0.296667    
