58
0.0075 0.41    
0.0075 0.41    
0.005 0.41    
-0.0075 0.406667    
-0.03 0.393333    
-0.03 0.393333    
-0.0725 0.336667    
-0.0975 0.286667    
-0.145 0.15    
-0.16 0.0733333    
-0.1625 -0.08    
-0.1425 -0.136667    
-0.11 -0.173333    
-0.0675 -0.193333    
0.0375 -0.186667    
0.0925 -0.16    
0.18 -0.0833333    
0.2125 -0.04    
0.2425 0.06    
0.245 0.106667    
0.23 0.193333    
0.215 0.233333    
0.1975 0.263333    
0.18 0.29    
0.1475 0.33    
0.1325 0.343333    
0.1225 0.353333    
0.1 0.366667    
0.08 0.37    
0.0675 0.37    
0.055 0.366667    
0.045 0.363333    
0.035 0.36    
0.0225 0.353333    
0.0175 0.35    
0.0125 0.346667    
0.01 0.346667    
0.01 0.346667    
0.005 0.346667    
0.0025 0.346667    
0.0025 0.346667    
-0.0025 0.343333    
-0.005 0.343333    
-0.0075 0.343333    
-0.0075 0.346667    
-0.0125 0.353333    
-0.015 0.356667    
-0.0175 0.36    
-0.02 0.366667    
-0.0225 0.373333    
-0.0225 0.376667    
-0.0225 0.383333    
-0.0225 0.383333    
-0.0225 0.386667    
-0.0225 0.386667    
-0.02 0.39    
-0.02 0.393333    
-0.02 0.393333    
