45
0.015 0.47    
0.005 0.47    
-0.01 0.456667    
-0.0175 0.446667    
-0.0275 0.43    
-0.035 0.403333    
-0.0425 0.373333    
-0.0525 0.32    
-0.06 0.246667    
-0.065 0.186667    
-0.065 0.0966667    
-0.0525 -0.00333333    
-0.04 -0.0466667    
-0.025 -0.09    
0.015 -0.176667    
0.06 -0.24    
0.11 -0.286667    
0.15 -0.303333    
0.195 -0.306667    
0.2475 -0.293333    
0.3025 -0.256667    
0.3375 -0.216667    
0.3775 -0.143333    
0.3875 -0.106667    
0.3975 -0.0233333    
0.3975 0.0333333    
0.39 0.09    
0.375 0.163333    
0.3525 0.233333    
0.3325 0.28    
0.295 0.35    
0.27 0.383333    
0.2425 0.41    
0.2175 0.43    
0.1825 0.44    
0.155 0.436667    
0.12 0.423333    
0.0825 0.393333    
0.065 0.37    
0.05 0.343333    
0.035 0.306667    
0.0325 0.29    
0.0375 0.273333    
0.045 0.263333    
0.06 0.256667    
