29
-0.0075 0.226667    
-0.03 0.246667    
-0.045 0.253333    
-0.07 0.256667    
-0.0875 0.253333    
-0.105 0.246667    
-0.1425 0.203333    
-0.1575 0.163333    
-0.165 0.123333    
-0.1525 0.0233333    
-0.1275 -0.0266667    
-0.05 -0.103333    
-0.0075 -0.13    
0.0325 -0.14    
0.1 -0.116667    
0.1225 -0.0833333    
0.14 0.00333333    
0.1325 0.05    
0.12 0.09    
0.075 0.16    
0.0475 0.183333    
-0.0125 0.21    
-0.04 0.21    
-0.0675 0.206667    
-0.0875 0.2    
-0.1175 0.183333    
-0.1275 0.176667    
-0.1325 0.173333    
-0.14 0.166667    
