93
0.0125 0.27    
0.02 0.29    
0.0225 0.296667    
0.0175 0.306667    
0.0125 0.31    
0.005 0.303333    
-0.0225 0.273333    
-0.035 0.25    
-0.05 0.22    
-0.0775 0.16    
-0.0925 0.106667    
-0.0925 0.106667    
-0.0975 0.06    
-0.0925 0.02    
-0.0925 0.02    
-0.0925 0.02    
-0.0625 -0.04    
-0.04 -0.0766667    
-0.0125 -0.106667    
0.02 -0.136667    
0.0875 -0.17    
0.13 -0.18    
0.21 -0.193333    
0.245 -0.19    
0.3025 -0.17    
0.32 -0.153333    
0.3325 -0.133333    
0.3425 -0.113333    
0.345 -0.0766667    
0.345 -0.0566667    
0.33 -0.0133333    
0.3175 0.0133333    
0.305 0.0366667    
0.2725 0.0866667    
0.255 0.103333    
0.22 0.13    
0.1975 0.14    
0.155 0.156667    
0.1375 0.163333    
0.1175 0.166667    
0.1025 0.173333    
0.0725 0.176667    
0.055 0.176667    
0.0375 0.176667    
0.0075 0.176667    
-0.0075 0.18    
-0.0275 0.196667    
-0.035 0.206667    
-0.0425 0.216667    
-0.05 0.223333    
-0.055 0.223333    
-0.0575 0.223333    
-0.065 0.22    
-0.07 0.223333    
-0.0725 0.226667    
-0.0775 0.23    
-0.08 0.23    
-0.0825 0.23    
-0.0825 0.226667    
-0.085 0.223333    
-0.0875 0.22    
-0.09 0.216667    
-0.0875 0.216667    
-0.085 0.216667    
-0.085 0.216667    
-0.08 0.22    
-0.07 0.226667    
-0.065 0.226667    
-0.055 0.233333    
-0.05 0.236667    
-0.0375 0.246667    
-0.0325 0.246667    
-0.0275 0.25    
-0.025 0.25    
-0.025 0.25    
-0.0225 0.253333    
-0.0225 0.256667    
-0.0225 0.26    
-0.0175 0.263333    
-0.0125 0.263333    
-0.01 0.266667    
-0.005 0.266667    
-0.0025 0.266667    
0 0.263333    
0 0.26    
0.0025 0.263333    
0.005 0.266667    
0.0075 0.273333    
0.0125 0.276667    
0.015 0.28    
0.0225 0.283333    
0.025 0.286667    
0.0275 0.293333    
