62
-0.02 0.373333    
-0.005 0.403333    
0 0.416667    
0.0025 0.433333    
-0.005 0.456667    
-0.0175 0.463333    
-0.035 0.466667    
-0.085 0.46    
-0.1525 0.413333    
-0.1525 0.413333    
-0.2125 0.32    
-0.2475 0.17    
-0.25 0.09    
-0.245 0.01    
-0.2275 -0.06    
-0.1575 -0.17    
-0.11 -0.21    
-0.06 -0.24    
0.0425 -0.26    
0.085 -0.25    
0.1525 -0.196667    
0.175 -0.156667    
0.1975 -0.0633333    
0.1975 -0.01    
0.1925 0.04    
0.1825 0.0866667    
0.1575 0.173333    
0.1275 0.246667    
0.1125 0.283333    
0.0975 0.31    
0.085 0.333333    
0.0575 0.366667    
0.045 0.376667    
0.0175 0.38    
0.005 0.373333    
-0.01 0.366667    
-0.03 0.35    
-0.04 0.346667    
-0.0475 0.34    
-0.0575 0.336667    
-0.06 0.336667    
-0.065 0.333333    
-0.065 0.333333    
-0.065 0.336667    
-0.065 0.336667    
-0.065 0.34    
-0.065 0.343333    
-0.065 0.35    
-0.0675 0.353333    
-0.0675 0.356667    
-0.07 0.37    
-0.07 0.373333    
-0.075 0.396667    
-0.0775 0.406667    
-0.08 0.42    
-0.085 0.44    
-0.0875 0.446667    
-0.0875 0.453333    
-0.09 0.456667    
-0.09 0.46    
-0.09 0.46    
-0.09 0.466667    
