67
-0.015 0.276667    
-0.015 0.28    
-0.0225 0.28    
-0.025 0.28    
-0.03 0.276667    
-0.045 0.263333    
-0.0525 0.256667    
-0.0625 0.246667    
-0.075 0.22    
-0.0825 0.186667    
-0.085 0.17    
-0.085 0.15    
-0.085 0.11    
-0.0825 0.0866667    
-0.0775 0.0666667    
-0.075 0.0433333    
-0.06 -0.00333333    
-0.0525 -0.0266667    
-0.04 -0.05    
-0.0125 -0.09    
0.02 -0.116667    
0.02 -0.116667    
0.06 -0.13    
0.095 -0.126667    
0.11 -0.12    
0.125 -0.106667    
0.14 -0.09    
0.16 -0.0466667    
0.1675 -0.0233333    
0.1775 0.0233333    
0.18 0.0466667    
0.18 0.07    
0.18 0.116667    
0.175 0.153333    
0.17 0.173333    
0.1625 0.19    
0.155 0.203333    
0.145 0.216667    
0.1225 0.24    
0.1125 0.25    
0.09 0.266667    
0.0775 0.273333    
0.0575 0.276667    
0.045 0.276667    
0.0175 0.276667    
0.0025 0.273333    
-0.01 0.27    
-0.035 0.263333    
-0.045 0.263333    
-0.0525 0.26    
-0.0575 0.256667    
-0.0675 0.253333    
-0.0725 0.253333    
-0.075 0.253333    
-0.0825 0.25    
-0.085 0.246667    
-0.0875 0.246667    
-0.09 0.246667    
-0.09 0.246667    
-0.0925 0.243333    
-0.0925 0.243333    
-0.0925 0.246667    
-0.0925 0.246667    
-0.0925 0.246667    
-0.0925 0.25    
-0.0925 0.25    
-0.0925 0.25    
