30
-0.0175 0.193333    
-0.0225 0.22    
-0.0275 0.24    
-0.0575 0.23    
-0.08 0.193333    
-0.0975 0.133333    
-0.12 -0.04    
-0.115 -0.136667    
-0.07 -0.283333    
-0.035 -0.333333    
0.005 -0.363333    
0.0875 -0.366667    
0.13 -0.35    
0.17 -0.32    
0.2325 -0.25    
0.2525 -0.206667    
0.2625 -0.16    
0.27 -0.07    
0.2625 -0.0233333    
0.2525 0.02    
0.2175 0.1    
0.1975 0.133333    
0.175 0.163333    
0.13 0.2    
0.0825 0.21    
0.0575 0.21    
0.0325 0.203333    
0.01 0.19    
-0.025 0.17    
-0.0475 0.15    
