68
-0.2975 0.486667    
-0.2875 0.46    
-0.2825 0.44    
-0.2775 0.42    
-0.2775 0.396667    
-0.2775 0.373333    
-0.275 0.34    
-0.275 0.28    
-0.2725 0.253333    
-0.265 0.186667    
-0.2525 0.126667    
-0.2375 0.06    
-0.2225 0.0133333    
-0.185 -0.0866667    
-0.1225 -0.203333    
-0.08 -0.26    
-0.0325 -0.303333    
0.0175 -0.33    
0.08 -0.34    
0.14 -0.326667    
0.175 -0.296667    
0.2225 -0.223333    
0.24 -0.173333    
0.2525 -0.116667    
0.26 -0.0266667    
0.255 0.0566667    
0.245 0.116667    
0.22 0.203333    
0.2025 0.24    
0.1875 0.263333    
0.1525 0.31    
0.095 0.37    
0.0525 0.403333    
0.0075 0.433333    
-0.055 0.473333    
-0.0975 0.496667    
-0.1525 0.523333    
-0.2125 0.55    
-0.2475 0.556667    
-0.28 0.556667    
-0.3125 0.553333    
-0.365 0.55    
-0.405 0.55    
-0.425 0.55    
-0.4625 0.556667    
-0.4825 0.556667    
-0.49 0.556667    
-0.4925 0.556667    
-0.5 0.553333    
-0.5 0.546667    
-0.5 0.54    
-0.495 0.533333    
-0.49 0.526667    
-0.4875 0.526667    
-0.4825 0.53    
-0.4775 0.536667    
-0.475 0.543333    
-0.4725 0.55    
-0.47 0.556667    
-0.47 0.57    
-0.4725 0.576667    
-0.48 0.586667    
-0.485 0.586667    
-0.4975 0.583333    
-0.505 0.583333    
-0.51 0.583333    
-0.515 0.59    
-0.5175 0.59    
