69
-0.1375 0.46    
-0.1325 0.456667    
-0.12 0.45    
-0.1175 0.446667    
-0.11 0.443333    
-0.105 0.443333    
-0.1025 0.443333    
-0.1025 0.446667    
-0.1075 0.45    
-0.12 0.456667    
-0.1375 0.456667    
-0.1675 0.446667    
-0.21 0.416667    
-0.2475 0.373333    
-0.2975 0.29    
-0.34 0.176667    
-0.3525 0.113333    
-0.3625 -0.00666667    
-0.355 -0.13    
-0.3225 -0.276667    
-0.285 -0.366667    
-0.2175 -0.443333    
-0.145 -0.473333    
-0.07 -0.466667    
0 -0.426667    
0.0425 -0.386667    
0.0825 -0.323333    
0.105 -0.256667    
0.11 -0.226667    
0.1075 -0.166667    
0.1025 -0.113333    
0.0925 -0.0633333    
0.08 -0.0133333    
0.0725 0.01    
0.0575 0.06    
0.0375 0.126667    
0.03 0.15    
0.02 0.183333    
0.005 0.223333    
-0.005 0.25    
-0.02 0.28    
-0.035 0.313333    
-0.055 0.35    
-0.065 0.366667    
-0.0825 0.396667    
-0.0975 0.416667    
-0.1125 0.44    
-0.125 0.456667    
-0.135 0.473333    
-0.1425 0.48    
-0.145 0.483333    
-0.15 0.486667    
-0.1525 0.486667    
-0.155 0.486667    
-0.1575 0.483333    
-0.1575 0.48    
-0.1575 0.47    
-0.1575 0.466667    
-0.1575 0.463333    
-0.155 0.46    
-0.1525 0.456667    
-0.15 0.45    
-0.15 0.443333    
-0.1475 0.44    
-0.1475 0.436667    
-0.1475 0.43    
-0.1475 0.426667    
-0.1475 0.423333    
-0.15 0.42    
