50
0.205 0.45    
0.2075 0.446667    
0.21 0.443333    
0.215 0.446667    
0.2175 0.45    
0.2275 0.46    
0.24 0.473333    
0.245 0.476667    
0.2525 0.496667    
0.2425 0.51    
0.2 0.526667    
0.125 0.533333    
0.05 0.523333    
-0.0625 0.486667    
-0.1125 0.46    
-0.2025 0.393333    
-0.27 0.303333    
-0.2875 0.253333    
-0.2825 0.21    
-0.255 0.18    
-0.1625 0.143333    
-0.085 0.133333    
0.005 0.126667    
0.125 0.113333    
0.2025 0.0933333    
0.28 0.04    
0.305 -0.0733333    
0.2775 -0.163333    
0.2275 -0.253333    
0.1625 -0.336667    
0.04 -0.43    
-0.0475 -0.46    
-0.09 -0.46    
-0.19 -0.42    
-0.245 -0.373333    
-0.295 -0.303333    
-0.335 -0.22    
-0.3775 -0.0833333    
-0.385 0.0233333    
-0.38 0.0666667    
-0.3725 0.1    
-0.335 0.16    
-0.32 0.17    
-0.29 0.156667    
-0.275 0.133333    
-0.2625 0.0933333    
-0.2575 0.06    
-0.255 0.03    
-0.255 0.00333333    
-0.2525 0    
