74
-0.025 0.47    
-0.0375 0.47    
-0.0625 0.463333    
-0.085 0.446667    
-0.1125 0.426667    
-0.1525 0.39    
-0.1925 0.34    
-0.2175 0.296667    
-0.245 0.23    
-0.26 0.176667    
-0.2725 0.103333    
-0.275 0.0266667    
-0.2725 -0.0333333    
-0.26 -0.12    
-0.2575 -0.14    
-0.2175 -0.27    
-0.1875 -0.343333    
-0.1525 -0.413333    
-0.1125 -0.473333    
-0.045 -0.54    
0.01 -0.57    
0.055 -0.58    
0.1125 -0.583333    
0.1575 -0.58    
0.1975 -0.566667    
0.25 -0.536667    
0.285 -0.503333    
0.335 -0.423333    
0.3575 -0.366667    
0.38 -0.29    
0.39 -0.233333    
0.3975 -0.16    
0.395 -0.103333    
0.385 -0.03    
0.375 0.0266667    
0.345 0.113333    
0.325 0.156667    
0.295 0.203333    
0.2675 0.233333    
0.235 0.263333    
0.2125 0.28    
0.1875 0.296667    
0.15 0.323333    
0.1275 0.333333    
0.1 0.346667    
0.08 0.356667    
0.0625 0.363333    
0.04 0.373333    
0.02 0.383333    
0.0125 0.39    
0 0.396667    
-0.0175 0.403333    
-0.0275 0.41    
-0.04 0.416667    
-0.0475 0.42    
-0.0575 0.426667    
-0.0675 0.43    
-0.0775 0.433333    
-0.0825 0.433333    
-0.0875 0.436667    
-0.095 0.44    
-0.0975 0.443333    
-0.1025 0.443333    
-0.105 0.443333    
-0.11 0.443333    
-0.1125 0.443333    
-0.115 0.443333    
-0.115 0.443333    
-0.1175 0.443333    
-0.1175 0.443333    
-0.1175 0.446667    
-0.115 0.446667    
-0.1125 0.45    
-0.11 0.453333    
