112
0.055 0    
0.055 0.0133333    
0.0525 0.03    
0.0425 0.0433333    
0.0125 0.0633333    
-0.0125 0.0633333    
-0.0425 0.05    
-0.0875 0.01    
-0.12 -0.03    
-0.1625 -0.0966667    
-0.1875 -0.153333    
-0.2125 -0.246667    
-0.2175 -0.303333    
-0.215 -0.36    
-0.195 -0.426667    
-0.1675 -0.466667    
-0.115 -0.506667    
-0.07 -0.523333    
-0.035 -0.526667    
0.035 -0.516667    
0.095 -0.486667    
0.1325 -0.456667    
0.1775 -0.4    
0.19 -0.373333    
0.205 -0.323333    
0.2075 -0.263333    
0.2025 -0.24    
0.19 -0.2    
0.1775 -0.176667    
0.1575 -0.153333    
0.14 -0.136667    
0.1275 -0.123333    
0.1125 -0.11    
0.1 -0.1    
0.0825 -0.0833333    
0.0675 -0.0733333    
0.055 -0.0666667    
0.0475 -0.06    
0.025 -0.0466667    
0.0125 -0.04    
0.005 -0.0333333    
-0.005 -0.0233333    
-0.0125 -0.0166667    
-0.0275 0    
-0.0325 0.00333333    
-0.0425 0.01    
-0.0525 0.0133333    
-0.065 0.01    
-0.08 0.00666667    
-0.09 0    
-0.1075 -0.0166667    
-0.115 -0.0233333    
-0.125 -0.0333333    
-0.125 -0.0333333    
-0.1325 -0.04    
-0.135 -0.0433333    
-0.1325 -0.0433333    
-0.1225 -0.05    
-0.115 -0.0566667    
-0.0975 -0.0766667    
-0.085 -0.0933333    
-0.08 -0.103333    
-0.0725 -0.113333    
-0.0725 -0.113333    
-0.0725 -0.113333    
-0.0725 -0.113333    
-0.0725 -0.113333    
-0.0725 -0.113333    
-0.0725 -0.113333    
-0.0725 -0.113333    
-0.0725 -0.113333    
-0.0725 -0.113333    
-0.0725 -0.113333    
-0.0725 -0.113333    
-0.0725 -0.113333    
-0.0725 -0.113333    
-0.0725 -0.113333    
-0.0725 -0.113333    
-0.0725 -0.113333    
-0.0725 -0.113333    
-0.0725 -0.113333    
-0.0725 -0.113333    
-0.0725 -0.113333    
-0.0725 -0.113333    
-0.0725 -0.113333    
-0.0725 -0.113333    
-0.0725 -0.113333    
-0.0725 -0.113333    
-0.0725 -0.113333    
-0.0725 -0.113333    
-0.0725 -0.113333    
-0.0725 -0.113333    
-0.0725 -0.113333    
-0.0725 -0.113333    
-0.0725 -0.113333    
-0.0725 -0.113333    
-0.0725 -0.113333    
-0.0725 -0.113333    
-0.0725 -0.113333    
-0.0725 -0.113333    
-0.065 -0.13    
-0.06 -0.136667    
-0.0575 -0.14    
-0.055 -0.14    
-0.0575 -0.136667    
-0.06 -0.133333    
-0.06 -0.123333    
-0.06 -0.116667    
-0.06 -0.11    
-0.06 -0.106667    
-0.06 -0.103333    
-0.06 -0.1    
