44
-0.3375 0.226667    
-0.3425 0.226667    
-0.35 0.226667    
-0.3575 0.226667    
-0.3625 0.226667    
-0.375 0.213333    
-0.38 0.16    
-0.38 0.133333    
-0.3825 0.0766667    
-0.3775 0.03    
-0.37 -0.0233333    
-0.365 -0.0833333    
-0.3575 -0.11    
-0.3425 -0.156667    
-0.3275 -0.186667    
-0.295 -0.213333    
-0.2625 -0.22    
-0.2125 -0.21    
-0.1625 -0.19    
-0.1075 -0.15    
-0.0875 -0.123333    
-0.0775 -0.103333    
-0.0725 -0.0533333    
-0.0825 -0.00333333    
-0.0975 0.03    
-0.12 0.0633333    
-0.125 0.07    
-0.155 0.0733333    
-0.1975 0.0566667    
-0.2175 0.0466667    
-0.255 0.0333333    
-0.29 0.0366667    
-0.315 0.0466667    
-0.35 0.07    
-0.365 0.0766667    
-0.385 0.0766667    
-0.4 0.06    
-0.4075 0.03    
-0.4075 0.00666667    
-0.4075 -0.0133333    
-0.4025 -0.0233333    
-0.3975 -0.0233333    
-0.3925 -0.00666667    
-0.39 0    
