60
-0.155 0.193333    
-0.1625 0.193333    
-0.1775 0.186667    
-0.19 0.183333    
-0.1975 0.176667    
-0.21 0.173333    
-0.22 0.166667    
-0.2275 0.16    
-0.2375 0.146667    
-0.2475 0.13    
-0.255 0.11    
-0.2625 0.08    
-0.265 0.05    
-0.2675 0.02    
-0.2625 -0.02    
-0.245 -0.06    
-0.2325 -0.0733333    
-0.205 -0.0933333    
-0.1725 -0.1    
-0.1625 -0.1    
-0.1225 -0.1    
-0.09 -0.0933333    
-0.0425 -0.0833333    
-0.0175 -0.07    
0.005 -0.06    
0.035 -0.0366667    
0.045 -0.0266667    
0.06 -0.01    
0.07 0.01    
0.075 0.0233333    
0.0775 0.0433333    
0.075 0.0666667    
0.07 0.0833333    
0.0625 0.1    
0.045 0.12    
0.0225 0.133333    
0.005 0.143333    
-0.0225 0.15    
-0.04 0.153333    
-0.0525 0.153333    
-0.0775 0.156667    
-0.0925 0.156667    
-0.11 0.16    
-0.1325 0.16    
-0.1525 0.16    
-0.1825 0.16    
-0.2 0.156667    
-0.2125 0.156667    
-0.225 0.153333    
-0.2375 0.15    
-0.2475 0.146667    
-0.25 0.146667    
-0.255 0.146667    
-0.2575 0.15    
-0.2575 0.15    
-0.26 0.153333    
-0.26 0.156667    
-0.26 0.16    
-0.26 0.163333    
-0.26 0.166667    
