56
-0.0475 0.38    
-0.0475 0.386667    
-0.045 0.396667    
-0.0375 0.416667    
-0.0325 0.43    
-0.01 0.45    
0.005 0.46    
0.0275 0.466667    
0.055 0.47    
0.125 0.463333    
0.195 0.436667    
0.225 0.413333    
0.25 0.38    
0.265 0.336667    
0.27 0.236667    
0.255 0.18    
0.2325 0.12    
0.1675 0.0166667    
0.0925 -0.0366667    
0.0575 -0.04    
0.03 -0.0233333    
0.0075 0.00666667    
-0.0175 0.09    
-0.02 0.14    
-0.02 0.186667    
-0.01 0.266667    
0 0.316667    
0.0025 0.33    
0 0.33    
-0.005 0.32    
-0.0225 0.273333    
-0.0375 0.233333    
-0.0675 0.12    
-0.08 0.0433333    
-0.095 -0.136667    
-0.1 -0.23    
-0.1025 -0.316667    
-0.1025 -0.396667    
-0.105 -0.52    
-0.1075 -0.563333    
-0.1125 -0.593333    
-0.1275 -0.636667    
-0.135 -0.65    
-0.14 -0.66    
-0.155 -0.663333    
-0.16 -0.663333    
-0.1625 -0.66    
-0.1675 -0.646667    
-0.1675 -0.643333    
-0.165 -0.636667    
-0.165 -0.633333    
-0.1625 -0.63    
-0.16 -0.626667    
-0.1575 -0.626667    
-0.155 -0.623333    
-0.155 -0.62    
