45
-0.3225 0.476667    
-0.3125 0.486667    
-0.3075 0.463333    
-0.305 0.363333    
-0.3075 0.17    
-0.3075 -0.03    
-0.31 -0.246667    
-0.31 -0.5    
-0.3125 -0.68    
-0.315 -0.733333    
-0.32 -0.71    
-0.3275 -0.606667    
-0.33 -0.473333    
-0.33 -0.306667    
-0.3275 -0.0966667    
-0.3275 0.0833333    
-0.3275 0.186667    
-0.3275 0.256667    
-0.3175 0.306667    
-0.2925 0.316667    
-0.235 0.3    
-0.175 0.263333    
-0.0875 0.226667    
-0.0225 0.2    
0.0475 0.14    
0.085 0.0433333    
0.0925 -0.0533333    
0.075 -0.17    
0.025 -0.286667    
0.005 -0.303333    
-0.0875 -0.31    
-0.1525 -0.273333    
-0.21 -0.22    
-0.2625 -0.14    
-0.275 -0.0833333    
-0.27 -0.05    
-0.2575 -0.0233333    
-0.2425 0    
-0.225 0.0233333    
-0.2125 0.04    
-0.2075 0.05    
-0.205 0.0566667    
-0.2025 0.06    
-0.2 0.06    
-0.1975 0.0566667    
