59
0.0025 0.38    
0 0.38    
-0.0025 0.38    
-0.005 0.376667    
-0.01 0.36    
-0.0175 0.333333    
-0.0325 0.27    
-0.05 0.183333    
-0.0625 0.1    
-0.08 -0.03    
-0.095 -0.183333    
-0.1025 -0.306667    
-0.1075 -0.426667    
-0.105 -0.553333    
-0.0925 -0.666667    
-0.0775 -0.763333    
-0.06 -0.87    
-0.0425 -0.953333    
-0.04 -0.973333    
-0.04 -0.98    
-0.035 -0.963333    
-0.0275 -0.926667    
-0.0175 -0.853333    
-0.015 -0.76    
-0.02 -0.666667    
-0.0325 -0.546667    
-0.045 -0.43    
-0.0525 -0.343333    
-0.06 -0.253333    
-0.0675 -0.136667    
-0.0775 -0.0133333    
-0.08 0.11    
-0.075 0.2    
-0.06 0.306667    
-0.045 0.373333    
-0.015 0.433333    
0.01 0.466667    
0.0425 0.493333    
0.07 0.503333    
0.105 0.51    
0.14 0.503333    
0.1625 0.486667    
0.1875 0.46    
0.2075 0.426667    
0.2175 0.383333    
0.2175 0.35    
0.2075 0.31    
0.1925 0.27    
0.1625 0.223333    
0.1275 0.18    
0.0725 0.126667    
0.015 0.0833333    
-0.0225 0.0566667    
-0.0575 0.0333333    
-0.0975 0.02    
-0.1275 0.0133333    
-0.145 0.0133333    
-0.1575 0.0166667    
-0.16 0.02    
