41
-0.0625 0.166667    
-0.0625 0.173333    
-0.0575 0.166667    
-0.055 0.146667    
-0.05 0.0566667    
-0.0475 -0.00666667    
-0.0475 -0.08    
-0.045 -0.223333    
-0.0475 -0.28    
-0.0475 -0.323333    
-0.055 -0.37    
-0.0575 -0.376667    
-0.07 -0.343333    
-0.0825 -0.303333    
-0.12 -0.17    
-0.14 -0.0966667    
-0.1525 -0.02    
-0.16 0.0533333    
-0.155 0.176667    
-0.13 0.266667    
-0.1125 0.293333    
-0.09 0.31    
-0.0625 0.32    
0 0.306667    
0.0325 0.286667    
0.0575 0.263333    
0.09 0.186667    
0.1 0.143333    
0.1025 0.0533333    
0.095 0.0133333    
0.0725 -0.0466667    
0.055 -0.0666667    
0.0325 -0.0833333    
0.01 -0.0966667    
-0.0325 -0.11    
-0.0475 -0.113333    
-0.06 -0.113333    
-0.075 -0.106667    
-0.0775 -0.103333    
-0.08 -0.1    
-0.08 -0.1    
