87
-0.0525 0.256667    
-0.06 0.27    
-0.0725 0.293333    
-0.0775 0.303333    
-0.085 0.31    
-0.0925 0.323333    
-0.09 0.323333    
-0.0875 0.31    
-0.0825 0.286667    
-0.0775 0.243333    
-0.065 0.126667    
-0.0575 0.0566667    
-0.0475 -0.0166667    
-0.04 -0.143333    
-0.0425 -0.25    
-0.0425 -0.25    
-0.0575 -0.333333    
-0.0625 -0.37    
-0.0625 -0.37    
-0.0725 -0.396667    
-0.0775 -0.413333    
-0.085 -0.423333    
-0.0875 -0.413333    
-0.0875 -0.403333    
-0.0875 -0.35    
-0.085 -0.313333    
-0.0775 -0.196667    
-0.07 -0.13    
-0.06 -0.06    
-0.0075 0.136667    
0.015 0.333333    
0.0175 0.406667    
0.0175 0.47    
-0.0125 0.46    
-0.02 0.473333    
-0.0225 0.496667    
-0.0275 0.52    
-0.0325 0.57    
-0.03 0.586667    
-0.025 0.6    
-0.005 0.623333    
0.0275 0.63    
0.05 0.623333    
0.08 0.613333    
0.11 0.596667    
0.175 0.55    
0.2075 0.53    
0.235 0.513333    
0.2825 0.476667    
0.335 0.42    
0.3575 0.39    
0.3775 0.356667    
0.3925 0.326667    
0.3975 0.28    
0.3875 0.256667    
0.3725 0.23    
0.3175 0.183333    
0.2825 0.156667    
0.21 0.113333    
0.1725 0.0933333    
0.14 0.0866667    
0.0775 0.0766667    
0.0525 0.0766667    
0.0275 0.0833333    
-0.0125 0.1    
-0.0275 0.113333    
-0.0475 0.133333    
-0.05 0.14    
-0.05 0.14    
-0.05 0.143333    
-0.05 0.14    
-0.045 0.14    
-0.0425 0.143333    
-0.04 0.143333    
-0.04 0.143333    
-0.035 0.146667    
-0.035 0.146667    
-0.035 0.15    
-0.0325 0.15    
-0.0325 0.15    
-0.0325 0.153333    
-0.0325 0.156667    
-0.03 0.156667    
-0.0275 0.156667    
-0.025 0.16    
-0.025 0.163333    
-0.025 0.166667    
