50
0 0.516667    
0.005 0.516667    
0.015 0.5    
0.0275 0.42    
0.035 0.34    
0.0375 0.24    
0.0425 0.12    
0.0425 -0.126667    
0.0425 -0.23    
0.0375 -0.386667    
0.035 -0.433333    
0.035 -0.463333    
0.035 -0.493333    
0.035 -0.483333    
0.0325 -0.463333    
0.025 -0.363333    
0.02 -0.293333    
0.0125 -0.116667    
0.0125 -0.0266667    
0.0125 0.06    
0.02 0.223333    
0.025 0.29    
0.0325 0.35    
0.0625 0.45    
0.0825 0.486667    
0.1375 0.533333    
0.1675 0.533333    
0.195 0.523333    
0.2225 0.5    
0.2675 0.426667    
0.2825 0.386667    
0.2925 0.303333    
0.2875 0.266667    
0.2725 0.233333    
0.24 0.143333    
0.1925 0.09    
0.1675 0.0766667    
0.1375 0.0866667    
0.1075 0.103333    
0.0575 0.13    
0.0425 0.143333    
0.025 0.166667    
0.0225 0.173333    
0.0225 0.18    
0.025 0.186667    
0.0325 0.196667    
0.0425 0.203333    
0.0475 0.206667    
0.0525 0.206667    
0.0575 0.21    
