137
-0.135 0.366667    
-0.15 0.37    
-0.1575 0.37    
-0.1625 0.37    
-0.175 0.366667    
-0.18 0.366667    
-0.18 0.366667    
-0.1725 0.363333    
-0.16 0.363333    
-0.1175 0.37    
-0.09 0.383333    
-0.0625 0.396667    
-0.02 0.436667    
0.005 0.47    
0.0125 0.486667    
0.02 0.503333    
0.0275 0.523333    
0.0375 0.553333    
0.0425 0.57    
0.05 0.593333    
0.055 0.603333    
0.0575 0.613333    
0.0625 0.623333    
0.0675 0.636667    
0.0675 0.64    
0.065 0.633333    
0.0625 0.623333    
0.06 0.61    
0.055 0.576667    
0.0525 0.56    
0.05 0.543333    
0.045 0.503333    
0.0425 0.473333    
0.04 0.443333    
0.0375 0.373333    
0.04 0.333333    
0.0425 0.293333    
0.0475 0.203333    
0.05 0.0966667    
0.0475 0.04    
0.04 -0.02    
0.0325 -0.08    
0.0325 -0.08    
0.005 -0.26    
-0.01 -0.353333    
-0.0225 -0.446667    
-0.035 -0.54    
-0.0475 -0.663333    
-0.0525 -0.713333    
-0.0675 -0.81    
-0.0725 -0.846667    
-0.08 -0.88    
-0.0875 -0.92    
-0.09 -0.933333    
-0.095 -0.94    
-0.1025 -0.953333    
-0.1075 -0.956667    
-0.11 -0.963333    
-0.11 -0.963333    
-0.11 -0.963333    
-0.1075 -0.96    
-0.1025 -0.946667    
-0.0975 -0.933333    
-0.0825 -0.896667    
-0.0775 -0.873333    
-0.0725 -0.846667    
-0.0625 -0.783333    
-0.055 -0.71    
-0.0525 -0.67    
-0.05 -0.626667    
-0.0475 -0.58    
-0.045 -0.533333    
-0.0375 -0.43    
-0.0375 -0.38    
-0.035 -0.28    
-0.03 -0.186667    
-0.03 -0.186667    
-0.025 -0.106667    
-0.02 -0.07    
-0.0175 -0.0333333    
-0.01 0.0433333    
-0.005 0.103333    
0 0.133333    
0.0025 0.163333    
0.005 0.193333    
0.0125 0.253333    
0.0175 0.283333    
0.03 0.333333    
0.0375 0.353333    
0.0475 0.37    
0.0675 0.393333    
0.08 0.396667    
0.105 0.403333    
0.12 0.403333    
0.1375 0.403333    
0.155 0.4    
0.19 0.393333    
0.2075 0.39    
0.235 0.39    
0.25 0.386667    
0.2825 0.38    
0.3 0.373333    
0.315 0.37    
0.33 0.363333    
0.3475 0.35    
0.36 0.33    
0.36 0.313333    
0.3575 0.293333    
0.3525 0.27    
0.33 0.22    
0.3175 0.193333    
0.305 0.17    
0.2775 0.123333    
0.2525 0.08    
0.24 0.06    
0.225 0.0466667    
0.21 0.0333333    
0.165 0.01    
0.1375 0    
0.11 -0.01    
0.065 -0.0233333    
0.05 -0.03    
0.035 -0.0366667    
0.03 -0.04    
0.03 -0.0433333    
0.03 -0.0433333    
0.03 -0.04    
0.0325 -0.04    
0.0325 -0.0366667    
0.0325 -0.0366667    
0.035 -0.0333333    
0.035 -0.03    
0.035 -0.03    
0.0375 -0.03    
0.0375 -0.03    
0.0375 -0.03    
0.0375 -0.03    
