47
-0.1025 0.26    
-0.105 0.243333    
-0.1075 0.206667    
-0.115 0.15    
-0.125 0.0633333    
-0.14 -0.176667    
-0.1425 -0.313333    
-0.135 -0.556667    
-0.1225 -0.706667    
-0.115 -0.76    
-0.1125 -0.793333    
-0.1125 -0.813333    
-0.1125 -0.82    
-0.115 -0.803333    
-0.125 -0.696667    
-0.1275 -0.606667    
-0.1275 -0.493333    
-0.12 -0.366667    
-0.0925 -0.12    
-0.055 0.0833333    
-0.035 0.156667    
-0.0125 0.216667    
0.01 0.263333    
0.0475 0.34    
0.0675 0.366667    
0.1075 0.4    
0.13 0.393333    
0.155 0.38    
0.18 0.356667    
0.2225 0.283333    
0.2475 0.2    
0.2475 0.2    
0.255 0.0966667    
0.2525 0.0433333    
0.2325 -0.07    
0.2125 -0.123333    
0.19 -0.173333    
0.1325 -0.236667    
0.1025 -0.253333    
0.07 -0.263333    
0.0075 -0.263333    
-0.0175 -0.266667    
-0.0575 -0.27    
-0.07 -0.276667    
-0.08 -0.28    
-0.09 -0.283333    
-0.0925 -0.283333    
