67
-0.335 0.306667    
-0.335 0.303333    
-0.335 0.296667    
-0.335 0.293333    
-0.335 0.28    
-0.3325 0.276667    
-0.3225 0.273333    
-0.315 0.266667    
-0.3025 0.246667    
-0.2975 0.236667    
-0.285 0.116667    
-0.2725 -0.0133333    
-0.265 -0.09    
-0.2525 -0.246667    
-0.2375 -0.4    
-0.2325 -0.48    
-0.23 -0.526667    
-0.2325 -0.58    
-0.2375 -0.596667    
-0.24 -0.576667    
-0.2425 -0.536667    
-0.2475 -0.476667    
-0.2525 -0.433333    
-0.25 -0.333333    
-0.25 -0.266667    
-0.2475 -0.14    
-0.245 -0.0766667    
-0.2525 0.06    
-0.25 0.0933333    
-0.2425 0.233333    
-0.2375 0.273333    
-0.225 0.343333    
-0.215 0.38    
-0.2075 0.406667    
-0.1975 0.416667    
-0.19 0.416667    
-0.1825 0.406667    
-0.1725 0.383333    
-0.155 0.34    
-0.1425 0.29    
-0.125 0.226667    
-0.1175 0.153333    
-0.125 0.0866667    
-0.155 -0.00333333    
-0.165 -0.02    
-0.2 -0.0633333    
-0.2325 -0.0733333    
-0.2825 -0.04    
-0.315 -0.0233333    
-0.345 -0.01    
-0.385 0.00333333    
-0.4125 0.0133333    
-0.445 0.0533333    
-0.455 0.09    
-0.4575 0.1    
-0.4525 0.103333    
-0.4425 0.106667    
-0.415 0.103333    
-0.375 0.12    
-0.3325 0.143333    
-0.29 0.163333    
-0.265 0.176667    
-0.245 0.183333    
-0.2325 0.19    
-0.2325 0.19    
-0.24 0.19    
-0.2525 0.186667    
