86
-0.07 0.363333    
-0.07 0.376667    
-0.065 0.39    
-0.06 0.41    
-0.0525 0.43    
-0.0475 0.44    
-0.0475 0.443333    
-0.045 0.44    
-0.045 0.426667    
-0.0475 0.396667    
-0.0475 0.396667    
-0.0625 0.316667    
-0.075 0.2    
-0.0825 0.12    
-0.095 -0.07    
-0.1025 -0.226667    
-0.1025 -0.433333    
-0.1 -0.57    
-0.09 -0.756667    
-0.0825 -0.863333    
-0.0775 -0.9    
-0.075 -0.946667    
-0.0775 -0.956667    
-0.0875 -0.926667    
-0.1025 -0.87    
-0.1225 -0.78    
-0.1525 -0.566667    
-0.1625 -0.423333    
-0.1675 -0.28    
-0.1675 -0.09    
-0.16 0.0366667    
-0.1475 0.163333    
-0.1325 0.273333    
-0.12 0.346667    
-0.11 0.383333    
-0.1 0.416667    
-0.0875 0.45    
-0.0775 0.476667    
-0.075 0.49    
-0.07 0.51    
-0.065 0.52    
-0.0575 0.536667    
-0.04 0.546667    
-0.0175 0.546667    
0.0225 0.55    
0.035 0.55    
0.1 0.543333    
0.1675 0.533333    
0.2 0.526667    
0.26 0.503333    
0.2875 0.48    
0.315 0.41    
0.3175 0.37    
0.3075 0.263333    
0.265 0.116667    
0.225 0.0366667    
0.175 -0.0233333    
0.1075 -0.0833333    
0.0375 -0.12    
-0.0125 -0.143333    
-0.0575 -0.16    
-0.1125 -0.18    
-0.1325 -0.186667    
-0.145 -0.186667    
-0.15 -0.186667    
-0.15 -0.186667    
-0.1475 -0.183333    
-0.1425 -0.18    
-0.135 -0.18    
-0.13 -0.18    
-0.125 -0.18    
-0.1175 -0.18    
-0.1125 -0.176667    
-0.105 -0.176667    
-0.1025 -0.173333    
-0.1 -0.17    
-0.0975 -0.166667    
-0.095 -0.163333    
-0.09 -0.156667    
-0.08 -0.146667    
-0.075 -0.143333    
-0.0725 -0.14    
-0.0675 -0.133333    
-0.0625 -0.126667    
-0.0575 -0.123333    
-0.0575 -0.12    
