50
-0.1975 0.24    
-0.1975 0.243333    
-0.195 0.25    
-0.1875 0.263333    
-0.1825 0.27    
-0.165 0.293333    
-0.15 0.31    
-0.1275 0.333333    
-0.085 0.356667    
-0.0575 0.36    
0.0175 0.343333    
0.0975 0.32    
0.225 0.283333    
0.3475 0.246667    
0.445 0.25    
0.4975 0.296667    
0.495 0.356667    
0.4425 0.466667    
0.3825 0.563333    
0.3125 0.653333    
0.225 0.746667    
0.145 0.776667    
0.11 0.73    
0.0825 0.626667    
0.0625 0.483333    
0.05 0.196667    
0.0525 0.0233333    
0.06 -0.13    
0.0675 -0.26    
0.08 -0.426667    
0.085 -0.5    
0.0925 -0.56    
0.105 -0.616667    
0.12 -0.653333    
0.14 -0.666667    
0.1775 -0.656667    
0.22 -0.63    
0.29 -0.563333    
0.37 -0.456667    
0.3875 -0.426667    
0.445 -0.286667    
0.4675 -0.126667    
0.45 -0.05    
0.4025 0.00666667    
0.355 0.02    
0.2975 0.0133333    
0.27 -0.00333333    
0.23 -0.04    
0.1975 -0.08    
0.18 -0.11    
