58
-0.2025 0.0133333    
-0.1975 -0.153333    
-0.1925 -0.26    
-0.18 -0.466667    
-0.17 -0.59    
-0.155 -0.72    
-0.14 -0.776667    
-0.1275 -0.83    
-0.1175 -0.85    
-0.11 -0.856667    
-0.1075 -0.836667    
-0.105 -0.813333    
-0.1025 -0.776667    
-0.1 -0.746667    
-0.0975 -0.713333    
-0.1025 -0.646667    
-0.115 -0.556667    
-0.1275 -0.47    
-0.145 -0.376667    
-0.1675 -0.25    
-0.1825 -0.16    
-0.1975 -0.05    
-0.2075 0.0433333    
-0.2075 0.123333    
-0.205 0.176667    
-0.1975 0.236667    
-0.185 0.28    
-0.17 0.313333    
-0.1375 0.363333    
-0.1125 0.386667    
-0.0825 0.406667    
-0.045 0.423333    
-0.0075 0.433333    
0.02 0.436667    
0.055 0.433333    
0.075 0.42    
0.105 0.386667    
0.1125 0.363333    
0.1175 0.316667    
0.1175 0.26    
0.1075 0.196667    
0.0875 0.113333    
0.055 0.0333333    
0.0175 -0.0333333    
-0.01 -0.0766667    
-0.0375 -0.113333    
-0.0775 -0.15    
-0.1125 -0.173333    
-0.1375 -0.183333    
-0.1625 -0.193333    
-0.18 -0.2    
-0.19 -0.203333    
-0.195 -0.21    
-0.2 -0.216667    
-0.205 -0.223333    
-0.205 -0.226667    
-0.205 -0.23    
-0.2025 -0.233333    
