82
-0.11 0.176667    
-0.1075 0.18    
-0.0975 0.173333    
-0.09 0.16    
-0.0775 0.113333    
-0.07 0.01    
-0.07 -0.04    
-0.0775 -0.153333    
-0.085 -0.236667    
-0.0925 -0.326667    
-0.0975 -0.38    
-0.105 -0.436667    
-0.115 -0.486667    
-0.1175 -0.503333    
-0.125 -0.533333    
-0.1275 -0.55    
-0.1275 -0.56    
-0.1275 -0.563333    
-0.1275 -0.566667    
-0.125 -0.566667    
-0.125 -0.563333    
-0.125 -0.546667    
-0.1225 -0.51    
-0.115 -0.44    
-0.1075 -0.346667    
-0.095 -0.266667    
-0.0725 -0.143333    
-0.06 -0.0733333    
-0.0475 -0.0133333    
-0.035 0.0566667    
-0.025 0.1    
-0.0175 0.14    
-0.0075 0.176667    
-0.0025 0.193333    
0.0025 0.203333    
0.0125 0.213333    
0.02 0.216667    
0.03 0.216667    
0.0375 0.216667    
0.0575 0.206667    
0.08 0.196667    
0.0925 0.193333    
0.1175 0.183333    
0.1375 0.176667    
0.16 0.166667    
0.1775 0.16    
0.1925 0.146667    
0.1975 0.136667    
0.2025 0.11    
0.1975 0.09    
0.1925 0.0666667    
0.175 0.0166667    
0.1525 -0.0233333    
0.135 -0.0533333    
0.11 -0.0933333    
0.1025 -0.1    
0.0775 -0.136667    
0.05 -0.173333    
0.03 -0.193333    
0.0075 -0.206667    
-0.0225 -0.22    
-0.0375 -0.22    
-0.0475 -0.22    
-0.055 -0.22    
-0.0625 -0.223333    
-0.065 -0.223333    
-0.0675 -0.226667    
-0.07 -0.226667    
-0.0725 -0.23    
-0.0725 -0.233333    
-0.0725 -0.236667    
-0.0725 -0.24    
-0.0725 -0.246667    
-0.07 -0.256667    
-0.0675 -0.266667    
-0.0625 -0.276667    
-0.055 -0.29    
-0.0425 -0.313333    
-0.035 -0.326667    
-0.025 -0.343333    
-0.015 -0.36    
-0.01 -0.373333    
