75
-0.1425 0.26    
-0.14 0.256667    
-0.14 0.256667    
-0.14 0.253333    
-0.1375 0.253333    
-0.135 0.246667    
-0.1325 0.24    
-0.13 0.23    
-0.1225 0.19    
-0.1225 0.17    
-0.1275 0.113333    
-0.1325 0.0666667    
-0.15 -0.02    
-0.155 -0.0566667    
-0.1675 -0.12    
-0.18 -0.186667    
-0.1825 -0.21    
-0.19 -0.243333    
-0.1925 -0.26    
-0.1925 -0.276667    
-0.19 -0.286667    
-0.19 -0.286667    
-0.19 -0.273333    
-0.19 -0.263333    
-0.1925 -0.233333    
-0.1925 -0.203333    
-0.19 -0.16    
-0.1875 -0.133333    
-0.1825 -0.113333    
-0.1775 -0.09    
-0.175 -0.0666667    
-0.1725 -0.05    
-0.17 -0.03    
-0.165 -0.00333333    
-0.1625 0.03    
-0.1575 0.06    
-0.1525 0.0933333    
-0.1475 0.126667    
-0.1425 0.15    
-0.135 0.18    
-0.1225 0.22    
-0.115 0.236667    
-0.1025 0.266667    
-0.075 0.313333    
-0.055 0.333333    
-0.0175 0.363333    
0 0.37    
0.0275 0.38    
0.065 0.39    
0.1025 0.393333    
0.1325 0.393333    
0.1725 0.39    
0.2 0.38    
0.23 0.36    
0.245 0.336667    
0.25 0.316667    
0.245 0.263333    
0.23 0.22    
0.1975 0.146667    
0.1625 0.0833333    
0.135 0.0466667    
0.0975 0.00333333    
0.07 -0.0166667    
0.0275 -0.03    
-0.0275 -0.0233333    
-0.0475 -0.0133333    
-0.085 0.00666667    
-0.1125 0.03    
-0.1275 0.0433333    
-0.145 0.06    
-0.1475 0.0666667    
-0.15 0.0766667    
-0.1475 0.0866667    
-0.1425 0.0866667    
-0.135 0.0866667    
