59
-0.1375 0.33    
-0.14 0.34    
-0.145 0.346667    
-0.1475 0.353333    
-0.1525 0.363333    
-0.1575 0.36    
-0.16 0.353333    
-0.165 0.343333    
-0.17 0.326667    
-0.17 0.296667    
-0.17 0.236667    
-0.17 0.186667    
-0.1675 0.12    
-0.1675 0.04    
-0.1675 -0.09    
-0.1725 -0.246667    
-0.1775 -0.37    
-0.185 -0.53    
-0.1875 -0.63    
-0.195 -0.713333    
-0.205 -0.776667    
-0.2125 -0.813333    
-0.225 -0.823333    
-0.2375 -0.793333    
-0.245 -0.743333    
-0.2575 -0.646667    
-0.265 -0.526667    
-0.2675 -0.426667    
-0.265 -0.32    
-0.255 -0.146667    
-0.245 -0.0466667    
-0.235 0.04    
-0.215 0.143333    
-0.1975 0.213333    
-0.17 0.29    
-0.14 0.35    
-0.115 0.386667    
-0.08 0.416667    
-0.0525 0.433333    
-0.0075 0.443333    
0.0175 0.44    
0.04 0.43    
0.0625 0.41    
0.08 0.386667    
0.09 0.35    
0.09 0.32    
0.0825 0.283333    
0.065 0.233333    
0.0425 0.196667    
0.0075 0.15    
-0.0375 0.11    
-0.0725 0.0866667    
-0.135 0.0533333    
-0.1675 0.0366667    
-0.185 0.0266667    
-0.21 0.0166667    
-0.225 0.01    
-0.2375 0.00333333    
-0.245 0    
