71
0.085 0.45    
0.085 0.453333    
0.0825 0.456667    
0.0775 0.466667    
0.075 0.473333    
0.07 0.48    
0.0625 0.486667    
0.06 0.49    
0.0575 0.493333    
0.0525 0.5    
0.0475 0.5    
0.045 0.503333    
0.035 0.51    
0.0125 0.513333    
-0.005 0.516667    
-0.0275 0.513333    
-0.055 0.51    
-0.0825 0.503333    
-0.1375 0.47    
-0.16 0.446667    
-0.185 0.376667    
-0.185 0.333333    
-0.18 0.283333    
-0.155 0.186667    
-0.1125 0.1    
-0.105 0.0833333    
-0.055 0.0533333    
-0.0225 0.0466667    
0.035 0.07    
0.06 0.1    
0.08 0.133333    
0.1075 0.21    
0.1125 0.25    
0.115 0.286667    
0.1175 0.34    
0.1175 0.36    
0.115 0.373333    
0.115 0.373333    
0.11 0.346667    
0.1 0.26    
0.095 0.193333    
0.08 0.02    
0.075 -0.08    
0.07 -0.16    
0.06 -0.316667    
0.055 -0.386667    
0.045 -0.493333    
0.0425 -0.533333    
0.0375 -0.563333    
0.035 -0.583333    
0.0325 -0.61    
0.035 -0.616667    
0.035 -0.613333    
0.0375 -0.606667    
0.045 -0.573333    
0.05 -0.546667    
0.06 -0.516667    
0.07 -0.48    
0.1 -0.406667    
0.1275 -0.34    
0.1275 -0.34    
0.15 -0.293333    
0.1575 -0.283333    
0.165 -0.27    
0.165 -0.27    
0.165 -0.27    
0.1625 -0.273333    
0.16 -0.273333    
0.1575 -0.276667    
0.1575 -0.276667    
0.155 -0.276667    
