45
-0.0375 0.383333    
-0.04 0.38    
-0.04 0.376667    
-0.0375 0.376667    
-0.0375 0.376667    
-0.0375 0.38    
-0.05 0.373333    
-0.0775 0.363333    
-0.12 0.35    
-0.175 0.34    
-0.2775 0.333333    
-0.33 0.326667    
-0.375 0.303333    
-0.4075 0.266667    
-0.4325 0.18    
-0.43 0.07    
-0.4025 -0.00333333    
-0.3425 -0.0733333    
-0.2825 -0.106667    
-0.2175 -0.113333    
-0.16 -0.1    
-0.0875 -0.0533333    
-0.04 0.00333333    
0.005 0.116667    
0.025 0.21    
0.03 0.336667    
0.02 0.443333    
0.0075 0.493333    
-0.01 0.526667    
-0.035 0.536667    
-0.055 0.52    
-0.07 0.476667    
-0.0825 0.356667    
-0.0825 0.316667    
-0.085 0.19    
-0.085 0.0333333    
-0.085 -0.246667    
-0.0825 -0.42    
-0.075 -0.563333    
-0.0625 -0.68    
-0.045 -0.796667    
-0.035 -0.86    
-0.0225 -0.916667    
-0.0175 -0.95    
-0.0125 -0.973333    
