76
0.0125 0.15    
0.01 0.16    
0.01 0.17    
0.0075 0.183333    
0.01 0.196667    
0.015 0.21    
0.0225 0.22    
0.03 0.226667    
0.035 0.236667    
0.0375 0.24    
0.0325 0.24    
0.02 0.24    
-0.01 0.24    
-0.055 0.24    
-0.085 0.236667    
-0.1125 0.226667    
-0.1475 0.206667    
-0.175 0.186667    
-0.215 0.143333    
-0.2275 0.12    
-0.2575 0.06    
-0.2675 0.0166667    
-0.2775 -0.0233333    
-0.2775 -0.0766667    
-0.27 -0.123333    
-0.26 -0.153333    
-0.2375 -0.19    
-0.215 -0.21    
-0.1725 -0.226667    
-0.145 -0.226667    
-0.12 -0.216667    
-0.08 -0.173333    
-0.0625 -0.136667    
-0.045 -0.0966667    
-0.0325 -0.0466667    
-0.015 0.0366667    
-0.005 0.09    
0.0075 0.14    
0.0225 0.21    
0.0275 0.233333    
0.0375 0.266667    
0.045 0.283333    
0.0475 0.28    
0.0475 0.27    
0.045 0.253333    
0.04 0.196667    
0.035 0.143333    
0.025 0.0566667    
0.02 -0.0166667    
0.0225 -0.09    
0.03 -0.21    
0.0425 -0.286667    
0.06 -0.356667    
0.0825 -0.446667    
0.11 -0.536667    
0.14 -0.62    
0.1625 -0.676667    
0.19 -0.73    
0.225 -0.78    
0.2575 -0.81    
0.28 -0.82    
0.3025 -0.82    
0.3175 -0.81    
0.3375 -0.776667    
0.3425 -0.746667    
0.345 -0.696667    
0.345 -0.65    
0.345 -0.583333    
0.3425 -0.523333    
0.3425 -0.44    
0.3425 -0.376667    
0.3425 -0.293333    
0.345 -0.236667    
0.3475 -0.176667    
0.3475 -0.13    
0.3475 -0.103333    
