86
0.045 0.296667    
0.045 0.31    
0.045 0.316667    
0.0475 0.316667    
0.0525 0.323333    
0.0575 0.33    
0.0575 0.34    
0.06 0.35    
0.0575 0.366667    
0.055 0.38    
0.0425 0.403333    
0.02 0.44    
0.0025 0.463333    
-0.0125 0.483333    
-0.035 0.5    
-0.0525 0.51    
-0.0725 0.513333    
-0.095 0.513333    
-0.1125 0.51    
-0.1325 0.5    
-0.15 0.486667    
-0.16 0.473333    
-0.1675 0.456667    
-0.1725 0.43    
-0.175 0.403333    
-0.175 0.37    
-0.175 0.336667    
-0.175 0.303333    
-0.17 0.256667    
-0.1575 0.21    
-0.1475 0.173333    
-0.1275 0.123333    
-0.105 0.08    
-0.0875 0.0533333    
-0.065 0.0366667    
-0.0425 0.0333333    
-0.025 0.0433333    
-0.005 0.0633333    
0.015 0.0966667    
0.025 0.123333    
0.0375 0.163333    
0.0425 0.19    
0.045 0.213333    
0.0475 0.236667    
0.05 0.253333    
0.0525 0.263333    
0.0575 0.27    
0.06 0.276667    
0.065 0.283333    
0.07 0.29    
0.07 0.293333    
0.07 0.29    
0.065 0.276667    
0.0575 0.253333    
0.0525 0.23    
0.05 0.203333    
0.045 0.17    
0.0425 0.136667    
0.04 0.11    
0.04 0.08    
0.0375 0.0433333    
0.0375 0.00333333    
0.04 -0.0466667    
0.0425 -0.0866667    
0.045 -0.14    
0.045 -0.19    
0.045 -0.23    
0.04 -0.28    
0.04 -0.323333    
0.0375 -0.35    
0.0425 -0.373333    
0.045 -0.39    
0.05 -0.403333    
0.0575 -0.42    
0.0625 -0.43    
0.0675 -0.433333    
0.0725 -0.433333    
0.0775 -0.433333    
0.085 -0.426667    
0.0925 -0.413333    
0.1 -0.403333    
0.1125 -0.38    
0.1275 -0.346667    
0.1425 -0.296667    
0.155 -0.253333    
0.1675 -0.193333    
