30
0.025 0.303333    
0.03 0.313333    
0.035 0.326667    
0.0375 0.34    
0.04 0.363333    
0.0325 0.38    
0.005 0.39    
-0.0525 0.363333    
-0.1075 0.31    
-0.16 0.236667    
-0.2025 0.133333    
-0.1925 0.0533333    
-0.1275 0.0366667    
-0.055 0.0633333    
0.0425 0.14    
0.1025 0.213333    
0.13 0.256667    
0.1525 0.33    
0.145 0.35    
0.1125 0.32    
0.08 0.256667    
0.0425 0.116667    
0.02 -0.0166667    
0.0125 -0.16    
0.0175 -0.346667    
0.0375 -0.496667    
0.0625 -0.573333    
0.1025 -0.62    
0.145 -0.6    
0.1825 -0.533333    
