93
0.005 0.523333    
0.0075 0.526667    
0.01 0.53    
0.0125 0.53    
0.0125 0.53    
0.01 0.53    
0.01 0.53    
0.0075 0.53    
0.0075 0.53    
0.005 0.53    
0.005 0.53    
0 0.523333    
-0.0075 0.52    
-0.0125 0.516667    
-0.035 0.51    
-0.05 0.51    
-0.0675 0.506667    
-0.11 0.5    
-0.135 0.493333    
-0.185 0.48    
-0.2075 0.47    
-0.24 0.45    
-0.24 0.45    
-0.2625 0.42    
-0.2725 0.38    
-0.275 0.356667    
-0.2775 0.333333    
-0.2775 0.31    
-0.2725 0.256667    
-0.2675 0.23    
-0.2525 0.19    
-0.2425 0.176667    
-0.2325 0.166667    
-0.22 0.163333    
-0.185 0.173333    
-0.1725 0.186667    
-0.1575 0.196667    
-0.145 0.21    
-0.13 0.223333    
-0.1025 0.246667    
-0.09 0.256667    
-0.0775 0.276667    
-0.0725 0.29    
-0.07 0.303333    
-0.0625 0.333333    
-0.0575 0.35    
-0.055 0.37    
-0.0525 0.403333    
-0.0525 0.42    
-0.0525 0.443333    
-0.0525 0.45    
-0.0525 0.456667    
-0.0525 0.466667    
-0.05 0.47    
-0.05 0.47    
-0.0475 0.47    
-0.045 0.473333    
-0.04 0.473333    
-0.0375 0.476667    
-0.0425 0.476667    
-0.045 0.473333    
-0.05 0.463333    
-0.0625 0.416667    
-0.065 0.376667    
-0.07 0.333333    
-0.08 0.22    
-0.085 0.16    
-0.0875 0.05    
-0.085 0.00333333    
-0.0825 -0.04    
-0.0775 -0.08    
-0.065 -0.15    
-0.0575 -0.18    
-0.05 -0.21    
-0.035 -0.253333    
-0.03 -0.266667    
-0.0175 -0.283333    
-0.0075 -0.29    
-0.0075 -0.29    
0.0025 -0.283333    
0.005 -0.276667    
0.01 -0.28    
0.0175 -0.276667    
0.025 -0.27    
0.03 -0.26    
0.0325 -0.243333    
0.035 -0.223333    
0.0425 -0.18    
0.045 -0.153333    
0.0575 -0.113333    
0.0625 -0.1    
0.07 -0.09    
0.0825 -0.0866667    
