53
-0.13 0.133333    
-0.1275 0.15    
-0.1275 0.163333    
-0.1175 0.21    
-0.1125 0.25    
-0.105 0.293333    
-0.1 0.34    
-0.0975 0.423333    
-0.105 0.45    
-0.1425 0.453333    
-0.1725 0.42    
-0.2075 0.36    
-0.275 0.2    
-0.2975 0.12    
-0.31 0    
-0.2975 -0.04    
-0.275 -0.0566667    
-0.195 -0.0233333    
-0.15 0.03    
-0.075 0.16    
-0.055 0.213333    
-0.0475 0.256667    
-0.0425 0.286667    
-0.045 0.31    
-0.06 0.286667    
-0.07 0.253333    
-0.08 0.203333    
-0.09 0.133333    
-0.0975 -0.04    
-0.08 -0.236667    
-0.0625 -0.33    
-0.04 -0.413333    
0.0225 -0.51    
0.065 -0.513333    
0.11 -0.483333    
0.1525 -0.43    
0.2275 -0.303333    
0.25 -0.246667    
0.2775 -0.17    
0.2825 -0.143333    
0.2875 -0.123333    
0.2875 -0.0966667    
0.285 -0.0866667    
0.285 -0.08    
0.2825 -0.07    
0.2825 -0.0666667    
0.2825 -0.0633333    
0.2825 -0.0566667    
0.28 -0.0566667    
0.28 -0.0566667    
0.28 -0.0566667    
0.2775 -0.06    
0.275 -0.0633333    
