39
0.0175 0.02    
0.0225 0.03    
0.025 0.04    
0.035 0.0666667    
0.0425 0.0833333    
0.0475 0.106667    
0.06 0.18    
0.0475 0.283333    
0.03 0.336667    
0.0025 0.383333    
-0.0725 0.433333    
-0.115 0.426667    
-0.15 0.396667    
-0.195 0.293333    
-0.1975 0.226667    
-0.1875 0.163333    
-0.1675 0.113333    
-0.11 0.0566667    
-0.0375 0.0533333    
-0.0025 0.07    
0.0325 0.0933333    
0.06 0.116667    
0.095 0.166667    
0.1 0.18    
0.1 0.19    
0.085 0.173333    
0.0675 0.14    
0.025 0.0266667    
0.005 -0.0466667    
-0.0075 -0.116667    
-0.015 -0.23    
-0.01 -0.266667    
0.015 -0.3    
0.035 -0.303333    
0.0825 -0.276667    
0.1075 -0.253333    
0.1325 -0.223333    
0.17 -0.16    
0.18 -0.136667    
