87
0.1275 0.406667    
0.1275 0.406667    
0.1225 0.426667    
0.1175 0.43    
0.11 0.426667    
0.0875 0.416667    
0.0675 0.413333    
0.0425 0.413333    
-0.0375 0.4    
-0.0925 0.386667    
-0.1575 0.37    
-0.3 0.31    
-0.3675 0.276667    
-0.4675 0.166667    
-0.5025 0.0966667    
-0.525 0.0233333    
-0.535 -0.06    
-0.525 -0.216667    
-0.505 -0.28    
-0.44 -0.383333    
-0.4025 -0.416667    
-0.36 -0.433333    
-0.27 -0.43    
-0.2225 -0.406667    
-0.1375 -0.326667    
-0.105 -0.273333    
-0.0525 -0.153333    
-0.03 -0.0966667    
-0.0125 -0.0466667    
0.0075 0    
0.04 0.1    
0.055 0.143333    
0.0675 0.183333    
0.0825 0.24    
0.0875 0.26    
0.0925 0.276667    
0.105 0.3    
0.11 0.293333    
0.1075 0.266667    
0.105 0.213333    
0.1025 0.136667    
0.1 -0.0533333    
0.0975 -0.156667    
0.095 -0.25    
0.09 -0.43    
0.0875 -0.513333    
0.085 -0.66    
0.0875 -0.73    
0.095 -0.853333    
0.1 -0.913333    
0.23 -0.966667    
0.295 -0.816667    
0.295 -0.816667    
0.365 -0.646667    
0.4275 -0.48    
0.45 -0.413333    
0.4675 -0.356667    
0.485 -0.283333    
0.485 -0.266667    
0.4825 -0.253333    
0.475 -0.243333    
0.46 -0.24    
0.45 -0.24    
0.4375 -0.253333    
0.43 -0.26    
0.4225 -0.276667    
0.4175 -0.286667    
0.4125 -0.293333    
0.4075 -0.296667    
0.4025 -0.303333    
0.4 -0.303333    
0.3975 -0.306667    
0.3975 -0.306667    
0.3975 -0.31    
0.395 -0.31    
0.395 -0.313333    
0.3925 -0.313333    
0.39 -0.316667    
0.3875 -0.316667    
0.385 -0.32    
0.3825 -0.32    
0.3825 -0.32    
0.3825 -0.323333    
0.3825 -0.326667    
0.3825 -0.33    
0.38 -0.333333    
0.38 -0.333333    
