53
0.095 0.473333    
0.09 0.486667    
0.075 0.506667    
0.05 0.523333    
-0.0125 0.556667    
-0.0475 0.56    
-0.0825 0.553333    
-0.1525 0.51    
-0.1825 0.463333    
-0.2225 0.34    
-0.225 0.266667    
-0.2175 0.196667    
-0.1675 0.0866667    
-0.135 0.06    
-0.0575 0.0533333    
-0.0225 0.0733333    
0.0075 0.116667    
0.03 0.166667    
0.0525 0.28    
0.055 0.37    
0.0525 0.396667    
0.05 0.413333    
0.0475 0.42    
0.0475 0.403333    
0.0475 0.363333    
0.055 0.3    
0.0775 0.116667    
0.0925 0.01    
0.1075 -0.0933333    
0.1325 -0.273333    
0.15 -0.42    
0.16 -0.476667    
0.1675 -0.52    
0.1775 -0.553333    
0.1875 -0.59    
0.195 -0.596667    
0.195 -0.596667    
0.2075 -0.573333    
0.2175 -0.553333    
0.2375 -0.49    
0.2475 -0.456667    
0.2625 -0.393333    
0.265 -0.37    
0.265 -0.35    
0.265 -0.32    
0.265 -0.306667    
0.265 -0.3    
0.2625 -0.29    
0.2625 -0.29    
0.26 -0.286667    
0.26 -0.283333    
0.26 -0.283333    
0.26 -0.273333    
