103
-0.0275 0.3    
-0.0275 0.303333    
-0.025 0.313333    
-0.02 0.323333    
-0.0175 0.33    
-0.0125 0.34    
-0.01 0.35    
-0.0025 0.383333    
-0.0025 0.4    
-0.005 0.42    
-0.0175 0.46    
-0.0375 0.486667    
-0.055 0.5    
-0.0725 0.51    
-0.0875 0.516667    
-0.1025 0.52    
-0.13 0.52    
-0.155 0.51    
-0.165 0.5    
-0.175 0.49    
-0.195 0.47    
-0.2025 0.456667    
-0.2125 0.44    
-0.22 0.423333    
-0.2325 0.38    
-0.2375 0.356667    
-0.2425 0.303333    
-0.245 0.276667    
-0.2475 0.25    
-0.245 0.196667    
-0.24 0.15    
-0.2325 0.126667    
-0.2225 0.106667    
-0.2125 0.0933333    
-0.185 0.0733333    
-0.17 0.07    
-0.14 0.0766667    
-0.125 0.09    
-0.11 0.1    
-0.085 0.126667    
-0.075 0.14    
-0.0625 0.17    
-0.0625 0.17    
-0.05 0.203333    
-0.04 0.233333    
-0.0375 0.246667    
-0.0325 0.26    
-0.03 0.273333    
-0.025 0.29    
-0.025 0.296667    
-0.025 0.296667    
-0.0225 0.3    
-0.0225 0.3    
-0.025 0.286667    
-0.0275 0.27    
-0.035 0.223333    
-0.04 0.193333    
-0.04 0.156667    
-0.0425 0.12    
-0.045 0.0466667    
-0.045 0.01    
-0.045 -0.0633333    
-0.045 -0.1    
-0.045 -0.133333    
-0.0425 -0.203333    
-0.0425 -0.24    
-0.0425 -0.28    
-0.0375 -0.36    
-0.035 -0.396667    
-0.03 -0.473333    
-0.025 -0.51    
-0.0225 -0.54    
-0.0175 -0.583333    
-0.0175 -0.596667    
-0.015 -0.606667    
-0.01 -0.606667    
0 -0.593333    
0 -0.593333    
0.015 -0.563333    
0.035 -0.523333    
0.045 -0.496667    
0.055 -0.47    
0.065 -0.44    
0.0925 -0.373333    
0.105 -0.34    
0.1175 -0.31    
0.145 -0.246667    
0.165 -0.2    
0.1725 -0.183333    
0.18 -0.163333    
0.1825 -0.156667    
0.1825 -0.153333    
0.185 -0.15    
0.185 -0.15    
0.185 -0.143333    
0.185 -0.143333    
0.1875 -0.14    
0.185 -0.14    
0.185 -0.14    
0.1825 -0.14    
0.18 -0.14    
0.1775 -0.143333    
0.17 -0.153333    
