39
-0.085 0.0566667    
-0.0625 0.166667    
-0.0575 0.193333    
-0.0575 0.216667    
-0.0775 0.243333    
-0.0975 0.246667    
-0.1275 0.236667    
-0.2 0.173333    
-0.2325 0.12    
-0.26 0.06    
-0.2875 -0.0666667    
-0.2875 -0.12    
-0.2675 -0.183333    
-0.2475 -0.2    
-0.2225 -0.203333    
-0.1575 -0.176667    
-0.1275 -0.136667    
-0.1025 -0.09    
-0.075 0.0133333    
-0.07 0.0566667    
-0.065 0.136667    
-0.0625 0.176667    
-0.06 0.243333    
-0.0575 0.263333    
-0.0525 0.28    
-0.0525 0.266667    
-0.055 0.24    
-0.0575 0.193333    
-0.0675 0.0333333    
-0.0725 -0.0766667    
-0.075 -0.196667    
-0.0725 -0.443333    
-0.07 -0.563333    
-0.065 -0.753333    
-0.065 -0.82    
-0.065 -0.87    
-0.0625 -0.906667    
-0.0625 -0.95    
-0.0625 -0.963333    
