61
-0.175 0.55    
-0.175 0.55    
-0.175 0.55    
-0.1775 0.56    
-0.1825 0.57    
-0.1875 0.576667    
-0.195 0.59    
-0.2 0.6    
-0.21 0.606667    
-0.22 0.616667    
-0.2225 0.62    
-0.24 0.62    
-0.26 0.61    
-0.275 0.596667    
-0.2975 0.566667    
-0.32 0.52    
-0.335 0.47    
-0.345 0.433333    
-0.3525 0.396667    
-0.3575 0.346667    
-0.355 0.316667    
-0.345 0.286667    
-0.3375 0.273333    
-0.32 0.256667    
-0.29 0.266667    
-0.2775 0.276667    
-0.2575 0.3    
-0.2475 0.32    
-0.2375 0.356667    
-0.23 0.396667    
-0.2275 0.43    
-0.22 0.476667    
-0.2175 0.513333    
-0.2175 0.536667    
-0.215 0.553333    
-0.215 0.566667    
-0.2125 0.566667    
-0.21 0.563333    
-0.2025 0.55    
-0.195 0.533333    
-0.19 0.5    
-0.1875 0.453333    
-0.19 0.403333    
-0.1975 0.33    
-0.2025 0.246667    
-0.205 0.216667    
-0.22 0.126667    
-0.235 0.0266667    
-0.2575 -0.146667    
-0.2725 -0.27    
-0.2775 -0.316667    
-0.28 -0.383333    
-0.2775 -0.413333    
-0.275 -0.436667    
-0.27 -0.44    
-0.2675 -0.433333    
-0.2675 -0.42    
-0.265 -0.403333    
-0.2675 -0.38    
-0.2675 -0.346667    
-0.27 -0.33    
