78
0.07 0.283333    
0.0675 0.273333    
0.0625 0.256667    
0.06 0.253333    
0.055 0.246667    
0.0525 0.246667    
0.0525 0.246667    
0.055 0.246667    
0.06 0.246667    
0.07 0.243333    
0.075 0.24    
0.08 0.243333    
0.085 0.27    
0.0875 0.3    
0.09 0.343333    
0.09 0.396667    
0.08 0.513333    
0.0725 0.57    
0.065 0.606667    
0.0425 0.666667    
0.005 0.716667    
-0.01 0.73    
-0.0425 0.733333    
-0.07 0.72    
-0.105 0.673333    
-0.1425 0.603333    
-0.1825 0.506667    
-0.1975 0.446667    
-0.2 0.406667    
-0.1925 0.303333    
-0.1725 0.23    
-0.15 0.176667    
-0.125 0.13    
-0.1025 0.1    
-0.075 0.0733333    
-0.05 0.0733333    
-0.0375 0.09    
-0.015 0.146667    
0 0.186667    
0.01 0.226667    
0.02 0.266667    
0.0275 0.306667    
0.0375 0.343333    
0.045 0.38    
0.055 0.416667    
0.0625 0.44    
0.0675 0.456667    
0.07 0.456667    
0.07 0.45    
0.07 0.433333    
0.07 0.4    
0.0675 0.366667    
0.07 0.3    
0.07 0.266667    
0.07 0.18    
0.07 0.106667    
0.07 0.0666667    
0.0725 -0.0233333    
0.075 -0.0933333    
0.08 -0.196667    
0.0875 -0.283333    
0.0975 -0.376667    
0.11 -0.496667    
0.115 -0.556667    
0.12 -0.626667    
0.125 -0.68    
0.1275 -0.77    
0.13 -0.803333    
0.1325 -0.833333    
0.135 -0.863333    
0.1375 -0.876667    
0.1425 -0.906667    
0.145 -0.93    
0.145 -0.943333    
0.1475 -0.96    
0.1475 -0.976667    
0.1475 -0.983333    
0.145 -0.993333    
