54
-0.185 0.393333    
-0.1875 0.39    
-0.1875 0.39    
-0.19 0.386667    
-0.19 0.383333    
-0.19 0.38    
-0.1925 0.376667    
-0.1925 0.37    
-0.1925 0.366667    
-0.1925 0.346667    
-0.19 0.236667    
-0.1875 0.186667    
-0.175 0.0733333    
-0.16 -0.01    
-0.1275 -0.0966667    
-0.0925 -0.146667    
-0.035 -0.203333    
0.01 -0.233333    
0.07 -0.256667    
0.12 -0.25    
0.145 -0.223333    
0.175 -0.103333    
0.185 -0.00333333    
0.19 0.113333    
0.2 0.256667    
0.215 0.463333    
0.225 0.553333    
0.2325 0.62    
0.235 0.646667    
0.2325 0.63    
0.2325 0.6    
0.23 0.53    
0.2325 0.476667    
0.2325 0.383333    
0.2375 0.276667    
0.24 0.123333    
0.2425 -0.01    
0.25 -0.12    
0.2525 -0.166667    
0.255 -0.203333    
0.255 -0.226667    
0.25 -0.246667    
0.235 -0.236667    
0.22 -0.206667    
0.2 -0.14    
0.185 -0.0766667    
0.1725 -0.0133333    
0.1625 0.0766667    
0.1575 0.113333    
0.1525 0.146667    
0.1525 0.156667    
0.1475 0.173333    
0.1425 0.19    
0.14 0.193333    
