74
-0.1 0.336667    
-0.105 0.363333    
-0.125 0.416667    
-0.14 0.443333    
-0.1725 0.473333    
-0.2 0.486667    
-0.24 0.496667    
-0.275 0.493333    
-0.325 0.48    
-0.3725 0.446667    
-0.405 0.41    
-0.4375 0.35    
-0.455 0.293333    
-0.47 0.206667    
-0.47 0.12    
-0.4625 0.06    
-0.4475 0.00666667    
-0.4075 -0.0566667    
-0.3725 -0.0833333    
-0.34 -0.103333    
-0.295 -0.11    
-0.2625 -0.103333    
-0.225 -0.07    
-0.2 -0.0366667    
-0.1625 0.03    
-0.145 0.07    
-0.13 0.106667    
-0.1175 0.153333    
-0.105 0.196667    
-0.0975 0.22    
-0.0925 0.25    
-0.09 0.27    
-0.0875 0.286667    
-0.0875 0.306667    
-0.09 0.323333    
-0.09 0.343333    
-0.0925 0.366667    
-0.095 0.373333    
-0.1 0.373333    
-0.105 0.366667    
-0.1075 0.356667    
-0.115 0.33    
-0.1225 0.27    
-0.1275 0.226667    
-0.13 0.176667    
-0.13 0.09    
-0.13 0.04    
-0.13 -0.01    
-0.1275 -0.0866667    
-0.1275 -0.143333    
-0.1275 -0.21    
-0.125 -0.283333    
-0.1225 -0.32    
-0.1175 -0.373333    
-0.1075 -0.42    
-0.095 -0.476667    
-0.0825 -0.516667    
-0.065 -0.576667    
-0.055 -0.603333    
-0.045 -0.63    
-0.0325 -0.653333    
-0.015 -0.673333    
0.0025 -0.683333    
0.015 -0.676667    
0.0325 -0.643333    
0.0475 -0.606667    
0.06 -0.56    
0.0825 -0.48    
0.0925 -0.43    
0.1075 -0.356667    
0.1225 -0.266667    
0.13 -0.21    
0.1425 -0.153333    
0.145 -0.136667    
