90
-0.105 -0.0366667    
-0.1025 -0.02    
-0.1 -0.00333333    
-0.1 0.01    
-0.0975 0.0233333    
-0.1025 0.04    
-0.1075 0.05    
-0.1175 0.0566667    
-0.135 0.06    
-0.1575 0.0566667    
-0.175 0.0466667    
-0.2 0.0133333    
-0.2275 -0.0366667    
-0.24 -0.07    
-0.255 -0.153333    
-0.2575 -0.213333    
-0.255 -0.286667    
-0.245 -0.326667    
-0.2275 -0.36    
-0.215 -0.366667    
-0.19 -0.37    
-0.1525 -0.356667    
-0.1275 -0.34    
-0.105 -0.316667    
-0.0675 -0.266667    
-0.0475 -0.233333    
-0.03 -0.2    
-0.0175 -0.166667    
-0.005 -0.126667    
0.005 -0.1    
0.0125 -0.0733333    
0.0175 -0.0533333    
0.02 -0.0366667    
0.0225 -0.0333333    
0.0225 -0.0233333    
0.0225 -0.0166667    
0.0225 -0.0133333    
0.02 -0.0133333    
0.015 -0.0233333    
0.01 -0.0366667    
0.005 -0.06    
0 -0.0866667    
-0.015 -0.15    
-0.02 -0.186667    
-0.025 -0.206667    
-0.035 -0.26    
-0.0425 -0.306667    
-0.045 -0.326667    
-0.045 -0.35    
-0.0475 -0.403333    
-0.045 -0.44    
-0.04 -0.473333    
-0.0375 -0.503333    
-0.0275 -0.55    
-0.0225 -0.566667    
-0.01 -0.606667    
0.005 -0.64    
0.015 -0.663333    
0.025 -0.683333    
0.04 -0.723333    
0.05 -0.746667    
0.055 -0.763333    
0.0675 -0.803333    
0.08 -0.833333    
0.085 -0.85    
0.095 -0.863333    
0.105 -0.873333    
0.1225 -0.88    
0.13 -0.88    
0.1375 -0.876667    
0.145 -0.873333    
0.1475 -0.873333    
0.155 -0.866667    
0.16 -0.856667    
0.1625 -0.846667    
0.1675 -0.823333    
0.1675 -0.79    
0.165 -0.756667    
0.1625 -0.706667    
0.1625 -0.673333    
0.17 -0.623333    
0.1775 -0.59    
0.1825 -0.576667    
0.19 -0.56    
0.1925 -0.553333    
0.1975 -0.543333    
0.2025 -0.543333    
0.21 -0.553333    
0.215 -0.566667    
0.22 -0.573333    
