60
-0.17 0.49    
-0.1675 0.486667    
-0.165 0.483333    
-0.165 0.48    
-0.17 0.48    
-0.1775 0.476667    
-0.1925 0.476667    
-0.205 0.476667    
-0.2175 0.476667    
-0.235 0.466667    
-0.2475 0.46    
-0.2675 0.443333    
-0.29 0.406667    
-0.305 0.37    
-0.3175 0.336667    
-0.33 0.29    
-0.3375 0.24    
-0.3425 0.22    
-0.3425 0.21    
-0.35 0.17    
-0.355 0.126667    
-0.355 0.113333    
-0.3475 0.08    
-0.34 0.07    
-0.32 0.0666667    
-0.3025 0.08    
-0.28 0.113333    
-0.2525 0.173333    
-0.2425 0.2    
-0.23 0.25    
-0.2225 0.29    
-0.2175 0.336667    
-0.2125 0.393333    
-0.21 0.413333    
-0.2075 0.453333    
-0.2075 0.49    
-0.2025 0.54    
-0.2025 0.566667    
-0.2 0.586667    
-0.195 0.593333    
-0.1925 0.586667    
-0.1875 0.556667    
-0.18 0.516667    
-0.1725 0.443333    
-0.165 0.38    
-0.15 0.25    
-0.145 0.203333    
-0.135 0.113333    
-0.13 0.04    
-0.13 -0.06    
-0.13 -0.146667    
-0.1275 -0.203333    
-0.1125 -0.283333    
-0.1075 -0.296667    
-0.09 -0.333333    
-0.0725 -0.366667    
-0.0525 -0.406667    
-0.04 -0.43    
-0.0275 -0.45    
-0.02 -0.453333    
