47
-0.015 0.293333    
-0.0225 0.3    
-0.03 0.306667    
-0.0475 0.313333    
-0.0725 0.32    
-0.1025 0.316667    
-0.1475 0.303333    
-0.195 0.28    
-0.235 0.243333    
-0.26 0.213333    
-0.28 0.163333    
-0.2875 0.126667    
-0.2875 0.08    
-0.2775 0.04    
-0.2625 0.02    
-0.24 0.01    
-0.2075 0.0233333    
-0.17 0.05    
-0.145 0.0766667    
-0.11 0.113333    
-0.08 0.153333    
-0.0575 0.183333    
-0.03 0.233333    
-0.0175 0.256667    
-0.01 0.276667    
-0.0075 0.286667    
-0.0025 0.296667    
-0.005 0.296667    
-0.01 0.273333    
-0.02 0.24    
-0.0325 0.19    
-0.0475 0.11    
-0.06 0.0133333    
-0.0675 -0.0866667    
-0.0725 -0.163333    
-0.075 -0.243333    
-0.0775 -0.343333    
-0.08 -0.413333    
-0.0775 -0.476667    
-0.075 -0.53    
-0.0725 -0.55    
-0.07 -0.56    
-0.0575 -0.563333    
-0.045 -0.553333    
-0.0125 -0.523333    
0.0075 -0.496667    
0.0275 -0.466667    
