48
-0.2125 0.236667    
-0.215 0.233333    
-0.2175 0.213333    
-0.2175 0.19    
-0.22 0.15    
-0.22 0.0966667    
-0.2225 -0.0566667    
-0.22 -0.15    
-0.22 -0.24    
-0.2175 -0.416667    
-0.215 -0.546667    
-0.215 -0.546667    
-0.2125 -0.63    
-0.21 -0.666667    
-0.21 -0.666667    
-0.2075 -0.656667    
-0.2075 -0.633333    
-0.2075 -0.556667    
-0.2075 -0.503333    
-0.205 -0.446667    
-0.195 -0.323333    
-0.185 -0.263333    
-0.1525 -0.15    
-0.1275 -0.0966667    
-0.1 -0.05    
-0.03 0.0266667    
0.01 0.0566667    
0.0925 0.0933333    
0.135 0.106667    
0.1725 0.113333    
0.24 0.116667    
0.27 0.11    
0.29 0.103333    
0.3175 0.0833333    
0.32 0.0733333    
0.32 0.0633333    
0.305 0.05    
0.2925 0.0433333    
0.2675 0.04    
0.2575 0.04    
0.2475 0.04    
0.235 0.0433333    
0.23 0.0433333    
0.225 0.0466667    
0.225 0.0466667    
0.225 0.05    
0.225 0.05    
0.225 0.05    
