37
-0.3475 0.486667    
-0.345 0.493333    
-0.3425 0.483333    
-0.3425 0.45    
-0.34 0.36    
-0.34 0.263333    
-0.3375 0.15    
-0.3325 -0.00333333    
-0.3275 -0.103333    
-0.3125 -0.226667    
-0.3025 -0.28    
-0.295 -0.316667    
-0.29 -0.34    
-0.2875 -0.343333    
-0.29 -0.336667    
-0.295 -0.316667    
-0.305 -0.263333    
-0.3125 -0.213333    
-0.32 -0.133333    
-0.325 -0.0633333    
-0.325 0.06    
-0.3175 0.133333    
-0.3025 0.2    
-0.29 0.243333    
-0.265 0.31    
-0.2275 0.363333    
-0.17 0.426667    
-0.1225 0.476667    
-0.055 0.52    
-0.0075 0.546667    
0.0325 0.56    
0.0675 0.566667    
0.0875 0.566667    
0.1 0.563333    
0.1025 0.553333    
0.1 0.543333    
0.0975 0.533333    
