45
0.03 0.383333    
0.025 0.386667    
0.0225 0.386667    
0.02 0.376667    
0.02 0.36    
0.0225 0.323333    
0.025 0.27    
0.0275 0.223333    
0.0275 0.146667    
0.025 0.0833333    
0.02 0.01    
0.01 -0.123333    
0.01 -0.203333    
0.01 -0.273333    
0.0125 -0.36    
0.0125 -0.423333    
0.01 -0.463333    
0.0025 -0.5    
0.0025 -0.506667    
-0.01 -0.523333    
-0.0175 -0.523333    
-0.025 -0.51    
-0.035 -0.463333    
-0.0375 -0.423333    
-0.0325 -0.363333    
-0.025 -0.313333    
-0.0125 -0.25    
0.0025 -0.203333    
0.0225 -0.136667    
0.035 -0.09    
0.05 -0.0266667    
0.065 0.0333333    
0.075 0.07    
0.095 0.113333    
0.12 0.146667    
0.14 0.163333    
0.1625 0.18    
0.195 0.196667    
0.2175 0.206667    
0.255 0.21    
0.2725 0.206667    
0.29 0.2    
0.3 0.193333    
0.3075 0.186667    
0.31 0.176667    
