30
0.0025 0.213333    
-0.0125 0.256667    
-0.015 0.276667    
-0.0075 0.316667    
0.0025 0.333333    
0.02 0.346667    
0.07 0.343333    
0.095 0.32    
0.1175 0.283333    
0.1425 0.183333    
0.1425 0.13    
0.1375 0.0766667    
0.1225 -0.00666667    
0.115 -0.0366667    
0.115 -0.0366667    
0.1075 -0.04    
0.1025 -0.03    
0.0975 0.0366667    
0.1025 0.09    
0.115 0.136667    
0.1625 0.233333    
0.195 0.266667    
0.2625 0.296667    
0.29 0.296667    
0.3375 0.28    
0.355 0.27    
0.37 0.263333    
0.39 0.246667    
0.3975 0.24    
0.405 0.236667    
