59
-0.08 0.303333    
-0.0825 0.303333    
-0.0825 0.3    
-0.0775 0.28    
-0.07 0.266667    
-0.0425 0.223333    
-0.0275 0.193333    
0.0075 0.12    
0.025 0.0733333    
0.04 0.01    
0.0525 -0.06    
0.0675 -0.23    
0.065 -0.323333    
0.0525 -0.42    
0.0175 -0.616667    
-0.02 -0.796667    
-0.02 -0.796667    
-0.0425 -0.93    
-0.0475 -0.97    
-0.0625 -0.966667    
-0.05 -0.853333    
-0.0375 -0.77    
-0.0175 -0.676667    
0.025 -0.493333    
0.075 -0.323333    
0.075 -0.323333    
0.125 -0.163333    
0.1775 -0.0133333    
0.205 0.06    
0.2325 0.126667    
0.2625 0.19    
0.3225 0.286667    
0.35 0.323333    
0.405 0.366667    
0.4275 0.376667    
0.4475 0.383333    
0.4475 0.383333    
0.4675 0.376667    
0.4825 0.363333    
0.5 0.333333    
0.505 0.316667    
0.505 0.296667    
0.505 0.29    
0.505 0.283333    
0.505 0.276667    
0.505 0.276667    
0.505 0.273333    
0.505 0.27    
0.505 0.27    
0.505 0.27    
0.5025 0.27    
0.5 0.273333    
0.4975 0.276667    
0.4925 0.276667    
0.49 0.28    
0.4825 0.286667    
0.4775 0.29    
0.475 0.293333    
0.4675 0.296667    
