76
-0.1 0.526667    
-0.0975 0.546667    
-0.09 0.546667    
-0.0675 0.53    
-0.055 0.51    
-0.045 0.466667    
-0.0325 0.343333    
-0.0325 0.163333    
-0.0325 0.163333    
-0.045 -0.03    
-0.05 -0.12    
-0.055 -0.203333    
-0.0575 -0.333333    
-0.0525 -0.42    
-0.05 -0.443333    
-0.0475 -0.456667    
-0.045 -0.456667    
-0.0425 -0.42    
-0.0425 -0.383333    
-0.035 -0.29    
-0.03 -0.233333    
-0.0225 -0.17    
0 -0.05    
0.015 0.0133333    
0.055 0.123333    
0.075 0.173333    
0.0975 0.216667    
0.13 0.276667    
0.1425 0.296667    
0.15 0.31    
0.1625 0.326667    
0.165 0.33    
0.1725 0.333333    
0.175 0.333333    
0.18 0.333333    
0.185 0.33    
0.1975 0.326667    
0.2 0.326667    
0.2025 0.323333    
0.2025 0.323333    
0.205 0.326667    
0.2025 0.326667    
0.2025 0.33    
0.2 0.333333    
0.2 0.336667    
0.1975 0.336667    
0.195 0.34    
0.195 0.343333    
0.1925 0.343333    
0.1925 0.346667    
0.19 0.346667    
0.19 0.346667    
0.1875 0.35    
0.1875 0.35    
0.1875 0.35    
0.1875 0.35    
0.1875 0.35    
0.1875 0.35    
0.19 0.35    
0.19 0.35    
0.1925 0.35    
0.1925 0.35    
0.1925 0.35    
0.195 0.346667    
0.195 0.346667    
0.195 0.343333    
0.195 0.34    
0.195 0.336667    
0.1975 0.33    
0.1975 0.33    
0.1975 0.326667    
0.1975 0.323333    
0.1975 0.32    
0.1975 0.316667    
0.1975 0.316667    
0.1975 0.316667    
