75
-0.1025 0.416667    
-0.1 0.42    
-0.0975 0.423333    
-0.085 0.426667    
-0.0775 0.426667    
-0.07 0.426667    
-0.05 0.423333    
-0.0375 0.42    
-0.0175 0.413333    
-0.01 0.41    
0 0.406667    
0.02 0.39    
0.0325 0.376667    
0.0525 0.34    
0.0625 0.316667    
0.07 0.29    
0.0775 0.26    
0.0925 0.193333    
0.0975 0.156667    
0.11 0.0866667    
0.1125 0.0533333    
0.1175 0.02    
0.12 -0.0466667    
0.1225 -0.0766667    
0.1225 -0.11    
0.125 -0.166667    
0.125 -0.206667    
0.125 -0.206667    
0.1225 -0.233333    
0.1225 -0.243333    
0.12 -0.253333    
0.1175 -0.256667    
0.1175 -0.256667    
0.115 -0.243333    
0.11 -0.23    
0.1025 -0.183333    
0.1 -0.153333    
0.095 -0.12    
0.09 -0.05    
0.0875 -0.02    
0.085 0.04    
0.085 0.0633333    
0.0875 0.0866667    
0.09 0.113333    
0.1 0.16    
0.11 0.21    
0.1175 0.23    
0.1225 0.25    
0.13 0.27    
0.1425 0.3    
0.1475 0.31    
0.1575 0.33    
0.165 0.336667    
0.1725 0.346667    
0.1875 0.363333    
0.195 0.37    
0.21 0.386667    
0.22 0.393333    
0.235 0.41    
0.2425 0.413333    
0.2475 0.42    
0.2525 0.423333    
0.2575 0.423333    
0.26 0.423333    
0.2625 0.423333    
0.2625 0.423333    
0.265 0.423333    
0.265 0.423333    
0.265 0.423333    
0.2675 0.423333    
0.2675 0.426667    
0.2675 0.426667    
0.27 0.426667    
0.27 0.426667    
0.27 0.426667    
