40
-0.335 0.253333    
-0.3325 0.246667    
-0.3225 0.246667    
-0.3175 0.25    
-0.31 0.25    
-0.31 0.25    
-0.305 0.24    
-0.3025 0.196667    
-0.3025 0.16    
-0.3025 0.11    
-0.305 0.0433333    
-0.3075 -0.136667    
-0.305 -0.246667    
-0.3 -0.483333    
-0.295 -0.596667    
-0.29 -0.7    
-0.275 -0.853333    
-0.27 -0.903333    
-0.2625 -0.956667    
-0.2625 -0.96    
-0.2675 -0.956667    
-0.28 -0.9    
-0.2925 -0.846667    
-0.3025 -0.78    
-0.315 -0.623333    
-0.315 -0.543333    
-0.31 -0.473333    
-0.285 -0.343333    
-0.24 -0.243333    
-0.2125 -0.2    
-0.18 -0.163333    
-0.1075 -0.11    
-0.065 -0.0866667    
-0.02 -0.0666667    
0.025 -0.05    
0.11 -0.02    
0.145 -0.00666667    
0.175 0.00333333    
0.2125 0.0133333    
0.2225 0.0166667    
