60
-0.285 0.52    
-0.2825 0.516667    
-0.28 0.513333    
-0.28 0.51    
-0.2775 0.506667    
-0.2775 0.503333    
-0.275 0.503333    
-0.275 0.503333    
-0.275 0.503333    
-0.275 0.5    
-0.275 0.5    
-0.275 0.5    
-0.275 0.5    
-0.275 0.5    
-0.2725 0.5    
-0.27 0.503333    
-0.2675 0.503333    
-0.2625 0.506667    
-0.255 0.51    
-0.25 0.506667    
-0.245 0.493333    
-0.24 0.476667    
-0.235 0.45    
-0.23 0.41    
-0.225 0.323333    
-0.2275 0.256667    
-0.235 0.186667    
-0.25 0.06    
-0.2575 -0.00666667    
-0.2675 -0.0666667    
-0.275 -0.113333    
-0.285 -0.173333    
-0.29 -0.196667    
-0.3025 -0.24    
-0.3075 -0.25    
-0.31 -0.246667    
-0.31 -0.23    
-0.31 -0.196667    
-0.3 -0.0966667    
-0.2925 -0.0566667    
-0.275 0.0333333    
-0.26 0.0933333    
-0.235 0.17    
-0.215 0.223333    
-0.1775 0.29    
-0.1475 0.336667    
-0.135 0.356667    
-0.11 0.39    
-0.0925 0.413333    
-0.0725 0.436667    
-0.0575 0.446667    
-0.04 0.453333    
-0.03 0.453333    
-0.02 0.446667    
-0.0175 0.443333    
-0.0125 0.44    
-0.01 0.44    
-0.005 0.446667    
-0.005 0.453333    
-0.0025 0.463333    
