68
-0.1525 0.453333    
-0.1525 0.446667    
-0.155 0.433333    
-0.1575 0.41    
-0.1575 0.4    
-0.16 0.383333    
-0.16 0.37    
-0.1625 0.343333    
-0.1625 0.3    
-0.1625 0.263333    
-0.1575 0.216667    
-0.15 0.163333    
-0.14 0.1    
-0.13 0.0133333    
-0.115 -0.0766667    
-0.1 -0.2    
-0.085 -0.35    
-0.08 -0.396667    
-0.075 -0.483333    
-0.0725 -0.533333    
-0.0725 -0.583333    
-0.075 -0.623333    
-0.08 -0.64    
-0.085 -0.656667    
-0.0875 -0.66    
-0.0925 -0.64    
-0.095 -0.606667    
-0.1 -0.546667    
-0.105 -0.456667    
-0.105 -0.406667    
-0.1075 -0.363333    
-0.11 -0.32    
-0.11 -0.27    
-0.1075 -0.216667    
-0.1075 -0.196667    
-0.1 -0.16    
-0.09 -0.123333    
-0.0725 -0.0733333    
-0.05 -0.0133333    
-0.03 0.0266667    
0 0.0666667    
0.03 0.1    
0.0575 0.116667    
0.0925 0.14    
0.12 0.163333    
0.1575 0.193333    
0.18 0.213333    
0.2075 0.23    
0.22 0.24    
0.2325 0.243333    
0.2425 0.243333    
0.255 0.243333    
0.2575 0.243333    
0.265 0.243333    
0.2675 0.24    
0.2725 0.24    
0.28 0.236667    
0.285 0.236667    
0.2925 0.236667    
0.3 0.246667    
0.31 0.26    
0.32 0.27    
0.3225 0.273333    
0.3275 0.27    
0.3325 0.26    
0.3325 0.253333    
0.3325 0.253333    
0.335 0.25    
