40
-0.0925 0.303333    
-0.095 0.296667    
-0.0975 0.29    
-0.0975 0.286667    
-0.1 0.29    
-0.1025 0.296667    
-0.1025 0.31    
-0.1075 0.323333    
-0.11 0.333333    
-0.115 0.336667    
-0.115 0.336667    
-0.1175 0.336667    
-0.115 0.326667    
-0.1125 0.31    
-0.1075 0.273333    
-0.0975 0.213333    
-0.075 0.1    
-0.035 -0.06    
-0.02 -0.12    
0.01 -0.21    
0.0325 -0.263333    
0.0575 -0.32    
0.08 -0.366667    
0.0925 -0.39    
0.11 -0.396667    
0.115 -0.383333    
0.1325 -0.303333    
0.1425 -0.186667    
0.15 -0.11    
0.16 -0.01    
0.1775 0.15    
0.1925 0.336667    
0.2025 0.453333    
0.2125 0.556667    
0.205 0.593333    
0.2025 0.61    
0.2 0.62    
0.2 0.626667    
0.2025 0.626667    
0.2075 0.61    
