46
-0.0925 0.413333    
-0.095 0.413333    
-0.0875 0.4    
-0.0775 0.38    
-0.0575 0.336667    
-0.035 0.266667    
-0.0175 0.196667    
-0.0025 0.0866667    
0.005 -0.00333333    
0.01 -0.0966667    
0.0075 -0.22    
0.0025 -0.303333    
-0.005 -0.423333    
-0.0075 -0.48    
-0.0125 -0.526667    
-0.0125 -0.543333    
-0.015 -0.55    
-0.0125 -0.543333    
-0.01 -0.52    
-0.005 -0.476667    
0.0025 -0.43    
0.01 -0.356667    
0.02 -0.3    
0.03 -0.226667    
0.0375 -0.176667    
0.0475 -0.116667    
0.0575 -0.06    
0.0675 -0.01    
0.075 0.0233333    
0.0825 0.05    
0.0875 0.0666667    
0.095 0.09    
0.105 0.116667    
0.1175 0.136667    
0.1325 0.153333    
0.1425 0.16    
0.155 0.163333    
0.1775 0.17    
0.1925 0.173333    
0.2175 0.176667    
0.235 0.18    
0.2575 0.183333    
0.2725 0.186667    
0.2875 0.19    
0.3 0.193333    
0.305 0.193333    
