58
-0.06 0.156667    
-0.05 0.146667    
-0.0375 0.14    
-0.02 0.13    
0.015 0.106667    
0.0325 0.09    
0.0525 0.07    
0.0775 0.0266667    
0.0875 -0.00666667    
0.095 -0.05    
0.1025 -0.11    
0.1025 -0.156667    
0.1 -0.22    
0.1 -0.26    
0.0975 -0.32    
0.0975 -0.35    
0.0975 -0.37    
0.095 -0.393333    
0.0925 -0.41    
0.09 -0.413333    
0.0875 -0.423333    
0.0875 -0.426667    
0.085 -0.433333    
0.0825 -0.433333    
0.0825 -0.42    
0.0825 -0.393333    
0.085 -0.373333    
0.09 -0.323333    
0.0975 -0.25    
0.1025 -0.22    
0.115 -0.166667    
0.12 -0.153333    
0.1375 -0.0933333    
0.145 -0.07    
0.1625 -0.0333333    
0.1775 -0.01    
0.205 0.0133333    
0.22 0.0233333    
0.2375 0.03    
0.2525 0.0466667    
0.2725 0.07    
0.285 0.0833333    
0.2975 0.1    
0.305 0.103333    
0.3175 0.113333    
0.325 0.113333    
0.33 0.113333    
0.3325 0.11    
0.3375 0.106667    
0.345 0.0966667    
0.35 0.09    
0.355 0.0833333    
0.3575 0.0766667    
0.36 0.07    
0.36 0.0633333    
0.36 0.06    
0.36 0.0566667    
0.3625 0.0533333    
