37
-0.155 0.35    
-0.1425 0.32    
-0.1325 0.286667    
-0.1125 0.22    
-0.0925 0.143333    
-0.0825 0.0766667    
-0.075 0.00666667    
-0.07 -0.09    
-0.07 -0.16    
-0.065 -0.243333    
-0.0575 -0.306667    
-0.0525 -0.346667    
-0.045 -0.38    
-0.0375 -0.396667    
-0.035 -0.4    
-0.0275 -0.386667    
-0.0225 -0.363333    
-0.02 -0.32    
-0.015 -0.246667    
-0.015 -0.213333    
-0.02 -0.146667    
-0.0225 -0.0766667    
-0.0275 -0.0133333    
-0.03 0.07    
-0.0275 0.13    
-0.0125 0.24    
-0.005 0.283333    
0.02 0.373333    
0.055 0.46    
0.0825 0.516667    
0.1325 0.583333    
0.14 0.59    
0.18 0.593333    
0.2025 0.57    
0.2225 0.53    
0.2375 0.463333    
0.23 0.366667    
