38
0.01 0.296667    
0.005 0.31    
0.005 0.313333    
0.0075 0.316667    
0.015 0.306667    
0.0325 0.293333    
0.0475 0.276667    
0.065 0.253333    
0.0825 0.213333    
0.0925 0.173333    
0.0975 0.103333    
0.095 0.04    
0.09 -0.0266667    
0.085 -0.09    
0.08 -0.146667    
0.0725 -0.2    
0.0675 -0.233333    
0.0625 -0.243333    
0.06 -0.246667    
0.06 -0.24    
0.0625 -0.226667    
0.065 -0.203333    
0.075 -0.16    
0.0875 -0.103333    
0.105 -0.0466667    
0.12 -0.00333333    
0.1425 0.0633333    
0.1575 0.0966667    
0.1725 0.126667    
0.1875 0.146667    
0.2075 0.166667    
0.23 0.176667    
0.2525 0.183333    
0.27 0.186667    
0.2825 0.183333    
0.3 0.18    
0.3125 0.173333    
0.3175 0.17    
