43
0.1525 0.333333    
0.165 0.343333    
0.165 0.346667    
0.16 0.353333    
0.135 0.37    
0.1125 0.383333    
0.05 0.42    
0.01 0.44    
-0.035 0.453333    
-0.1375 0.46    
-0.19 0.45    
-0.235 0.433333    
-0.3025 0.376667    
-0.315 0.343333    
-0.3175 0.31    
-0.295 0.226667    
-0.275 0.173333    
-0.2325 0.0533333    
-0.2075 -0.00666667    
-0.18 -0.06    
-0.115 -0.136667    
-0.0775 -0.153333    
-0.0075 -0.16    
0.0225 -0.16    
0.0625 -0.163333    
0.0725 -0.176667    
0.08 -0.2    
0.08 -0.226667    
0.065 -0.306667    
0.0475 -0.35    
0.02 -0.393333    
-0.055 -0.47    
-0.0975 -0.503333    
-0.1825 -0.54    
-0.22 -0.546667    
-0.275 -0.536667    
-0.295 -0.523333    
-0.3075 -0.51    
-0.315 -0.493333    
-0.32 -0.46    
-0.3175 -0.436667    
-0.315 -0.426667    
-0.3125 -0.42    
