26
0.0975 0.506667    
0.0775 0.5    
0.045 0.49    
-0.0025 0.463333    
-0.09 0.383333    
-0.135 0.316667    
-0.1675 0.24    
-0.1825 0.16    
-0.1725 0.0533333    
-0.145 0.00333333    
-0.1075 -0.04    
-0.06 -0.0766667    
0.01 -0.133333    
0.0625 -0.186667    
0.1075 -0.253333    
0.13 -0.303333    
0.15 -0.41    
0.14 -0.483333    
0.0875 -0.556667    
0.02 -0.583333    
-0.06 -0.576667    
-0.1675 -0.536667    
-0.2575 -0.48    
-0.305 -0.44    
-0.3425 -0.393333    
-0.355 -0.37    
