41
0.3125 0.193333    
0.31 0.203333    
0.3 0.233333    
0.285 0.256667    
0.2475 0.29    
0.215 0.306667    
0.1775 0.316667    
0.1375 0.316667    
0.0775 0.31    
0.0175 0.296667    
-0.0325 0.28    
-0.0625 0.266667    
-0.0875 0.246667    
-0.11 0.216667    
-0.12 0.18    
-0.1225 0.11    
-0.1075 0.02    
-0.0825 -0.0566667    
-0.0275 -0.16    
0.03 -0.216667    
0.08 -0.26    
0.145 -0.303333    
0.1875 -0.333333    
0.2325 -0.373333    
0.2575 -0.393333    
0.2825 -0.423333    
0.285 -0.45    
0.275 -0.49    
0.2575 -0.52    
0.22 -0.563333    
0.1875 -0.586667    
0.135 -0.606667    
0.0925 -0.613333    
0.02 -0.62    
-0.025 -0.62    
-0.0675 -0.616667    
-0.1075 -0.606667    
-0.13 -0.596667    
-0.17 -0.57    
-0.2 -0.54    
-0.2125 -0.513333    
