29
0.22 0.253333    
0.2175 0.26    
0.215 0.27    
0.2 0.3    
0.15 0.326667    
0.115 0.33    
0.08 0.33    
0.05 0.323333    
0.0275 0.313333    
0.01 0.276667    
0.0175 0.253333    
0.0575 0.193333    
0.0875 0.163333    
0.1175 0.136667    
0.1725 0.0866667    
0.2 0.0433333    
0.205 0.02    
0.2 -0.00333333    
0.1925 -0.03    
0.18 -0.0566667    
0.145 -0.106667    
0.1225 -0.126667    
0.0775 -0.14    
0.06 -0.14    
0.0475 -0.136667    
0.0325 -0.12    
0.03 -0.103333    
0.0325 -0.0966667    
0.035 -0.09    
