78
-0.0525 0.52    
-0.0525 0.523333    
-0.05 0.523333    
-0.05 0.523333    
-0.0475 0.526667    
-0.0475 0.526667    
-0.0475 0.53    
-0.045 0.53    
-0.045 0.533333    
-0.0475 0.54    
-0.0475 0.546667    
-0.05 0.553333    
-0.06 0.566667    
-0.0825 0.576667    
-0.0825 0.576667    
-0.1175 0.58    
-0.1675 0.563333    
-0.1675 0.563333    
-0.1675 0.563333    
-0.2125 0.526667    
-0.3075 0.43    
-0.355 0.363333    
-0.4 0.3    
-0.4525 0.18    
-0.4725 0.12    
-0.4925 -0.0166667    
-0.4875 -0.0833333    
-0.475 -0.153333    
-0.415 -0.266667    
-0.375 -0.296667    
-0.2775 -0.323333    
-0.225 -0.323333    
-0.17 -0.323333    
-0.0625 -0.31    
-0.015 -0.296667    
0.025 -0.29    
0.0725 -0.29    
0.08 -0.303333    
0.075 -0.33    
0.045 -0.4    
-0.0125 -0.48    
-0.05 -0.516667    
-0.095 -0.553333    
-0.1425 -0.583333    
-0.24 -0.643333    
-0.285 -0.666667    
-0.325 -0.683333    
-0.395 -0.71    
-0.44 -0.726667    
-0.4525 -0.72    
-0.5125 -0.7    
-0.5425 -0.676667    
-0.6025 -0.596667    
-0.6225 -0.55    
-0.64 -0.503333    
-0.6575 -0.416667    
-0.6625 -0.38    
-0.67 -0.326667    
-0.6725 -0.306667    
-0.6725 -0.293333    
-0.6725 -0.283333    
-0.6675 -0.27    
-0.66 -0.263333    
-0.655 -0.263333    
-0.6525 -0.266667    
-0.645 -0.283333    
-0.6425 -0.293333    
-0.6375 -0.3    
-0.635 -0.306667    
-0.6325 -0.313333    
-0.63 -0.316667    
-0.6275 -0.32    
-0.6275 -0.32    
-0.6275 -0.32    
-0.625 -0.316667    
-0.625 -0.316667    
-0.6225 -0.31    
-0.6225 -0.31    
