47
0.0775 0.366667    
0.08 0.373333    
0.08 0.383333    
0.08 0.4    
0.0625 0.44    
0.0225 0.48    
0.0225 0.48    
-0.0325 0.496667    
-0.065 0.493333    
-0.1275 0.453333    
-0.1575 0.416667    
-0.1775 0.37    
-0.1925 0.243333    
-0.185 0.17    
-0.17 0.1    
-0.12 -0.0233333    
-0.0525 -0.1    
-0.0525 -0.1    
0.005 -0.176667    
0.0225 -0.21    
0.035 -0.27    
0.0325 -0.293333    
0.025 -0.32    
-0.005 -0.363333    
-0.03 -0.376667    
-0.0975 -0.386667    
-0.135 -0.38    
-0.17 -0.37    
-0.2025 -0.356667    
-0.2525 -0.323333    
-0.28 -0.296667    
-0.2875 -0.283333    
-0.29 -0.276667    
-0.2925 -0.27    
-0.2925 -0.263333    
-0.2925 -0.26    
-0.2875 -0.253333    
-0.285 -0.25    
-0.2825 -0.246667    
-0.275 -0.246667    
-0.27 -0.243333    
-0.265 -0.243333    
-0.2575 -0.24    
-0.25 -0.24    
-0.2475 -0.24    
-0.245 -0.24    
-0.24 -0.24    
