59
0.2475 0.366667    
0.2475 0.366667    
0.2475 0.366667    
0.2475 0.366667    
0.245 0.37    
0.2425 0.37    
0.2375 0.373333    
0.21 0.38    
0.19 0.383333    
0.165 0.386667    
0.1125 0.386667    
0.0875 0.38    
0.0675 0.373333    
0.0325 0.356667    
0.0175 0.35    
-0.005 0.33    
-0.0125 0.323333    
-0.025 0.303333    
-0.0275 0.29    
-0.03 0.26    
-0.03 0.26    
-0.025 0.216667    
-0.0175 0.196667    
0.005 0.153333    
0.0225 0.133333    
0.0425 0.113333    
0.09 0.08    
0.115 0.0633333    
0.1425 0.0466667    
0.195 0.0166667    
0.2175 -0.00333333    
0.26 -0.0466667    
0.28 -0.0766667    
0.2975 -0.106667    
0.3225 -0.17    
0.33 -0.203333    
0.33 -0.276667    
0.3225 -0.313333    
0.31 -0.35    
0.2925 -0.383333    
0.245 -0.433333    
0.19 -0.463333    
0.1625 -0.466667    
0.1375 -0.466667    
0.115 -0.46    
0.0725 -0.436667    
0.0375 -0.4    
0.02 -0.376667    
0.0075 -0.35    
-0.0125 -0.303333    
-0.0125 -0.303333    
-0.015 -0.283333    
-0.015 -0.283333    
-0.015 -0.25    
-0.015 -0.233333    
-0.0125 -0.223333    
-0.01 -0.213333    
-0.0075 -0.206667    
-0.0075 -0.206667    
