32
0.055 0.306667    
0.07 0.343333    
0.0725 0.36    
0.075 0.373333    
0.0725 0.386667    
0.0625 0.383333    
0.025 0.336667    
-0.0025 0.29    
-0.0625 0.17    
-0.0825 0.106667    
-0.095 0.00666667    
-0.09 -0.03    
-0.0775 -0.0566667    
-0.0375 -0.0866667    
-0.01 -0.0933333    
0.0225 -0.1    
0.0575 -0.106667    
0.13 -0.13    
0.195 -0.166667    
0.195 -0.166667    
0.2425 -0.223333    
0.2625 -0.26    
0.2825 -0.356667    
0.2825 -0.416667    
0.275 -0.483333    
0.2325 -0.61    
0.2 -0.663333    
0.16 -0.703333    
0.065 -0.746667    
0.0125 -0.753333    
-0.0825 -0.75    
-0.1175 -0.743333    
