47
-0.3025 0.273333    
-0.3025 0.276667    
-0.3 0.283333    
-0.3 0.286667    
-0.3 0.29    
-0.2975 0.296667    
-0.3 0.3    
-0.3025 0.306667    
-0.305 0.316667    
-0.3125 0.326667    
-0.335 0.333333    
-0.3525 0.33    
-0.3825 0.32    
-0.405 0.303333    
-0.435 0.273333    
-0.455 0.253333    
-0.475 0.233333    
-0.4875 0.213333    
-0.5 0.193333    
-0.5025 0.16    
-0.5025 0.143333    
-0.485 0.103333    
-0.44 0.05    
-0.4175 0.0366667    
-0.3675 0.01    
-0.3275 -0.00666667    
-0.28 -0.03    
-0.2525 -0.0466667    
-0.2275 -0.0733333    
-0.2125 -0.116667    
-0.215 -0.15    
-0.225 -0.186667    
-0.24 -0.226667    
-0.2725 -0.283333    
-0.325 -0.343333    
-0.3725 -0.376667    
-0.4025 -0.39    
-0.4325 -0.39    
-0.4575 -0.38    
-0.48 -0.366667    
-0.505 -0.343333    
-0.52 -0.313333    
-0.5275 -0.286667    
-0.53 -0.246667    
-0.5275 -0.203333    
-0.5225 -0.17    
-0.515 -0.133333    
