67
0.2025 0.626667    
0.2025 0.623333    
0.2025 0.616667    
0.2025 0.61    
0.205 0.606667    
0.205 0.6    
0.205 0.593333    
0.2075 0.59    
0.2075 0.586667    
0.2025 0.59    
0.2 0.59    
0.1875 0.593333    
0.155 0.596667    
0.1275 0.593333    
0.09 0.583333    
0.0325 0.566667    
-0.015 0.546667    
-0.08 0.52    
-0.13 0.493333    
-0.21 0.43    
-0.23 0.406667    
-0.26 0.353333    
-0.2725 0.313333    
-0.265 0.24    
-0.255 0.206667    
-0.2175 0.146667    
-0.15 0.08    
-0.1175 0.0633333    
-0.055 0.03    
-0.0075 0.0133333    
0.05 -0.01    
0.1 -0.0433333    
0.1325 -0.0733333    
0.165 -0.123333    
0.185 -0.163333    
0.195 -0.196667    
0.2025 -0.246667    
0.2 -0.343333    
0.19 -0.396667    
0.1725 -0.446667    
0.1375 -0.503333    
0.105 -0.53    
0.0575 -0.556667    
0.0125 -0.573333    
-0.0175 -0.573333    
-0.0475 -0.573333    
-0.065 -0.57    
-0.075 -0.566667    
-0.0825 -0.566667    
-0.085 -0.566667    
-0.09 -0.566667    
-0.095 -0.563333    
-0.095 -0.56    
-0.0975 -0.553333    
-0.1 -0.55    
-0.1 -0.546667    
-0.1025 -0.546667    
-0.1025 -0.546667    
-0.105 -0.55    
-0.105 -0.55    
-0.105 -0.553333    
-0.105 -0.553333    
-0.1075 -0.553333    
-0.11 -0.556667    
-0.12 -0.563333    
-0.125 -0.57    
-0.13 -0.57    
