75
-0.3825 0.243333    
-0.3825 0.246667    
-0.3825 0.25    
-0.3825 0.256667    
-0.385 0.26    
-0.385 0.263333    
-0.385 0.266667    
-0.3875 0.273333    
-0.3875 0.273333    
-0.3875 0.273333    
-0.3875 0.263333    
-0.385 0.246667    
-0.3675 0.166667    
-0.3575 0.123333    
-0.3375 0.0433333    
-0.3025 -0.07    
-0.2775 -0.146667    
-0.24 -0.226667    
-0.1975 -0.283333    
-0.1775 -0.3    
-0.16 -0.31    
-0.145 -0.306667    
-0.135 -0.293333    
-0.1275 -0.243333    
-0.1225 -0.2    
-0.12 -0.1    
-0.1175 -0.01    
-0.12 0.113333    
-0.12 0.213333    
-0.1175 0.303333    
-0.11 0.333333    
-0.105 0.343333    
-0.085 0.336667    
-0.06 0.286667    
-0.0475 0.253333    
-0.025 0.17    
-0.0125 0.1    
0.0025 -0.0266667    
0.0075 -0.1    
0.015 -0.17    
0.025 -0.253333    
0.04 -0.323333    
0.0525 -0.36    
0.07 -0.4    
0.08 -0.413333    
0.09 -0.416667    
0.0975 -0.41    
0.1075 -0.37    
0.115 -0.323333    
0.1225 -0.266667    
0.13 -0.173333    
0.1325 -0.0933333    
0.13 0.0133333    
0.13 0.133333    
0.125 0.196667    
0.1275 0.243333    
0.1275 0.276667    
0.1225 0.303333    
0.12 0.313333    
0.115 0.316667    
0.105 0.32    
0.1 0.32    
0.0875 0.323333    
0.0725 0.32    
0.0625 0.316667    
0.05 0.306667    
0.0375 0.3    
0.03 0.293333    
0.02 0.286667    
0.0175 0.286667    
0.015 0.28    
0.015 0.276667    
0.015 0.27    
0.015 0.266667    
0.0125 0.26    
