63
0.1125 0.38    
0.1025 0.38    
0.09 0.373333    
0.0775 0.366667    
0.0575 0.363333    
0.0375 0.36    
0.0075 0.36    
-0.0275 0.356667    
-0.055 0.35    
-0.095 0.336667    
-0.1325 0.313333    
-0.1575 0.293333    
-0.185 0.263333    
-0.2 0.236667    
-0.21 0.216667    
-0.2175 0.176667    
-0.2125 0.143333    
-0.1975 0.103333    
-0.175 0.0733333    
-0.14 0.04    
-0.1075 0.0166667    
-0.0525 -0.0166667    
-0.02 -0.0366667    
0.0225 -0.0666667    
0.0425 -0.0833333    
0.0825 -0.123333    
0.1025 -0.146667    
0.1225 -0.18    
0.135 -0.206667    
0.1425 -0.24    
0.1475 -0.263333    
0.1425 -0.303333    
0.1325 -0.326667    
0.1175 -0.36    
0.1 -0.38    
0.08 -0.396667    
0.05 -0.416667    
0.02 -0.426667    
-0.0075 -0.433333    
-0.0425 -0.443333    
-0.0675 -0.446667    
-0.0975 -0.456667    
-0.12 -0.463333    
-0.1425 -0.466667    
-0.155 -0.466667    
-0.1725 -0.466667    
-0.18 -0.466667    
-0.1875 -0.463333    
-0.1925 -0.463333    
-0.1925 -0.463333    
-0.195 -0.463333    
-0.195 -0.463333    
-0.195 -0.46    
-0.195 -0.46    
-0.195 -0.46    
-0.195 -0.456667    
-0.195 -0.453333    
-0.195 -0.453333    
-0.1925 -0.45    
-0.19 -0.45    
-0.1875 -0.446667    
-0.185 -0.446667    
-0.185 -0.446667    
