51
0.17 0.193333    
0.175 0.206667    
0.1775 0.213333    
0.1775 0.233333    
0.1725 0.246667    
0.1575 0.26    
0.145 0.263333    
0.115 0.273333    
0.0725 0.27    
0.0575 0.266667    
0.0325 0.246667    
0.0125 0.203333    
0.0075 0.17    
0.0075 0.143333    
0.015 0.0833333    
0.0375 0.01    
0.05 -0.0166667    
0.0825 -0.06    
0.1275 -0.103333    
0.155 -0.126667    
0.1825 -0.15    
0.2075 -0.173333    
0.24 -0.206667    
0.2625 -0.24    
0.275 -0.263333    
0.285 -0.293333    
0.29 -0.326667    
0.295 -0.376667    
0.29 -0.443333    
0.2875 -0.466667    
0.275 -0.5    
0.26 -0.513333    
0.235 -0.526667    
0.2125 -0.526667    
0.195 -0.523333    
0.1575 -0.503333    
0.1125 -0.47    
0.095 -0.456667    
0.0675 -0.426667    
0.0525 -0.406667    
0.04 -0.39    
0.025 -0.363333    
0.0175 -0.346667    
0.0125 -0.336667    
0.0075 -0.323333    
0.0075 -0.313333    
0.0075 -0.31    
0.0075 -0.306667    
0.0125 -0.306667    
0.0175 -0.31    
0.025 -0.313333    
