41
-0.07 0.473333    
-0.08 0.47    
-0.09 0.47    
-0.1075 0.47    
-0.1275 0.466667    
-0.1475 0.443333    
-0.16 0.42    
-0.17 0.396667    
-0.185 0.346667    
-0.185 0.333333    
-0.1825 0.306667    
-0.1775 0.28    
-0.1675 0.25    
-0.1375 0.203333    
-0.1075 0.166667    
-0.075 0.143333    
-0.0275 0.12    
0.0275 0.0933333    
0.0425 0.09    
0.06 0.08    
0.0725 0.01    
0.0675 -0.0366667    
0.0525 -0.08    
0.01 -0.153333    
-0.05 -0.2    
-0.145 -0.256667    
-0.1875 -0.28    
-0.2625 -0.306667    
-0.3125 -0.32    
-0.37 -0.323333    
-0.385 -0.32    
-0.4025 -0.3    
-0.4075 -0.273333    
-0.4025 -0.25    
-0.395 -0.236667    
-0.375 -0.226667    
-0.355 -0.223333    
-0.3225 -0.22    
-0.305 -0.22    
-0.2925 -0.216667    
-0.2775 -0.22    
