41
0.125 0.26    
0.11 0.273333    
0.0925 0.3    
0.075 0.326667    
0.0525 0.353333    
0.0275 0.363333    
-0.0125 0.366667    
-0.05 0.36    
-0.1 0.34    
-0.1325 0.316667    
-0.1675 0.28    
-0.175 0.27    
-0.195 0.216667    
-0.195 0.19    
-0.18 0.16    
-0.155 0.14    
-0.115 0.123333    
-0.065 0.11    
-0.0275 0.1    
0.0175 0.08    
0.0475 0.0633333    
0.0725 0.04    
0.095 0.00666667    
0.1075 -0.0266667    
0.1075 -0.0566667    
0.1 -0.1    
0.08 -0.143333    
0.055 -0.173333    
-0.0025 -0.206667    
-0.0425 -0.22    
-0.08 -0.226667    
-0.1125 -0.23    
-0.1575 -0.226667    
-0.1725 -0.223333    
-0.1875 -0.22    
-0.1925 -0.216667    
-0.195 -0.213333    
-0.1925 -0.203333    
-0.1875 -0.196667    
-0.18 -0.19    
-0.1725 -0.183333    
