44
-0.2925 0.356667    
-0.2675 0.353333    
-0.2075 0.35    
-0.14 0.35    
-0.135 0.35    
-0.0525 0.346667    
-0.0075 0.346667    
0.04 0.35    
0.135 0.356667    
0.215 0.363333    
0.2425 0.37    
0.2575 0.383333    
0.26 0.4    
0.24 0.446667    
0.19 0.513333    
0.165 0.546667    
0.14 0.57    
0.1175 0.59    
0.0775 0.59    
0.06 0.566667    
0.0425 0.52    
0.005 0.376667    
-0.015 0.286667    
-0.0325 0.19    
-0.0625 -0.01    
-0.0725 -0.103333    
-0.0825 -0.256667    
-0.085 -0.316667    
-0.0825 -0.41    
-0.0775 -0.436667    
-0.0675 -0.45    
-0.0575 -0.456667    
-0.0325 -0.44    
-0.015 -0.42    
0.0225 -0.36    
0.04 -0.33    
0.055 -0.296667    
0.0775 -0.236667    
0.085 -0.213333    
0.09 -0.176667    
0.0875 -0.163333    
0.085 -0.15    
0.08 -0.143333    
0.075 -0.133333    
