38
-0.245 0.41    
-0.2425 0.373333    
-0.24 0.296667    
-0.24 0.2    
-0.2375 0.106667    
-0.2275 -0.00666667    
-0.1975 -0.15    
-0.16 -0.243333    
-0.115 -0.32    
-0.04 -0.37    
0.0025 -0.366667    
0.0375 -0.336667    
0.0575 -0.28    
0.0575 -0.183333    
0.03 -0.106667    
-0.06 0.01    
-0.135 0.06    
-0.21 0.09    
-0.28 0.113333    
-0.3525 0.13    
-0.39 0.136667    
-0.41 0.14    
-0.4075 0.136667    
-0.3775 0.126667    
-0.3425 0.116667    
-0.27 0.1    
-0.1525 0.08    
-0.0625 0.07    
0.0375 0.0666667    
0.1025 0.07    
0.13 0.0733333    
0.145 0.0833333    
0.1425 0.0966667    
0.13 0.103333    
0.11 0.116667    
0.0925 0.126667    
0.08 0.13    
0.07 0.133333    
