75
0.065 0.306667    
0.0625 0.313333    
0.06 0.316667    
0.0575 0.32    
0.055 0.323333    
0.0525 0.323333    
0.0525 0.323333    
0.0475 0.31    
0.0425 0.29    
0.0375 0.236667    
0.035 0.193333    
0.0375 0.14    
0.0375 0.0833333    
0.0425 -0.00333333    
0.0475 -0.1    
0.055 -0.176667    
0.0675 -0.273333    
0.09 -0.356667    
0.11 -0.413333    
0.15 -0.486667    
0.1775 -0.52    
0.2075 -0.54    
0.235 -0.55    
0.2775 -0.543333    
0.3 -0.523333    
0.3225 -0.483333    
0.33 -0.45    
0.3325 -0.41    
0.3125 -0.336667    
0.29 -0.296667    
0.255 -0.25    
0.1975 -0.193333    
0.1275 -0.143333    
0.0725 -0.11    
0 -0.0833333    
-0.0675 -0.0633333    
-0.1125 -0.05    
-0.155 -0.03    
-0.205 0    
-0.24 0.0266667    
-0.25 0.04    
0.2975 -0.496667    
0.2125 -0.343333    
0.11 -0.153333    
0.05 -0.0133333    
-0.0275 0.166667    
0.0075 0.143333    
0.07 0.136667    
0.1175 0.14    
0.1425 0.15    
0.1575 0.166667    
0.1725 0.19    
0.1825 0.21    
0.1875 0.226667    
0.19 0.233333    
0.1875 0.236667    
0.185 0.236667    
0.175 0.233333    
0.165 0.223333    
0.155 0.21    
0.1475 0.196667    
0.1375 0.176667    
0.1325 0.156667    
0.1275 0.133333    
0.12 0.11    
0.1175 0.08    
0.1175 0.06    
0.12 0.0333333    
0.125 0.00666667    
0.13 -0.01    
0.14 -0.0233333    
0.145 -0.0366667    
0.1525 -0.0466667    
0.1575 -0.0533333    
0.1625 -0.06    
