58
0.0075 0.206667    
0.005 0.22    
0.005 0.223333    
0.0025 0.226667    
0.005 0.223333    
0.0075 0.223333    
0.0275 0.216667    
0.045 0.21    
0.0675 0.206667    
0.105 0.203333    
0.135 0.203333    
0.1775 0.206667    
0.22 0.216667    
0.25 0.23    
0.285 0.246667    
0.3075 0.26    
0.325 0.273333    
0.34 0.283333    
0.35 0.296667    
0.355 0.316667    
0.355 0.343333    
0.3525 0.366667    
0.345 0.396667    
0.335 0.42    
0.325 0.44    
0.31 0.46    
0.295 0.48    
0.2775 0.5    
0.265 0.513333    
0.25 0.526667    
0.24 0.53    
0.23 0.526667    
0.225 0.51    
0.2225 0.486667    
0.22 0.44    
0.22 0.403333    
0.2175 0.363333    
0.2125 0.326667    
0.205 0.253333    
0.2 0.21    
0.195 0.163333    
0.19 0.0933333    
0.1875 0.0266667    
0.1825 -0.0233333    
0.175 -0.0933333    
0.1675 -0.153333    
0.16 -0.196667    
0.1525 -0.243333    
0.1475 -0.273333    
0.145 -0.316667    
0.145 -0.333333    
0.145 -0.34    
0.15 -0.346667    
0.1575 -0.343333    
0.17 -0.32    
0.1925 -0.283333    
0.21 -0.243333    
0.2275 -0.203333    
