73
-0.4775 0.266667    
-0.475 0.263333    
-0.4725 0.26    
-0.4725 0.256667    
-0.4725 0.253333    
-0.47 0.246667    
-0.47 0.243333    
-0.465 0.236667    
-0.46 0.233333    
-0.4525 0.23    
-0.42 0.236667    
-0.3975 0.24    
-0.37 0.253333    
-0.3025 0.276667    
-0.265 0.28    
-0.175 0.28    
-0.125 0.266667    
-0.0775 0.26    
0.0275 0.246667    
0.1225 0.246667    
0.1225 0.246667    
0.1975 0.243333    
0.2225 0.243333    
0.25 0.246667    
0.255 0.25    
0.2575 0.253333    
0.2525 0.26    
0.2425 0.263333    
0.23 0.27    
0.195 0.283333    
0.1475 0.313333    
0.1475 0.313333    
0.1 0.346667    
0.0725 0.366667    
0.025 0.413333    
0 0.44    
-0.025 0.466667    
-0.0675 0.513333    
-0.085 0.533333    
-0.1025 0.55    
-0.125 0.573333    
-0.135 0.576667    
-0.1525 0.576667    
-0.1625 0.563333    
-0.1725 0.536667    
-0.2025 0.45    
-0.2225 0.396667    
-0.2575 0.28    
-0.275 0.23    
-0.29 0.186667    
-0.315 0.106667    
-0.33 0.0666667    
-0.3475 0.0233333    
-0.3775 -0.0566667    
-0.4 -0.12    
-0.4 -0.12    
-0.4075 -0.183333    
-0.4075 -0.216667    
-0.4025 -0.246667    
-0.3825 -0.306667    
-0.3375 -0.366667    
-0.3075 -0.393333    
-0.2725 -0.416667    
-0.2375 -0.443333    
-0.1425 -0.483333    
-0.095 -0.49    
-0.005 -0.503333    
0.035 -0.506667    
0.0675 -0.506667    
0.1125 -0.513333    
0.13 -0.52    
0.1425 -0.526667    
0.1425 -0.526667    
