41
-0.16 0.383333    
-0.1625 0.376667    
-0.1625 0.37    
-0.1575 0.353333    
-0.145 0.34    
-0.06 0.313333    
0.015 0.3    
0.015 0.3    
0.135 0.313333    
0.2525 0.336667    
0.355 0.363333    
0.485 0.44    
0.475 0.47    
0.4525 0.5    
0.37 0.556667    
0.315 0.576667    
0.2575 0.58    
0.1525 0.506667    
0.1125 0.426667    
0.07 0.2    
0.0675 0.0766667    
0.0875 -0.13    
0.1025 -0.21    
0.1175 -0.266667    
0.155 -0.343333    
0.1825 -0.366667    
0.22 -0.376667    
0.3175 -0.366667    
0.3675 -0.353333    
0.415 -0.34    
0.4875 -0.31    
0.5125 -0.296667    
0.535 -0.283333    
0.565 -0.27    
0.575 -0.266667    
0.5825 -0.266667    
0.585 -0.266667    
0.585 -0.266667    
0.585 -0.266667    
0.5875 -0.266667    
0.585 -0.266667    
