29
-0.005 0.226667    
-0.01 0.226667    
0.0025 0.223333    
0.02 0.22    
0.0475 0.216667    
0.135 0.213333    
0.19 0.216667    
0.2925 0.236667    
0.335 0.253333    
0.365 0.276667    
0.39 0.363333    
0.3875 0.413333    
0.3775 0.463333    
0.345 0.55    
0.3225 0.59    
0.3125 0.59    
0.3 0.57    
0.2875 0.53    
0.26 0.396667    
0.2475 0.31    
0.24 0.22    
0.245 0.0733333    
0.26 0.0233333    
0.3075 -0.0333333    
0.3425 -0.0433333    
0.3775 -0.04    
0.415 -0.03    
0.4775 0.00333333    
0.5 0.0233333    
