106
-0.1875 0.306667    
-0.2 0.303333    
-0.2 0.303333    
-0.2075 0.303333    
-0.2225 0.3    
-0.235 0.3    
-0.2475 0.3    
-0.2625 0.296667    
-0.285 0.296667    
-0.29 0.293333    
-0.29 0.286667    
-0.27 0.263333    
-0.245 0.246667    
-0.1625 0.233333    
-0.11 0.23    
-0.0025 0.25    
0.0475 0.263333    
0.0925 0.28    
0.18 0.323333    
0.22 0.343333    
0.2525 0.37    
0.3 0.413333    
0.315 0.433333    
0.3225 0.453333    
0.3275 0.473333    
0.3175 0.506667    
0.305 0.523333    
0.27 0.556667    
0.2475 0.57    
0.2225 0.59    
0.1775 0.62    
0.16 0.626667    
0.135 0.633333    
0.125 0.626667    
0.1175 0.61    
0.115 0.546667    
0.115 0.493333    
0.115 0.423333    
0.0975 0.253333    
0.06 0.03    
0.0375 -0.0866667    
0.01 -0.21    
-0.015 -0.326667    
-0.055 -0.533333    
-0.075 -0.626667    
-0.0875 -0.713333    
-0.11 -0.846667    
-0.1175 -0.893333    
-0.12 -0.943333    
-0.1175 -0.893333    
-0.0975 -0.88    
-0.0975 -0.88    
-0.0675 -0.863333    
-0.0325 -0.843333    
0.0475 -0.806667    
0.095 -0.786667    
0.19 -0.726667    
0.2325 -0.69    
0.27 -0.64    
0.3325 -0.543333    
0.36 -0.496667    
0.3825 -0.446667    
0.4075 -0.356667    
0.4125 -0.26    
0.405 -0.213333    
0.395 -0.173333    
0.38 -0.136667    
0.3625 -0.106667    
0.335 -0.0666667    
0.325 -0.0533333    
0.3175 -0.05    
0.315 -0.0533333    
0.315 -0.0533333    
0.315 -0.0633333    
0.315 -0.0733333    
0.315 -0.0733333    
0.3175 -0.0766667    
0.32 -0.0766667    
0.3225 -0.0766667    
0.3225 -0.0733333    
0.325 -0.0733333    
0.325 -0.07    
0.3275 -0.07    
0.3275 -0.07    
0.3325 -0.0666667    
0.335 -0.0666667    
0.3375 -0.0666667    
0.3425 -0.0666667    
0.3475 -0.0666667    
0.35 -0.07    
0.3525 -0.07    
0.355 -0.0666667    
0.3575 -0.0666667    
0.36 -0.0666667    
0.3625 -0.0633333    
0.365 -0.06    
0.37 -0.0533333    
0.3775 -0.04    
0.3825 -0.0333333    
0.3825 -0.03    
0.385 -0.03    
0.3825 -0.03    
0.3825 -0.0333333    
0.38 -0.0333333    
0.3775 -0.0366667    
0.375 -0.0366667    
