45
-0.02 0.676667    
-0.02 0.69    
-0.02 0.693333    
-0.02 0.693333    
-0.02 0.676667    
-0.02 0.656667    
-0.02 0.616667    
-0.03 0.493333    
-0.0375 0.326667    
-0.0375 0.326667    
-0.035 0.16    
-0.02 0.03    
-0.0025 -0.02    
0.02 -0.0566667    
0.0525 -0.0833333    
0.125 -0.113333    
0.1625 -0.113333    
0.225 -0.0933333    
0.2475 -0.0766667    
0.26 -0.0566667    
0.2575 -0.00333333    
0.2425 0.0266667    
0.185 0.0933333    
0.15 0.116667    
0.11 0.14    
0.0325 0.176667    
-0.0025 0.193333    
-0.07 0.216667    
-0.1025 0.223333    
-0.1325 0.226667    
-0.16 0.23    
-0.2 0.236667    
-0.22 0.243333    
-0.22 0.243333    
-0.2325 0.25    
-0.235 0.253333    
-0.2375 0.26    
-0.24 0.276667    
-0.24 0.283333    
-0.235 0.29    
-0.235 0.293333    
-0.2325 0.296667    
-0.23 0.303333    
-0.23 0.303333    
-0.23 0.316667    
