84
-0.04 0.62    
-0.0425 0.62    
-0.0425 0.616667    
-0.045 0.606667    
-0.045 0.606667    
-0.0475 0.58    
-0.05 0.536667    
-0.05 0.536667    
-0.055 0.483333    
-0.0575 0.453333    
-0.06 0.383333    
-0.0625 0.34    
-0.0675 0.236667    
-0.0725 0.176667    
-0.08 0.11    
-0.0925 -0.0333333    
-0.095 -0.0966667    
-0.0975 -0.2    
-0.095 -0.233333    
-0.0925 -0.263333    
-0.0875 -0.316667    
-0.0825 -0.34    
-0.08 -0.363333    
-0.0775 -0.386667    
-0.0725 -0.42    
-0.0675 -0.433333    
-0.0525 -0.44    
-0.0425 -0.436667    
-0.03 -0.426667    
0.0025 -0.393333    
0.0175 -0.37    
0.03 -0.353333    
0.0425 -0.313333    
0.0425 -0.293333    
0.04 -0.273333    
0.025 -0.23    
0 -0.196667    
-0.0125 -0.18    
-0.0375 -0.156667    
-0.0375 -0.156667    
-0.0675 -0.13    
-0.1075 -0.0966667    
-0.13 -0.08    
-0.155 -0.06    
-0.1825 -0.0433333    
-0.2275 -0.0133333    
-0.245 0    
-0.26 0.01    
-0.275 0.03    
-0.28 0.0433333    
-0.275 0.0666667    
-0.27 0.08    
-0.26 0.09    
-0.235 0.113333    
-0.22 0.12    
-0.19 0.14    
-0.17 0.15    
-0.1275 0.17    
-0.1 0.18    
-0.075 0.186667    
-0.05 0.19    
-0.0025 0.2    
0.015 0.2    
0.0325 0.203333    
0.0575 0.206667    
0.075 0.206667    
0.08 0.206667    
0.085 0.21    
0.0875 0.21    
0.09 0.21    
0.0925 0.21    
0.095 0.21    
0.095 0.21    
0.0975 0.21    
0.0975 0.21    
0.0975 0.21    
0.1 0.21    
0.1 0.21    
0.1 0.21    
0.1 0.206667    
0.1 0.206667    
0.1 0.206667    
0.1 0.206667    
0.1 0.203333    
