37
-0.1975 0.13    
-0.175 0.11    
-0.1025 0.08    
-0.0575 0.07    
0.04 0.0533333    
0.04 0.0533333    
0.04 0.0533333    
0.155 0.0466667    
0.205 0.05    
0.28 0.0633333    
0.29 0.0733333    
0.295 0.0866667    
0.2875 0.126667    
0.275 0.15    
0.2625 0.183333    
0.225 0.253333    
0.2075 0.29    
0.19 0.323333    
0.16 0.37    
0.15 0.38    
0.1375 0.376667    
0.1125 0.34    
0.0975 0.3    
0.0675 0.183333    
0.0525 0.103333    
0.0375 0.0166667    
0.015 -0.163333    
0.0075 -0.253333    
0.005 -0.413333    
0.01 -0.48    
0.035 -0.58    
0.035 -0.58    
0.075 -0.633333    
0.125 -0.653333    
0.1475 -0.653333    
0.17 -0.643333    
0.1875 -0.63    
