55
-0.305 0.236667    
-0.3075 0.233333    
-0.3075 0.223333    
-0.31 0.22    
-0.31 0.213333    
-0.31 0.21    
-0.31 0.2    
-0.3025 0.193333    
-0.2975 0.193333    
-0.2775 0.193333    
-0.255 0.193333    
-0.2025 0.183333    
-0.1575 0.186667    
-0.11 0.186667    
-0.04 0.196667    
0.03 0.213333    
0.075 0.216667    
0.1175 0.223333    
0.1825 0.24    
0.1975 0.246667    
0.215 0.266667    
0.225 0.303333    
0.2225 0.333333    
0.215 0.36    
0.185 0.376667    
0.1525 0.373333    
0.1125 0.37    
0.0625 0.373333    
0.02 0.356667    
-0.0175 0.34    
-0.055 0.32    
-0.0775 0.29    
-0.0975 0.223333    
-0.105 0.193333    
-0.1175 0.0933333    
-0.1275 -0.00333333    
-0.13 -0.0466667    
-0.1275 -0.0933333    
-0.12 -0.206667    
-0.115 -0.26    
-0.1075 -0.293333    
-0.0925 -0.336667    
-0.07 -0.356667    
-0.025 -0.356667    
0.04 -0.336667    
0.1025 -0.31    
0.1925 -0.263333    
0.2725 -0.216667    
0.32 -0.18    
0.375 -0.13    
0.3925 -0.113333    
0.405 -0.0966667    
0.41 -0.09    
0.41 -0.0866667    
0.4075 -0.0733333    
