73
-0.3575 0.36    
-0.3575 0.35    
-0.35 0.346667    
-0.3325 0.336667    
-0.3025 0.333333    
-0.2725 0.33    
-0.2225 0.326667    
-0.175 0.323333    
-0.1225 0.31    
-0.0075 0.273333    
0.0475 0.256667    
0.0975 0.24    
0.1425 0.236667    
0.18 0.236667    
0.23 0.25    
0.2375 0.256667    
0.2425 0.276667    
0.2375 0.333333    
0.23 0.383333    
0.2175 0.44    
0.2025 0.513333    
0.19 0.56    
0.1725 0.606667    
0.15 0.626667    
0.13 0.626667    
0.105 0.62    
0.08 0.61    
0.04 0.59    
0.02 0.57    
0.01 0.563333    
-0.005 0.533333    
-0.0175 0.496667    
-0.0225 0.47    
-0.0325 0.42    
-0.045 0.346667    
-0.055 0.223333    
-0.06 0.153333    
-0.0625 0.00666667    
-0.06 -0.0933333    
-0.0525 -0.24    
-0.045 -0.316667    
-0.0375 -0.383333    
-0.02 -0.483333    
-0.005 -0.53    
0.0175 -0.57    
0.0725 -0.613333    
0.1025 -0.626667    
0.18 -0.643333    
0.2425 -0.64    
0.2825 -0.63    
0.325 -0.6    
0.35 -0.573333    
0.37 -0.526667    
0.3775 -0.503333    
0.3875 -0.46    
0.3925 -0.433333    
0.4 -0.396667    
0.4025 -0.393333    
0.405 -0.39    
0.41 -0.393333    
0.4125 -0.396667    
0.415 -0.396667    
0.42 -0.396667    
0.425 -0.39    
0.4275 -0.39    
0.43 -0.386667    
0.4325 -0.386667    
0.435 -0.39    
0.4375 -0.39    
0.44 -0.39    
0.4425 -0.393333    
0.4425 -0.393333    
0.445 -0.396667    
