132
-0.685 0.243333    
-0.695 0.256667    
-0.705 0.273333    
-0.715 0.283333    
-0.735 0.303333    
-0.75 0.31    
-0.7625 0.32    
-0.7725 0.326667    
-0.78 0.33    
-0.785 0.33    
-0.77 0.33    
-0.71 0.32    
-0.655 0.313333    
-0.4125 0.3    
-0.2775 0.306667    
-0.1625 0.33    
-0.0775 0.38    
-0.0275 0.45    
-0.0075 0.573333    
-0.0225 0.636667    
-0.055 0.67    
-0.1025 0.683333    
-0.14 0.65    
-0.1825 0.533333    
-0.19 0.336667    
-0.1775 0.173333    
-0.1525 0.103333    
-0.08 0.02    
-0.0375 0.01    
-0.0025 0.0333333    
0.0325 0.07    
0.12 0.213333    
0.15 0.283333    
0.2 0.416667    
0.225 0.466667    
0.23 0.436667    
0.2475 0.376667    
0.2625 0.35    
0.3125 0.326667    
0.36 0.35    
0.3725 0.34    
0.3675 0.23    
0.355 0.0866667    
0.3275 -0.19    
0.32 -0.316667    
0.3425 -0.363333    
0.405 -0.316667    
0.4875 -0.186667    
0.5575 -0.0566667    
0.6425 0.126667    
0.6875 0.27    
0.725 0.45    
0.7325 0.55    
0.7175 0.63    
0.6875 0.653333    
0.6625 0.633333    
0.635 0.583333    
0.6225 0.513333    
0.6225 0.483333    
0.635 0.43    
0.645 0.413333    
0.6575 0.416667    
0.67 0.43    
0.6825 0.46    
0.685 0.473333    
0.6825 0.466667    
0.665 0.373333    
0.6575 0.316667    
0.64 0.176667    
0.635 0.0466667    
0.645 -0.01    
0.6825 -0.00333333    
0.7175 0.0466667    
0.755 0.13    
0.7975 0.243333    
0.84 0.383333    
0.865 0.506667    
0.8725 0.576667    
0.8625 0.623333    
0.8325 0.61    
0.81 0.57    
0.7775 0.503333    
0.7575 0.463333    
0.7575 0.44    
0.78 0.416667    
0.8 0.38    
0.82 0.326667    
0.8375 0.27    
0.8475 0.206667    
0.8525 0.216667    
0.8625 0.243333    
0.8775 0.273333    
0.8875 0.283333    
0.8925 0.286667    
0.885 0.313333    
0.88 0.343333    
0.8675 0.37    
0.8475 0.373333    
0.8125 0.353333    
0.7975 0.343333    
0.785 0.333333    
0.775 0.376667    
0.795 0.453333    
0.81 0.486667    
0.835 0.516667    
0.85 0.506667    
0.8625 0.466667    
0.875 0.406667    
0.8875 0.363333    
0.9025 0.376667    
0.905 0.4    
0.89 0.46    
0.88 0.51    
0.8775 0.553333    
0.8875 0.553333    
0.9 0.53    
0.9025 0.463333    
0.8775 0.39    
0.85 0.34    
0.8275 0.296667    
0.815 0.25    
0.82 0.21    
0.8375 0.0966667    
0.8425 0.05    
0.8425 0.0166667    
0.8425 0.00666667    
0.84 0.0466667    
0.84 0.0866667    
0.84 0.106667    
0.8425 0.133333    
0.85 0.163333    
0.85 0.183333    
