51
-0.305 0.38    
-0.2775 0.366667    
-0.2325 0.356667    
-0.19 0.35    
-0.1225 0.343333    
-0.07 0.34    
0.0225 0.34    
0.055 0.34    
0.115 0.343333    
0.1575 0.346667    
0.18 0.35    
0.195 0.356667    
0.195 0.363333    
0.1875 0.383333    
0.1775 0.406667    
0.1525 0.44    
0.1325 0.466667    
0.1025 0.496667    
0.0725 0.52    
0.0525 0.533333    
0.025 0.543333    
0.005 0.543333    
-0.015 0.533333    
-0.0325 0.513333    
-0.0475 0.47    
-0.06 0.43    
-0.0725 0.366667    
-0.08 0.303333    
-0.0875 0.243333    
-0.09 0.2    
-0.095 0.156667    
-0.1 0.1    
-0.1025 0.06    
-0.1025 -0.00333333    
-0.095 -0.0366667    
-0.0825 -0.07    
-0.055 -0.106667    
-0.02 -0.133333    
0.015 -0.15    
0.0625 -0.166667    
0.1 -0.173333    
0.1475 -0.18    
0.1925 -0.18    
0.2225 -0.18    
0.255 -0.176667    
0.2775 -0.176667    
0.3025 -0.176667    
0.3075 -0.173333    
0.3325 -0.173333    
0.3425 -0.173333    
0.3525 -0.17    
