75
-0.035 0.0466667    
-0.04 0.05    
-0.045 0.0533333    
-0.05 0.0533333    
-0.045 0.06    
-0.0325 0.06    
-0.0125 0.0633333    
0.0275 0.0633333    
0.0675 0.0633333    
0.095 0.0633333    
0.15 0.0666667    
0.19 0.07    
0.23 0.08    
0.2675 0.09    
0.285 0.0933333    
0.3025 0.103333    
0.3125 0.11    
0.3225 0.12    
0.3275 0.13    
0.33 0.143333    
0.33 0.166667    
0.325 0.186667    
0.31 0.223333    
0.295 0.246667    
0.28 0.27    
0.2575 0.296667    
0.2425 0.313333    
0.225 0.326667    
0.2125 0.333333    
0.195 0.333333    
0.1825 0.326667    
0.1725 0.31    
0.1625 0.28    
0.1575 0.236667    
0.15 0.193333    
0.1425 0.123333    
0.135 0.0633333    
0.1225 -0.02    
0.115 -0.08    
0.1025 -0.156667    
0.09 -0.226667    
0.0775 -0.29    
0.0675 -0.35    
0.06 -0.39    
0.0575 -0.42    
0.055 -0.47    
0.055 -0.506667    
0.055 -0.54    
0.0575 -0.57    
0.0625 -0.603333    
0.07 -0.62    
0.075 -0.626667    
0.09 -0.63    
0.1075 -0.63    
0.1175 -0.623333    
0.1325 -0.613333    
0.155 -0.593333    
0.1775 -0.57    
0.2025 -0.533333    
0.225 -0.496667    
0.24 -0.473333    
0.2525 -0.446667    
0.26 -0.43    
0.265 -0.423333    
0.265 -0.42    
0.2675 -0.416667    
0.27 -0.416667    
0.275 -0.413333    
0.275 -0.413333    
0.2775 -0.413333    
0.28 -0.413333    
0.2825 -0.42    
0.2875 -0.423333    
0.29 -0.43    
0.295 -0.44    
