46
-0.5225 0.116667    
-0.51 0.116667    
-0.4875 0.13    
-0.465 0.146667    
-0.4225 0.17    
-0.3575 0.186667    
-0.33 0.19    
-0.285 0.2    
-0.2 0.22    
-0.1725 0.23    
-0.115 0.253333    
-0.095 0.26    
-0.07 0.27    
-0.0575 0.273333    
-0.05 0.27    
-0.055 0.27    
-0.0575 0.27    
-0.0725 0.273333    
-0.09 0.276667    
-0.1175 0.28    
-0.14 0.286667    
-0.17 0.3    
-0.1925 0.31    
-0.2225 0.34    
-0.2375 0.363333    
-0.26 0.4    
-0.2725 0.423333    
-0.2825 0.446667    
-0.29 0.47    
-0.295 0.493333    
-0.2975 0.513333    
-0.3 0.523333    
-0.3025 0.503333    
-0.305 0.463333    
-0.305 0.393333    
-0.305 0.313333    
-0.3 0.196667    
-0.295 0.07    
-0.2875 -0.0166667    
-0.275 -0.12    
-0.2575 -0.21    
-0.2375 -0.256667    
-0.19 -0.29    
-0.1375 -0.3    
-0.05 -0.3    
0.1175 -0.276667    
