65
0 0.2    
0 0.2    
0.0025 0.2    
0.005 0.2    
0.005 0.2    
0.005 0.2    
0.01 0.206667    
0.015 0.223333    
0.025 0.243333    
0.0375 0.28    
0.05 0.313333    
0.0625 0.356667    
0.0725 0.386667    
0.0825 0.426667    
0.095 0.47    
0.1 0.49    
0.1025 0.506667    
0.105 0.52    
0.1075 0.526667    
0.1075 0.523333    
0.105 0.513333    
0.0975 0.48    
0.09 0.453333    
0.08 0.403333    
0.065 0.316667    
0.0525 0.24    
0.045 0.136667    
0.04 0.0366667    
0.045 -0.0433333    
0.05 -0.09    
0.0575 -0.123333    
0.07 -0.15    
0.085 -0.16    
0.105 -0.156667    
0.12 -0.146667    
0.14 -0.123333    
0.155 -0.0966667    
0.1675 -0.0633333    
0.1825 -0.0166667    
0.1925 0.0433333    
0.1925 0.0666667    
0.185 0.106667    
0.1625 0.14    
0.1375 0.16    
0.0875 0.183333    
0.055 0.193333    
0.025 0.2    
-0.0075 0.21    
-0.03 0.213333    
-0.0425 0.216667    
-0.05 0.22    
-0.05 0.223333    
-0.045 0.23    
-0.035 0.236667    
-0.0175 0.243333    
0.0225 0.266667    
0.0525 0.28    
0.075 0.29    
0.11 0.303333    
0.15 0.316667    
0.185 0.33    
0.205 0.333333    
0.22 0.34    
0.2275 0.343333    
0.23 0.343333    
