47
-0.2075 0.333333    
-0.2075 0.35    
-0.2075 0.35    
-0.2075 0.323333    
-0.205 0.273333    
-0.2025 0.203333    
-0.18 0.02    
-0.1425 -0.173333    
-0.12 -0.253333    
-0.0925 -0.306667    
-0.0625 -0.336667    
-0.0025 -0.333333    
0.0625 -0.27    
0.095 -0.233333    
0.1225 -0.196667    
0.1475 -0.16    
0.185 -0.1    
0.1975 -0.0733333    
0.2025 -0.0466667    
0.205 0.01    
0.2 0.04    
0.195 0.0733333    
0.18 0.136667    
0.1725 0.166667    
0.165 0.22    
0.165 0.24    
0.165 0.26    
0.17 0.28    
0.175 0.29    
0.175 0.29    
0.1825 0.293333    
0.19 0.3    
0.1925 0.303333    
0.1975 0.306667    
0.2 0.31    
0.205 0.32    
0.2075 0.323333    
0.21 0.33    
0.2125 0.333333    
0.2125 0.333333    
0.2175 0.333333    
0.22 0.333333    
0.2225 0.333333    
0.225 0.333333    
0.2275 0.336667    
0.2275 0.336667    
0.23 0.34    
