27
-0.29 0.376667    
-0.3025 0.346667    
-0.315 0.27    
-0.3225 0.17    
-0.3225 0    
-0.3075 -0.183333    
-0.29 -0.313333    
-0.2675 -0.41    
-0.235 -0.466667    
-0.1975 -0.436667    
-0.165 -0.366667    
-0.13 -0.266667    
-0.09 -0.146667    
-0.035 0.0533333    
-0.015 0.16    
-0.0075 0.246667    
-0.01 0.316667    
-0.0325 0.383333    
-0.0425 0.386667    
-0.0475 0.36    
-0.05 0.343333    
-0.0525 0.27    
-0.035 0.07    
-0.015 -0.0766667    
0.0075 -0.226667    
0.0475 -0.4    
0.08 -0.503333    
