71
-0.2125 0.363333    
-0.2125 0.353333    
-0.2175 0.343333    
-0.2225 0.34    
-0.235 0.336667    
-0.2375 0.333333    
-0.2375 0.33    
-0.2325 0.32    
-0.2175 0.313333    
-0.2025 0.313333    
-0.1725 0.32    
-0.15 0.326667    
-0.125 0.34    
-0.0975 0.35    
-0.08 0.363333    
-0.07 0.366667    
-0.0675 0.37    
-0.07 0.366667    
-0.0775 0.356667    
-0.0925 0.333333    
-0.1125 0.29    
-0.1325 0.243333    
-0.155 0.16    
-0.18 0.0533333    
-0.195 -0.04    
-0.21 -0.17    
-0.22 -0.263333    
-0.22 -0.383333    
-0.2025 -0.483333    
-0.1875 -0.546667    
-0.1675 -0.603333    
-0.135 -0.663333    
-0.0975 -0.7    
-0.065 -0.713333    
-0.0325 -0.706667    
-0.0075 -0.69    
0.0375 -0.63    
0.0775 -0.546667    
0.1125 -0.44    
0.135 -0.35    
0.165 -0.236667    
0.19 -0.126667    
0.2075 -0.0566667    
0.225 0.02    
0.2375 0.07    
0.2475 0.113333    
0.255 0.173333    
0.2575 0.203333    
0.2575 0.223333    
0.2525 0.23    
0.245 0.216667    
0.2325 0.193333    
0.2175 0.14    
0.2025 0.0633333    
0.1925 0    
0.19 -0.07    
0.19 -0.163333    
0.1975 -0.253333    
0.2075 -0.333333    
0.2175 -0.39    
0.23 -0.443333    
0.25 -0.506667    
0.2725 -0.556667    
0.29 -0.586667    
0.3225 -0.623333    
0.3375 -0.636667    
0.355 -0.646667    
0.3725 -0.653333    
0.38 -0.656667    
0.39 -0.656667    
0.3925 -0.656667    
