68
0.0225 0.376667    
0.0225 0.376667    
0.0225 0.376667    
0.025 0.376667    
0.025 0.376667    
0.0275 0.373333    
0.0275 0.37    
0.03 0.366667    
0.035 0.353333    
0.0375 0.343333    
0.04 0.31    
0.0375 0.28    
0.0375 0.243333    
0.0325 0.19    
0.025 0.13    
0.02 0.0966667    
0.015 0.0666667    
0.01 0.02    
0.01 -0.0166667    
0.0075 -0.0633333    
0.0025 -0.11    
0 -0.143333    
0.0025 -0.186667    
0.01 -0.22    
0.0225 -0.243333    
0.0425 -0.26    
0.075 -0.266667    
0.1125 -0.263333    
0.1475 -0.243333    
0.1725 -0.22    
0.195 -0.193333    
0.22 -0.153333    
0.235 -0.12    
0.2575 -0.0633333    
0.2675 -0.0266667    
0.2775 0.03    
0.28 0.0566667    
0.285 0.106667    
0.2925 0.173333    
0.295 0.22    
0.3 0.263333    
0.3075 0.313333    
0.3075 0.33    
0.31 0.343333    
0.31 0.35    
0.3125 0.353333    
0.3125 0.353333    
0.315 0.346667    
0.315 0.333333    
0.32 0.29    
0.3225 0.25    
0.32 0.203333    
0.3175 0.133333    
0.315 0.08    
0.315 0.0166667    
0.315 -0.0433333    
0.315 -0.0866667    
0.315 -0.14    
0.32 -0.18    
0.33 -0.233333    
0.3375 -0.263333    
0.345 -0.286667    
0.3575 -0.316667    
0.3725 -0.34    
0.385 -0.353333    
0.4 -0.366667    
0.4175 -0.376667    
0.435 -0.376667    
