39
-0.155 0.53    
-0.1725 0.53    
-0.205 0.52    
-0.22 0.493333    
-0.2325 0.35    
-0.23 0.23    
-0.2175 0.0966667    
-0.17 -0.126667    
-0.1375 -0.186667    
-0.1 -0.196667    
-0.0075 -0.113333    
0.0375 -0.04    
0.1 0.113333    
0.1175 0.173333    
0.1275 0.22    
0.1375 0.27    
0.14 0.276667    
0.14 0.273333    
0.1425 0.19    
0.145 0.11    
0.155 -0.0866667    
0.1625 -0.18    
0.1725 -0.26    
0.2 -0.38    
0.2175 -0.426667    
0.2375 -0.466667    
0.275 -0.513333    
0.3075 -0.533333    
0.3075 -0.533333    
0.33 -0.533333    
0.3375 -0.53    
0.3525 -0.516667    
0.36 -0.506667    
0.3675 -0.483333    
0.3675 -0.483333    
0.3725 -0.453333    
0.375 -0.423333    
0.375 -0.373333    
0.3725 -0.363333    
