31
0.2175 0.263333    
0.2125 0.266667    
0.21 0.27    
0.215 0.27    
0.215 0.266667    
0.215 0.253333    
0.2075 0.193333    
0.2075 0.0966667    
0.22 0.0533333    
0.245 0.0266667    
0.3275 0.02    
0.375 0.04    
0.415 0.07    
0.445 0.106667    
0.4775 0.186667    
0.4825 0.226667    
0.485 0.27    
0.4825 0.326667    
0.4825 0.326667    
0.4825 0.326667    
0.475 0.31    
0.4725 0.266667    
0.47 0.213333    
0.4725 0.153333    
0.4775 0.0966667    
0.495 0.0166667    
0.505 -0.01    
0.5225 -0.0366667    
0.5275 -0.0433333    
0.53 -0.0433333    
0.5325 -0.0433333    
