52
-0.0525 0.43    
-0.0575 0.44    
-0.06 0.453333    
-0.07 0.473333    
-0.0775 0.476667    
-0.085 0.476667    
-0.1075 0.443333    
-0.14 0.346667    
-0.1575 0.27    
-0.175 0.173333    
-0.1925 0.07    
-0.2125 -0.136667    
-0.2125 -0.22    
-0.205 -0.286667    
-0.1725 -0.38    
-0.15 -0.403333    
-0.12 -0.416667    
-0.045 -0.39    
0.0525 -0.29    
0.1 -0.22    
0.15 -0.143333    
0.2375 0.0133333    
0.275 0.09    
0.31 0.163333    
0.3575 0.293333    
0.375 0.346667    
0.395 0.423333    
0.4 0.45    
0.4025 0.466667    
0.3975 0.483333    
0.3875 0.48    
0.375 0.456667    
0.3575 0.413333    
0.3175 0.283333    
0.2975 0.196667    
0.2725 0.02    
0.265 -0.0666667    
0.2625 -0.156667    
0.265 -0.326667    
0.275 -0.4    
0.3025 -0.516667    
0.32 -0.563333    
0.3575 -0.636667    
0.3775 -0.663333    
0.3925 -0.686667    
0.4075 -0.7    
0.43 -0.703333    
0.44 -0.69    
0.45 -0.656667    
0.47 -0.566667    
0.4825 -0.466667    
0.4825 -0.466667    
