46
-0.1575 0.563333    
-0.1625 0.57    
-0.165 0.573333    
-0.17 0.576667    
-0.17 0.573333    
-0.1625 0.546667    
-0.1525 0.52    
-0.1425 0.483333    
-0.12 0.373333    
-0.11 0.306667    
-0.1 0.233333    
-0.075 0.09    
-0.0575 0.0333333    
-0.0375 -0.0133333    
0.0075 -0.0633333    
0.0325 -0.0766667    
0.06 -0.0766667    
0.11 -0.0366667    
0.1325 0.00333333    
0.1675 0.106667    
0.1775 0.163333    
0.1875 0.223333    
0.1925 0.346667    
0.1925 0.4    
0.195 0.49    
0.2 0.513333    
0.2025 0.53    
0.2075 0.54    
0.2125 0.53    
0.22 0.446667    
0.225 0.363333    
0.2325 0.263333    
0.24 0.163333    
0.265 -0.00666667    
0.2825 -0.0566667    
0.3275 -0.106667    
0.3525 -0.12    
0.3775 -0.12    
0.395 -0.116667    
0.425 -0.0933333    
0.44 -0.0633333    
0.4425 -0.0466667    
0.44 -0.0266667    
0.4325 0.00333333    
0.4275 0.0166667    
0.42 0.03    
