85
-0.21 0.24    
-0.21 0.246667    
-0.21 0.25    
-0.21 0.256667    
-0.2075 0.256667    
-0.2075 0.256667    
-0.2075 0.253333    
-0.2075 0.25    
-0.2075 0.24    
-0.2075 0.216667    
-0.2075 0.2    
-0.21 0.156667    
-0.21 0.133333    
-0.2125 0.0733333    
-0.215 0.04    
-0.215 0.00333333    
-0.2175 -0.03    
-0.2175 -0.1    
-0.22 -0.133333    
-0.22 -0.2    
-0.22 -0.23    
-0.2225 -0.263333    
-0.2225 -0.323333    
-0.22 -0.356667    
-0.2175 -0.39    
-0.2075 -0.45    
-0.1975 -0.476667    
-0.175 -0.513333    
-0.16 -0.523333    
-0.145 -0.526667    
-0.1075 -0.506667    
-0.085 -0.486667    
-0.0625 -0.46    
-0.0175 -0.393333    
0.0025 -0.353333    
0.025 -0.316667    
0.0625 -0.233333    
0.0925 -0.143333    
0.1075 -0.1    
0.1175 -0.0533333    
0.135 0.03    
0.1425 0.0666667    
0.1475 0.1    
0.1525 0.126667    
0.1575 0.173333    
0.16 0.193333    
0.1625 0.23    
0.165 0.243333    
0.1675 0.256667    
0.1675 0.256667    
0.1675 0.266667    
0.1675 0.273333    
0.17 0.283333    
0.1675 0.28    
0.1675 0.276667    
0.165 0.246667    
0.1625 0.226667    
0.16 0.173333    
0.1575 0.146667    
0.1575 0.113333    
0.155 0.0466667    
0.155 -0.02    
0.155 -0.05    
0.155 -0.0833333    
0.1575 -0.113333    
0.16 -0.183333    
0.16 -0.22    
0.1625 -0.253333    
0.17 -0.316667    
0.175 -0.343333    
0.1775 -0.366667    
0.1875 -0.413333    
0.19 -0.43    
0.195 -0.466667    
0.1975 -0.48    
0.2 -0.49    
0.2 -0.51    
0.2025 -0.513333    
0.2025 -0.52    
0.2025 -0.526667    
0.2025 -0.53    
0.2025 -0.536667    
0.2025 -0.536667    
0.2025 -0.54    
0.2 -0.54    
