35
-0.115 0.24    
-0.115 0.216667    
-0.1175 0.18    
-0.1225 0.0733333    
-0.125 0    
-0.1275 -0.08    
-0.1175 -0.25    
-0.105 -0.323333    
-0.075 -0.436667    
-0.0475 -0.483333    
-0.025 -0.513333    
0.0275 -0.536667    
0.0525 -0.53    
0.0775 -0.506667    
0.12 -0.42    
0.135 -0.353333    
0.1625 -0.193333    
0.17 -0.11    
0.18 0.04    
0.18 0.103333    
0.18 0.153333    
0.18 0.153333    
0.18 0.193333    
0.18 0.24    
0.18 0.24    
0.18 0.23    
0.1775 0.193333    
0.1775 0.05    
0.18 -0.05    
0.1825 -0.163333    
0.1975 -0.373333    
0.21 -0.46    
0.2275 -0.526667    
0.2625 -0.6    
0.28 -0.616667    
