53
-0.295 0.54    
-0.295 0.526667    
-0.295 0.51    
-0.2975 0.49    
-0.305 0.466667    
-0.315 0.423333    
-0.3225 0.393333    
-0.33 0.36    
-0.3325 0.31    
-0.33 0.233333    
-0.3275 0.176667    
-0.32 0.0933333    
-0.315 0.0466667    
-0.29 -0.08    
-0.26 -0.173333    
-0.2425 -0.22    
-0.1975 -0.293333    
-0.155 -0.326667    
-0.0925 -0.323333    
-0.04 -0.296667    
0.0525 -0.213333    
0.1175 -0.123333    
0.1475 -0.0833333    
0.1975 0.01    
0.2175 0.0766667    
0.2275 0.13    
0.2275 0.143333    
0.2275 0.19    
0.2325 0.29    
0.235 0.34    
0.2375 0.396667    
0.2475 0.45    
0.25 0.47    
0.255 0.486667    
0.255 0.48    
0.25 0.443333    
0.24 0.39    
0.23 0.31    
0.2175 0.16    
0.215 0.0433333    
0.215 -0.0133333    
0.22 -0.123333    
0.23 -0.246667    
0.2325 -0.293333    
0.2375 -0.39    
0.245 -0.443333    
0.27 -0.503333    
0.2875 -0.516667    
0.3325 -0.52    
0.3775 -0.5    
0.435 -0.463333    
0.4875 -0.42    
0.52 -0.383333    
