72
-0.335 0.486667    
-0.34 0.47    
-0.345 0.456667    
-0.3525 0.43    
-0.36 0.41    
-0.37 0.363333    
-0.38 0.31    
-0.3875 0.24    
-0.385 0.08    
-0.38 0.01    
-0.36 -0.133333    
-0.325 -0.29    
-0.3 -0.356667    
-0.27 -0.406667    
-0.24 -0.436667    
-0.1925 -0.45    
-0.1525 -0.45    
-0.1275 -0.44    
-0.07 -0.39    
-0.0425 -0.343333    
-0.02 -0.293333    
-0.005 -0.24    
0.0125 -0.163333    
0.025 -0.11    
0.03 -0.0866667    
0.04 -0.03    
0.0575 0.0533333    
0.065 0.0933333    
0.0825 0.18    
0.09 0.223333    
0.1 0.27    
0.105 0.293333    
0.1075 0.31    
0.11 0.323333    
0.11 0.326667    
0.11 0.33    
0.1075 0.323333    
0.1075 0.32    
0.105 0.31    
0.1025 0.293333    
0.0975 0.25    
0.0925 0.213333    
0.0875 0.166667    
0.0825 0.0666667    
0.085 -0.00333333    
0.09 -0.0733333    
0.1075 -0.193333    
0.1175 -0.253333    
0.1275 -0.306667    
0.14 -0.35    
0.1575 -0.4    
0.175 -0.433333    
0.1875 -0.45    
0.215 -0.48    
0.2375 -0.496667    
0.26 -0.513333    
0.2775 -0.52    
0.29 -0.523333    
0.3 -0.523333    
0.3075 -0.523333    
0.3175 -0.52    
0.3275 -0.516667    
0.33 -0.516667    
0.335 -0.513333    
0.3375 -0.51    
0.345 -0.503333    
0.3475 -0.503333    
0.3525 -0.496667    
0.3575 -0.493333    
0.36 -0.49    
0.3625 -0.483333    
0.365 -0.48    
