51
-0.3625 0.443333    
-0.3625 0.443333    
-0.365 0.44    
-0.365 0.44    
-0.365 0.436667    
-0.365 0.436667    
-0.365 0.436667    
-0.365 0.44    
-0.3625 0.44    
-0.36 0.44    
-0.36 0.44    
-0.3575 0.44    
-0.3575 0.44    
-0.355 0.443333    
-0.35 0.443333    
-0.3375 0.426667    
-0.305 0.376667    
-0.285 0.353333    
-0.24 0.306667    
-0.205 0.286667    
-0.165 0.296667    
-0.1375 0.326667    
-0.1275 0.346667    
-0.1225 0.36    
-0.1475 0.303333    
-0.1825 0.226667    
-0.2325 0.123333    
-0.2825 0.0233333    
-0.3375 -0.08    
-0.42 -0.213333    
-0.445 -0.25    
-0.455 -0.263333    
-0.4675 -0.28    
-0.47 -0.286667    
-0.465 -0.283333    
-0.465 -0.28    
-0.46 -0.273333    
-0.4525 -0.256667    
-0.445 -0.236667    
-0.44 -0.22    
-0.435 -0.19    
-0.435 -0.176667    
-0.4325 -0.163333    
-0.43 -0.143333    
-0.43 -0.133333    
-0.43 -0.116667    
-0.4375 -0.1    
-0.4425 -0.0933333    
-0.4475 -0.09    
-0.4625 -0.08    
-0.4675 -0.08    
