59
-0.1075 0.473333    
-0.125 0.456667    
-0.1425 0.416667    
-0.155 0.373333    
-0.1675 0.306667    
-0.175 0.246667    
-0.1775 0.156667    
-0.1775 0.0766667    
-0.175 -0.0133333    
-0.17 -0.103333    
-0.1625 -0.186667    
-0.1475 -0.263333    
-0.12 -0.343333    
-0.075 -0.406667    
-0.045 -0.43    
-0.0075 -0.443333    
0.0225 -0.44    
0.0625 -0.416667    
0.0925 -0.39    
0.1325 -0.333333    
0.16 -0.286667    
0.19 -0.21    
0.2075 -0.153333    
0.23 -0.0533333    
0.2425 0.00333333    
0.25 0.0566667    
0.2575 0.123333    
0.26 0.166667    
0.2625 0.213333    
0.265 0.253333    
0.265 0.273333    
0.2675 0.296667    
0.2675 0.306667    
0.2675 0.313333    
0.265 0.306667    
0.26 0.283333    
0.2575 0.253333    
0.2525 0.206667    
0.2475 0.166667    
0.245 0.126667    
0.2425 0.0733333    
0.24 0.0333333    
0.2375 -0.02    
0.2375 -0.0433333    
0.235 -0.0766667    
0.2325 -0.11    
0.2325 -0.15    
0.235 -0.186667    
0.24 -0.236667    
0.245 -0.266667    
0.2525 -0.296667    
0.2675 -0.326667    
0.28 -0.34    
0.3025 -0.353333    
0.325 -0.363333    
0.345 -0.37    
0.36 -0.37    
0.3775 -0.373333    
0.3875 -0.373333    
