65
0 -0.0566667    
0.01 -0.0266667    
0.0175 -0.01    
0.0375 0.02    
0.055 0.04    
0.09 0.0633333    
0.0975 0.06    
0.1075 0.0533333    
0.13 0.03    
0.145 -0.0233333    
0.15 -0.0766667    
0.1525 -0.16    
0.145 -0.226667    
0.1275 -0.333333    
0.1125 -0.406667    
0.105 -0.45    
0.0975 -0.486667    
0.095 -0.536667    
0.0975 -0.556667    
0.105 -0.573333    
0.1125 -0.59    
0.13 -0.6    
0.15 -0.6    
0.17 -0.596667    
0.19 -0.58    
0.23 -0.53    
0.265 -0.473333    
0.2825 -0.44    
0.315 -0.37    
0.335 -0.32    
0.3575 -0.25    
0.3775 -0.18    
0.385 -0.133333    
0.395 -0.0766667    
0.3975 -0.0533333    
0.3975 -0.0333333    
0.3975 -0.0166667    
0.3975 -0.00666667    
0.395 -0.00333333    
0.3925 -0.01    
0.385 -0.05    
0.3825 -0.07    
0.38 -0.0966667    
0.3775 -0.17    
0.3775 -0.216667    
0.375 -0.31    
0.3775 -0.43    
0.38 -0.483333    
0.385 -0.53    
0.39 -0.57    
0.4 -0.61    
0.41 -0.643333    
0.415 -0.663333    
0.42 -0.683333    
0.4275 -0.703333    
0.4425 -0.723333    
0.4525 -0.736667    
0.475 -0.76    
0.48 -0.766667    
0.485 -0.77    
0.49 -0.776667    
0.495 -0.783333    
0.4975 -0.783333    
0.5025 -0.786667    
0.505 -0.786667    
