55
-0.4225 0.176667    
-0.425 0.17    
-0.435 0.15    
-0.44 0.13    
-0.4475 0.1    
-0.4525 0.0466667    
-0.455 -0.0166667    
-0.4525 -0.07    
-0.4525 -0.126667    
-0.4475 -0.196667    
-0.44 -0.25    
-0.415 -0.31    
-0.39 -0.33    
-0.3825 -0.333333    
-0.3275 -0.33    
-0.265 -0.293333    
-0.22 -0.26    
-0.165 -0.206667    
-0.1275 -0.133333    
-0.11 -0.0766667    
-0.1 -0.0166667    
-0.09 0.06    
-0.0875 0.133333    
-0.0875 0.16    
-0.0875 0.176667    
-0.0875 0.183333    
-0.085 0.156667    
-0.085 0.0966667    
-0.0825 0.0166667    
-0.0775 -0.09    
-0.0725 -0.143333    
-0.0575 -0.233333    
-0.0375 -0.31    
-0.0125 -0.35    
0.01 -0.363333    
0.05 -0.36    
0.08 -0.353333    
0.13 -0.333333    
0.145 -0.316667    
0.165 -0.283333    
0.17 -0.253333    
0.165 -0.196667    
0.1525 -0.17    
0.14 -0.156667    
0.12 -0.146667    
0.1075 -0.15    
0.095 -0.163333    
0.0875 -0.176667    
0.085 -0.183333    
0.08 -0.193333    
0.075 -0.196667    
0.07 -0.2    
0.0625 -0.193333    
0.055 -0.19    
0.0475 -0.183333    
