45
0.045 0.393333    
0.04 0.39    
0.0375 0.38    
0.0375 0.36    
0.0375 0.34    
0.0375 0.31    
0.0325 0.253333    
0.02 0.176667    
0.005 0.0866667    
-0.0075 0.0233333    
-0.0175 -0.05    
-0.02 -0.106667    
-0.015 -0.133333    
-0.005 -0.15    
0.0225 -0.153333    
0.045 -0.14    
0.0725 -0.116667    
0.11 -0.0666667    
0.1475 -0.00666667    
0.17 0.0433333    
0.1975 0.113333    
0.22 0.173333    
0.23 0.203333    
0.245 0.243333    
0.255 0.273333    
0.265 0.3    
0.27 0.313333    
0.27 0.313333    
0.2675 0.306667    
0.26 0.283333    
0.2525 0.26    
0.245 0.23    
0.2375 0.18    
0.2325 0.13    
0.235 0.0833333    
0.24 0.04    
0.255 -0.0166667    
0.27 -0.05    
0.285 -0.0766667    
0.3075 -0.103333    
0.3275 -0.113333    
0.3425 -0.116667    
0.3575 -0.11    
0.3675 -0.103333    
0.375 -0.0966667    
