35
-0.14 0.36    
-0.18 0.366667    
-0.1925 0.366667    
-0.2 0.356667    
-0.205 0.29    
-0.1925 0.143333    
-0.1825 0.0466667    
-0.1725 -0.0566667    
-0.1575 -0.16    
-0.1325 -0.333333    
-0.125 -0.393333    
-0.1125 -0.463333    
-0.11 -0.473333    
-0.11 -0.466667    
-0.1075 -0.466667    
-0.1125 -0.416667    
-0.11 -0.34    
-0.1075 -0.29    
-0.1 -0.233333    
-0.0775 -0.113333    
-0.0625 -0.0566667    
-0.0475 0.00666667    
-0.0175 0.11    
-0.005 0.153333    
0.015 0.216667    
0.0225 0.24    
0.03 0.256667    
0.0325 0.266667    
0.035 0.28    
0.035 0.28    
0.03 0.283333    
0.025 0.283333    
0.0225 0.283333    
0.015 0.28    
0.01 0.28    
