57
-0.22 0.12    
-0.22 0.123333    
-0.22 0.123333    
-0.22 0.12    
-0.215 0.113333    
-0.21 0.0966667    
-0.2 0.06    
-0.1925 0.0233333    
-0.1875 -0.02    
-0.1825 -0.0966667    
-0.1725 -0.17    
-0.16 -0.24    
-0.1375 -0.326667    
-0.105 -0.416667    
-0.0875 -0.45    
-0.06 -0.503333    
-0.0275 -0.55    
-0.0025 -0.58    
0.0275 -0.603333    
0.045 -0.61    
0.07 -0.61    
0.085 -0.596667    
0.1 -0.57    
0.115 -0.52    
0.125 -0.47    
0.125 -0.373333    
0.1225 -0.34    
0.12 -0.263333    
0.12 -0.196667    
0.125 -0.126667    
0.135 -0.06    
0.15 0.03    
0.1625 0.0933333    
0.17 0.12    
0.175 0.143333    
0.1775 0.15    
0.18 0.15    
0.185 0.146667    
0.19 0.143333    
0.1975 0.14    
0.2125 0.133333    
0.2225 0.126667    
0.235 0.12    
0.2425 0.11    
0.2525 0.0966667    
0.26 0.0833333    
0.265 0.0766667    
0.2675 0.0666667    
0.2725 0.06    
0.275 0.0533333    
0.2775 0.0433333    
0.28 0.0366667    
0.2825 0.03    
0.2825 0.0233333    
0.285 0.02    
0.285 0.0166667    
0.285 0.0166667    
