48
-0.0625 0.346667    
-0.0725 0.363333    
-0.08 0.37    
-0.085 0.376667    
-0.0875 0.383333    
-0.0925 0.386667    
-0.0925 0.386667    
-0.09 0.386667    
-0.0875 0.38    
-0.08 0.37    
-0.0725 0.356667    
-0.065 0.343333    
-0.0575 0.333333    
-0.055 0.326667    
-0.05 0.31    
-0.04 0.276667    
-0.0275 0.23    
-0.0125 0.17    
0 0.13    
0.0125 0.0866667    
0.0325 0.0233333    
0.045 -0.0166667    
0.0625 -0.0733333    
0.075 -0.116667    
0.095 -0.173333    
0.1075 -0.206667    
0.1225 -0.236667    
0.135 -0.246667    
0.1475 -0.25    
0.16 -0.233333    
0.17 -0.21    
0.18 -0.163333    
0.195 -0.103333    
0.2075 -0.0566667    
0.23 0.01    
0.25 0.0533333    
0.2825 0.116667    
0.3175 0.18    
0.34 0.226667    
0.3625 0.27    
0.3825 0.323333    
0.4 0.373333    
0.405 0.39    
0.41 0.4    
0.4125 0.406667    
0.415 0.406667    
0.415 0.403333    
0.4125 0.396667    
