35
-0.0975 0.3    
-0.1125 0.316667    
-0.1225 0.33    
-0.135 0.343333    
-0.135 0.34    
-0.12 0.296667    
-0.1075 0.253333    
-0.0925 0.193333    
-0.0725 0.11    
-0.0275 -0.0766667    
0.005 -0.296667    
0.005 -0.296667    
0.0075 -0.493333    
0.005 -0.576667    
0.005 -0.686667    
0.0075 -0.72    
0.0125 -0.743333    
0.025 -0.76    
0.035 -0.753333    
0.0475 -0.736667    
0.09 -0.666667    
0.15 -0.556667    
0.1825 -0.483333    
0.2175 -0.403333    
0.2575 -0.313333    
0.3375 -0.123333    
0.3775 -0.0266667    
0.4125 0.0633333    
0.47 0.223333    
0.4925 0.276667    
0.5175 0.336667    
0.52 0.34    
0.5175 0.333333    
0.5 0.29    
0.485 0.26    
