55
-0.1775 0.546667    
-0.1775 0.546667    
-0.185 0.55    
-0.185 0.536667    
-0.175 0.463333    
-0.1675 0.393333    
-0.14 0.2    
-0.125 0.0866667    
-0.115 -0.02    
-0.105 -0.11    
-0.085 -0.23    
-0.05 -0.27    
-0.05 -0.27    
0.0025 -0.243333    
0.0375 -0.2    
0.1 -0.06    
0.125 0.0233333    
0.1475 0.113333    
0.175 0.276667    
0.185 0.34    
0.195 0.393333    
0.2075 0.456667    
0.2125 0.476667    
0.2175 0.493333    
0.22 0.5    
0.22 0.5    
0.2225 0.496667    
0.2225 0.496667    
0.2225 0.486667    
0.2225 0.48    
0.2225 0.476667    
0.225 0.466667    
0.225 0.463333    
0.225 0.46    
0.2275 0.453333    
0.225 0.45    
0.225 0.446667    
0.2225 0.44    
0.2175 0.44    
0.215 0.436667    
0.215 0.436667    
0.215 0.433333    
0.215 0.433333    
0.215 0.433333    
0.215 0.433333    
0.2125 0.436667    
0.2125 0.44    
0.2125 0.443333    
0.2125 0.45    
0.2125 0.456667    
0.2125 0.46    
0.215 0.463333    
0.215 0.466667    
0.215 0.47    
0.215 0.47    
