52
-0.3175 0.256667    
-0.3175 0.256667    
-0.3175 0.256667    
-0.3175 0.256667    
-0.3175 0.256667    
-0.3175 0.256667    
-0.3175 0.256667    
-0.3175 0.253333    
-0.3175 0.25    
-0.315 0.243333    
-0.31 0.22    
-0.3075 0.203333    
-0.305 0.183333    
-0.2975 0.13    
-0.29 0.07    
-0.2875 0.0433333    
-0.28 0.0133333    
-0.275 -0.0166667    
-0.26 -0.07    
-0.2525 -0.1    
-0.245 -0.13    
-0.2325 -0.183333    
-0.22 -0.233333    
-0.2125 -0.266667    
-0.2 -0.333333    
-0.185 -0.396667    
-0.185 -0.396667    
-0.1675 -0.463333    
-0.1475 -0.51    
-0.1375 -0.53    
-0.1275 -0.54    
-0.11 -0.546667    
-0.1 -0.54    
-0.0875 -0.523333    
-0.0725 -0.493333    
-0.03 -0.403333    
-0.005 -0.346667    
0.02 -0.286667    
0.0625 -0.173333    
0.0975 -0.07    
0.1125 -0.0266667    
0.125 0.0166667    
0.1375 0.0566667    
0.155 0.11    
0.16 0.126667    
0.1625 0.136667    
0.165 0.15    
0.165 0.153333    
0.165 0.16    
0.1675 0.16    
0.1675 0.16    
0.1675 0.163333    
