30
-0.125 0.166667    
-0.13 0.166667    
-0.1325 0.163333    
-0.125 0.126667    
-0.115 0.0866667    
-0.0825 -0.0466667    
-0.06 -0.133333    
-0.0375 -0.226667    
0.01 -0.403333    
0.0325 -0.476667    
0.0725 -0.586667    
0.09 -0.62    
0.1175 -0.656667    
0.13 -0.66    
0.1375 -0.656667    
0.1475 -0.64    
0.165 -0.573333    
0.1925 -0.456667    
0.1925 -0.456667    
0.2325 -0.316667    
0.2775 -0.19    
0.3 -0.136667    
0.32 -0.0966667    
0.3375 -0.0633333    
0.365 -0.0133333    
0.375 0.00333333    
0.3825 0.0133333    
0.39 0.03    
0.3925 0.0333333    
0.395 0.04    
