48
-0.45 0.476667    
-0.455 0.466667    
-0.4525 0.463333    
-0.45 0.443333    
-0.4425 0.423333    
-0.435 0.4    
-0.425 0.356667    
-0.4175 0.316667    
-0.4075 0.26    
-0.39 0.166667    
-0.375 0.106667    
-0.36 0.04    
-0.3425 -0.03    
-0.3125 -0.146667    
-0.3 -0.196667    
-0.275 -0.28    
-0.2525 -0.35    
-0.235 -0.386667    
-0.2125 -0.41    
-0.195 -0.406667    
-0.1675 -0.37    
-0.125 -0.263333    
-0.1025 -0.203333    
-0.0625 -0.0666667    
-0.035 0.05    
0 0.186667    
0.0275 0.306667    
0.045 0.393333    
0.0775 0.51    
0.09 0.546667    
0.1175 0.623333    
0.1425 0.66    
0.17 0.676667    
0.1825 0.68    
0.2 0.676667    
0.205 0.67    
0.2125 0.66    
0.2125 0.653333    
0.2025 0.596667    
0.2 0.576667    
0.1975 0.566667    
0.195 0.563333    
0.2025 0.596667    
0.2075 0.623333    
0.205 0.623333    
0.1975 0.62    
0.19 0.616667    
0.185 0.613333    
