54
-0.325 0.383333    
-0.3125 0.35    
-0.2925 0.3    
-0.28 0.253333    
-0.26 0.153333    
-0.2525 0.0966667    
-0.2425 0.03    
-0.235 -0.04    
-0.2175 -0.17    
-0.2075 -0.246667    
-0.2 -0.313333    
-0.1875 -0.4    
-0.185 -0.426667    
-0.1775 -0.48    
-0.175 -0.496667    
-0.17 -0.523333    
-0.165 -0.533333    
-0.1575 -0.533333    
-0.15 -0.513333    
-0.14 -0.483333    
-0.125 -0.426667    
-0.1 -0.333333    
-0.0825 -0.273333    
-0.06 -0.203333    
-0.0425 -0.156667    
-0.0075 -0.0633333    
0.015 -0.00666667    
0.0375 0.0433333    
0.0475 0.07    
0.0725 0.13    
0.0875 0.17    
0.095 0.19    
0.105 0.216667    
0.11 0.23    
0.115 0.24    
0.115 0.24    
0.12 0.246667    
0.12 0.25    
0.125 0.256667    
0.1275 0.266667    
0.1325 0.28    
0.1375 0.293333    
0.1475 0.313333    
0.155 0.326667    
0.1675 0.35    
0.18 0.37    
0.195 0.393333    
0.2 0.403333    
0.21 0.413333    
0.2125 0.42    
0.2175 0.423333    
0.2175 0.426667    
0.2175 0.426667    
0.2175 0.426667    
