76
-0.37 0.363333    
-0.375 0.366667    
-0.3825 0.366667    
-0.385 0.366667    
-0.3875 0.363333    
-0.385 0.36    
-0.3825 0.353333    
-0.3825 0.35    
-0.3775 0.356667    
-0.3625 0.39    
-0.3525 0.41    
-0.34 0.433333    
-0.3375 0.483333    
-0.3525 0.513333    
-0.365 0.54    
-0.3575 0.58    
-0.315 0.583333    
-0.285 0.583333    
-0.2275 0.583333    
-0.1575 0.58    
-0.12 0.586667    
-0.075 0.613333    
-0.04 0.646667    
-0.1625 0.5    
-0.1325 0.486667    
-0.0775 0.453333    
-0.0475 0.42    
-0.03 0.37    
-0.065 0.326667    
0.06 0.513333    
-0.0325 0.43    
-0.09 0.386667    
-0.2075 0.303333    
-0.3525 0.213333    
-0.43 0.16    
-0.4675 0.12    
-0.5275 0.0433333    
-0.565 -0.0233333    
-0.5775 -0.0533333    
-0.5975 -0.07    
-0.6125 -0.08    
-0.6175 -0.1    
-0.5925 -0.123333    
-0.5475 -0.136667    
-0.4325 -0.15    
-0.3575 -0.15    
-0.28 -0.15    
-0.2025 -0.143333    
-0.0825 -0.14    
-0.0525 -0.136667    
-0.0075 -0.13    
0.0175 -0.126667    
0.04 -0.12    
0.0575 -0.113333    
0.065 -0.11    
0.07 -0.103333    
0.07 -0.103333    
0.0725 -0.0966667    
0.075 -0.0933333    
0.075 -0.0866667    
0.075 -0.08    
0.0775 -0.0766667    
0.0775 -0.07    
0.0775 -0.07    
0.0775 -0.0666667    
0.0775 -0.0666667    
0.0775 -0.07    
0.085 -0.07    
0.09 -0.07    
0.0975 -0.0633333    
0.0025 -0.296667    
0.005 -0.286667    
0.0075 -0.273333    
0.0075 -0.256667    
0.01 -0.243333    
0.0075 -0.23    
