45
-0.08 0.316667    
-0.0825 0.33    
-0.085 0.346667    
-0.0875 0.363333    
-0.0875 0.373333    
-0.0875 0.38    
-0.0825 0.37    
-0.0725 0.336667    
-0.0625 0.296667    
-0.0475 0.24    
-0.0275 0.143333    
-0.01 0.06    
0.015 -0.08    
0.03 -0.163333    
0.05 -0.27    
0.065 -0.35    
0.0825 -0.45    
0.095 -0.52    
0.1125 -0.596667    
0.125 -0.656667    
0.13 -0.693333    
0.135 -0.726667    
0.1375 -0.743333    
0.1375 -0.753333    
0.14 -0.75    
0.145 -0.716667    
0.1475 -0.693333    
0.16 -0.603333    
0.17 -0.536667    
0.1775 -0.493333    
0.1875 -0.413333    
0.2 -0.306667    
0.21 -0.2    
0.215 -0.126667    
0.2175 -0.0566667    
0.2225 0.0466667    
0.2225 0.0966667    
0.225 0.143333    
0.2275 0.196667    
0.2325 0.226667    
0.2375 0.26    
0.245 0.286667    
0.2525 0.306667    
0.26 0.32    
0.265 0.326667    
