42
0.03 0.0766667    
0.02 0.0866667    
0.0175 0.09    
0.02 0.0866667    
0.0325 0.0633333    
0.04 0.0266667    
0.055 -0.0466667    
0.0625 -0.116667    
0.0725 -0.22    
0.08 -0.346667    
0.0825 -0.39    
0.0925 -0.48    
0.1 -0.526667    
0.1125 -0.566667    
0.1275 -0.593333    
0.1325 -0.596667    
0.1475 -0.603333    
0.155 -0.596667    
0.1675 -0.58    
0.1825 -0.536667    
0.19 -0.5    
0.2 -0.456667    
0.21 -0.406667    
0.2275 -0.323333    
0.24 -0.27    
0.2575 -0.21    
0.275 -0.15    
0.285 -0.123333    
0.3 -0.0733333    
0.3125 -0.04    
0.325 0    
0.3325 0.02    
0.3375 0.0333333    
0.3425 0.05    
0.345 0.06    
0.3475 0.07    
0.3525 0.0733333    
0.355 0.0733333    
0.3575 0.07    
0.3625 0.06    
0.3675 0.05    
0.37 0.0433333    
