36
-0.39 0.25    
-0.395 0.23    
-0.3975 0.22    
-0.4 0.193333    
-0.3975 0.17    
-0.39 0.136667    
-0.3775 0.0866667    
-0.3675 0.0433333    
-0.355 -0.0233333    
-0.3425 -0.09    
-0.335 -0.14    
-0.32 -0.213333    
-0.31 -0.253333    
-0.2975 -0.286667    
-0.285 -0.316667    
-0.275 -0.33    
-0.2625 -0.33    
-0.2475 -0.303333    
-0.24 -0.28    
-0.225 -0.236667    
-0.2075 -0.16    
-0.19 -0.0733333    
-0.1775 -0.00666667    
-0.165 0.0733333    
-0.15 0.18    
-0.145 0.22    
-0.135 0.27    
-0.13 0.323333    
-0.1325 0.32    
-0.1375 0.303333    
-0.145 0.266667    
-0.15 0.216667    
-0.1525 0.176667    
-0.155 0.123333    
-0.1575 0.0866667    
-0.16 0.0466667    
