31
-0.1675 0.39    
-0.1725 0.38    
-0.1725 0.366667    
-0.1675 0.353333    
-0.1575 0.326667    
-0.15 0.303333    
-0.1425 0.273333    
-0.135 0.226667    
-0.13 0.17    
-0.125 0.123333    
-0.1175 0.0633333    
-0.11 0    
-0.1025 -0.0533333    
-0.095 -0.14    
-0.09 -0.18    
-0.0875 -0.21    
-0.08 -0.23    
-0.08 -0.23    
-0.0725 -0.226667    
-0.0575 -0.2    
-0.0425 -0.173333    
-0.0225 -0.133333    
0.01 -0.07    
0.04 -0.0166667    
0.0875 0.0733333    
0.1125 0.123333    
0.14 0.18    
0.1575 0.213333    
0.1725 0.246667    
0.18 0.263333    
0.185 0.276667    
