44
-0.165 0.373333    
-0.23 0.366667    
-0.2575 0.363333    
-0.2825 0.356667    
-0.3175 0.336667    
-0.3275 0.27    
-0.32 0.21    
-0.3075 0.13    
-0.2875 0.0366667    
-0.24 -0.16    
-0.195 -0.323333    
-0.195 -0.323333    
-0.165 -0.39    
-0.1575 -0.383333    
-0.1425 -0.31    
-0.1375 -0.25    
-0.13 -0.18    
-0.115 -0.04    
-0.105 0.0166667    
-0.0925 0.0633333    
-0.07 0.123333    
-0.0575 0.126667    
-0.0425 0.106667    
-0.035 -0.02    
-0.0225 -0.21    
-0.015 -0.313333    
-0.005 -0.41    
0.0025 -0.493333    
0.0275 -0.596667    
0.0575 -0.586667    
0.075 -0.546667    
0.0925 -0.486667    
0.11 -0.413333    
0.1425 -0.23    
0.1525 -0.136667    
0.1575 -0.05    
0.165 0.0933333    
0.17 0.153333    
0.17 0.2    
0.1725 0.26    
0.17 0.283333    
0.17 0.286667    
0.17 0.283333    
0.1675 0.28    
