42
-0.425 0.256667    
-0.4275 0.233333    
-0.425 0.18    
-0.415 0.11    
-0.415 0.11    
-0.395 -0.00333333    
-0.375 -0.11    
-0.345 -0.236667    
-0.32 -0.303333    
-0.29 -0.31    
-0.27 -0.27    
-0.2375 -0.16    
-0.1975 -0.03    
-0.1625 0.06    
-0.1175 0.173333    
-0.0875 0.24    
-0.0625 0.286667    
-0.0325 0.323333    
-0.015 0.323333    
0 0.306667    
0.0175 0.253333    
0.0275 0.166667    
0.035 0.0733333    
0.04 -0.0366667    
0.0475 -0.153333    
0.065 -0.31    
0.0925 -0.45    
0.115 -0.53    
0.1425 -0.59    
0.1775 -0.63    
0.215 -0.616667    
0.2475 -0.566667    
0.2825 -0.486667    
0.3375 -0.34    
0.3775 -0.21    
0.43 -0.0333333    
0.465 0.12    
0.485 0.203333    
0.495 0.28    
0.495 0.306667    
0.4925 0.316667    
0.49 0.32    
