55
-0.255 0.233333    
-0.2575 0.236667    
-0.26 0.233333    
-0.2675 0.223333    
-0.27 0.21    
-0.275 0.186667    
-0.2725 0.16    
-0.265 0.09    
-0.255 0.0366667    
-0.235 -0.0533333    
-0.22 -0.126667    
-0.2025 -0.196667    
-0.1725 -0.306667    
-0.155 -0.363333    
-0.13 -0.416667    
-0.1125 -0.443333    
-0.0925 -0.456667    
-0.0675 -0.446667    
-0.0375 -0.416667    
-0.0175 -0.38    
0.0125 -0.316667    
0.0375 -0.243333    
0.0575 -0.186667    
0.0725 -0.13    
0.08 -0.09    
0.095 -0.00666667    
0.1 0.03    
0.1075 0.07    
0.1125 0.0833333    
0.12 0.0833333    
0.1325 0.0666667    
0.1425 0.0333333    
0.16 -0.0333333    
0.1825 -0.12    
0.205 -0.216667    
0.2225 -0.286667    
0.25 -0.37    
0.2725 -0.433333    
0.285 -0.47    
0.3025 -0.5    
0.3175 -0.51    
0.335 -0.506667    
0.35 -0.486667    
0.36 -0.463333    
0.3725 -0.413333    
0.38 -0.363333    
0.3875 -0.293333    
0.395 -0.22    
0.4025 -0.166667    
0.415 -0.1    
0.425 -0.0533333    
0.4375 0.00666667    
0.4475 0.0466667    
0.455 0.09    
0.4575 0.116667    
