59
0.0575 0.236667    
0.045 0.24    
0.04 0.243333    
0.03 0.25    
0.0225 0.256667    
0.0175 0.263333    
0.0125 0.266667    
0.01 0.266667    
0.01 0.253333    
0.01 0.243333    
0.01 0.223333    
0.01 0.193333    
0.0125 0.163333    
0.0125 0.113333    
0.0125 0.05    
0.0125 0.00333333    
0.0125 -0.0633333    
0.015 -0.103333    
0.0175 -0.14    
0.02 -0.173333    
0.0325 -0.216667    
0.0425 -0.233333    
0.06 -0.24    
0.0875 -0.23    
0.1175 -0.193333    
0.1425 -0.153333    
0.17 -0.0833333    
0.1925 0    
0.205 0.0566667    
0.215 0.113333    
0.225 0.18    
0.2325 0.223333    
0.235 0.246667    
0.2375 0.266667    
0.2375 0.273333    
0.245 0.256667    
0.2475 0.23    
0.2525 0.19    
0.2575 0.153333    
0.2625 0.07    
0.2675 0.00666667    
0.275 -0.05    
0.2875 -0.136667    
0.295 -0.176667    
0.31 -0.213333    
0.3225 -0.236667    
0.345 -0.256667    
0.365 -0.26    
0.3925 -0.256667    
0.415 -0.243333    
0.4475 -0.193333    
0.465 -0.15    
0.4875 -0.0833333    
0.5025 -0.03    
0.5175 0.0233333    
0.5375 0.0966667    
0.5475 0.133333    
0.555 0.16    
0.5575 0.19    
