79
-0.5775 0.283333    
-0.5775 0.28    
-0.5775 0.283333    
-0.5775 0.283333    
-0.5775 0.283333    
-0.5825 0.29    
-0.5875 0.296667    
-0.59 0.3    
-0.5925 0.303333    
-0.595 0.3    
-0.595 0.29    
-0.5925 0.28    
-0.59 0.266667    
-0.5825 0.236667    
-0.58 0.22    
-0.5675 0.186667    
-0.56 0.163333    
-0.5525 0.14    
-0.535 0.0833333    
-0.525 0.0466667    
-0.5125 0.00666667    
-0.485 -0.06    
-0.4525 -0.11    
-0.435 -0.123333    
-0.42 -0.133333    
-0.4075 -0.136667    
-0.3825 -0.13    
-0.3575 -0.11    
-0.3575 -0.11    
-0.3275 -0.0666667    
-0.31 -0.04    
-0.2925 -0.01    
-0.2475 0.0533333    
-0.2275 0.09    
-0.185 0.153333    
-0.1625 0.186667    
-0.1425 0.216667    
-0.11 0.256667    
-0.095 0.27    
-0.0825 0.283333    
-0.06 0.28    
-0.0475 0.27    
-0.02 0.24    
-0.0075 0.213333    
0.0025 0.186667    
0.025 0.126667    
0.0325 0.0966667    
0.0525 0.0466667    
0.065 0.0233333    
0.08 0    
0.0975 -0.0166667    
0.135 -0.05    
0.155 -0.06    
0.1975 -0.0633333    
0.22 -0.0633333    
0.2425 -0.0566667    
0.285 -0.03    
0.3225 0.0166667    
0.3375 0.0466667    
0.35 0.08    
0.3625 0.113333    
0.385 0.17    
0.395 0.193333    
0.415 0.226667    
0.4225 0.236667    
0.435 0.246667    
0.435 0.246667    
0.4475 0.24    
0.4575 0.226667    
0.4625 0.22    
0.4675 0.213333    
0.4725 0.206667    
0.48 0.193333    
0.4825 0.19    
0.485 0.19    
0.4925 0.196667    
0.4975 0.203333    
0.505 0.223333    
0.5075 0.233333    
