48
0.04 0.46    
0.02 0.463333    
0.0075 0.466667    
-0.005 0.47    
-0.03 0.47    
-0.0375 0.47    
-0.04 0.433333    
-0.0325 0.38    
-0.0175 0.306667    
0.0275 0.13    
0.0475 0.06    
0.0625 0.02    
0.085 0.03    
0.0975 0.07    
0.1325 0.183333    
0.1525 0.236667    
0.17 0.276667    
0.1975 0.303333    
0.205 0.28    
0.2225 0.17    
0.23 0.0966667    
0.2375 0.0233333    
0.25 -0.0833333    
0.26 -0.113333    
0.27 -0.133333    
0.3 -0.143333    
0.32 -0.123333    
0.345 -0.0866667    
0.4 0.0266667    
0.4275 0.09    
0.4525 0.15    
0.4925 0.236667    
0.51 0.27    
0.535 0.323333    
0.545 0.343333    
0.555 0.356667    
0.565 0.38    
0.57 0.386667    
0.5725 0.396667    
0.5725 0.4    
0.5725 0.403333    
0.5725 0.406667    
0.57 0.41    
0.5675 0.41    
0.56 0.406667    
0.555 0.406667    
0.5425 0.403333    
0.535 0.403333    
