36
-0.205 0.343333    
-0.2075 0.346667    
-0.205 0.336667    
-0.1975 0.323333    
-0.18 0.27    
-0.1675 0.23    
-0.155 0.183333    
-0.1325 0.11    
-0.12 0.0833333    
-0.105 0.0733333    
-0.0675 0.0966667    
-0.045 0.12    
0 0.19    
0.02 0.223333    
0.0325 0.256667    
0.05 0.293333    
0.0575 0.29    
0.0575 0.29    
0.0675 0.23    
0.08 0.136667    
0.0825 0.126667    
0.0975 0.0533333    
0.1175 0    
0.1275 -0.0166667    
0.14 -0.0266667    
0.165 -0.02    
0.18 -0.00333333    
0.195 0.0266667    
0.2125 0.0666667    
0.24 0.15    
0.26 0.206667    
0.265 0.216667    
0.27 0.223333    
0.2725 0.223333    
0.275 0.223333    
0.2775 0.22    
