50
-0.205 0.226667    
-0.225 0.246667    
-0.235 0.256667    
-0.24 0.27    
-0.2425 0.283333    
-0.2375 0.31    
-0.2275 0.316667    
-0.18 0.27    
-0.145 0.21    
-0.1025 0.13    
-0.0075 -0.08    
0.0375 -0.196667    
0.1025 -0.43    
0.1175 -0.53    
0.12 -0.626667    
0.115 -0.763333    
0.11 -0.81    
0.1125 -0.846667    
0.1225 -0.856667    
0.1675 -0.796667    
0.205 -0.716667    
0.2925 -0.506667    
0.335 -0.39    
0.3775 -0.273333    
0.44 -0.0866667    
0.465 -0.0166667    
0.5025 0.0633333    
0.5125 0.0733333    
0.52 0.0633333    
0.525 0.0266667    
0.5225 -0.1    
0.52 -0.176667    
0.5175 -0.25    
0.51 -0.44    
0.51 -0.44    
0.51 -0.543333    
0.53 -0.596667    
0.53 -0.596667    
0.5675 -0.616667    
0.6125 -0.593333    
0.635 -0.563333    
0.66 -0.516667    
0.6825 -0.456667    
0.7275 -0.306667    
0.745 -0.23    
0.775 -0.0866667    
0.7825 -0.02    
0.785 0.05    
0.7875 0.173333    
0.785 0.226667    
