51
-0.2875 0.49    
-0.2925 0.466667    
-0.29 0.43    
-0.2875 0.38    
-0.275 0.25    
-0.2675 0.17    
-0.2575 0.1    
-0.2475 0.0333333    
-0.2225 -0.0633333    
-0.2075 -0.0866667    
-0.18 -0.1    
-0.165 -0.0766667    
-0.15 -0.04    
-0.125 0.09    
-0.1175 0.156667    
-0.11 0.266667    
-0.105 0.296667    
-0.1 0.316667    
-0.0975 0.33    
-0.085 0.313333    
-0.0775 0.27    
-0.0475 0.116667    
-0.0325 0.0233333    
0.005 -0.136667    
0.0225 -0.186667    
0.045 -0.226667    
0.09 -0.263333    
0.1125 -0.26    
0.135 -0.24    
0.165 -0.143333    
0.175 -0.0733333    
0.1825 0.00333333    
0.1925 0.15    
0.1975 0.216667    
0.2075 0.32    
0.2125 0.36    
0.2175 0.386667    
0.2225 0.423333    
0.2225 0.436667    
0.22 0.45    
0.22 0.45    
0.2175 0.45    
0.215 0.45    
0.21 0.443333    
0.205 0.44    
0.2 0.436667    
0.195 0.433333    
0.1925 0.433333    
0.1875 0.433333    
0.185 0.43    
0.185 0.43    
