69
-0.2625 0.176667    
-0.2625 0.176667    
-0.2625 0.176667    
-0.265 0.176667    
-0.265 0.173333    
-0.265 0.173333    
-0.265 0.173333    
-0.265 0.173333    
-0.265 0.166667    
-0.265 0.166667    
-0.265 0.166667    
-0.2625 0.133333    
-0.2575 0.11    
-0.2525 0.0766667    
-0.2475 0.0366667    
-0.2375 -0.04    
-0.2325 -0.0833333    
-0.22 -0.17    
-0.215 -0.206667    
-0.205 -0.243333    
-0.185 -0.31    
-0.1725 -0.34    
-0.1525 -0.38    
-0.1425 -0.386667    
-0.125 -0.373333    
-0.1125 -0.353333    
-0.1 -0.32    
-0.08 -0.28    
-0.06 -0.226667    
-0.02 -0.116667    
-0.0025 -0.0633333    
0.02 0.03    
0.03 0.07    
0.0375 0.126667    
0.04 0.146667    
0.045 0.173333    
0.045 0.183333    
0.045 0.19    
0.0475 0.2    
0.0475 0.196667    
0.05 0.186667    
0.055 0.166667    
0.0725 0.0933333    
0.085 0.0466667    
0.1025 -0.00666667    
0.1425 -0.12    
0.19 -0.24    
0.2125 -0.296667    
0.23 -0.363333    
0.2475 -0.42    
0.2725 -0.5    
0.2825 -0.526667    
0.2925 -0.536667    
0.31 -0.53    
0.32 -0.513333    
0.345 -0.433333    
0.3575 -0.376667    
0.3725 -0.25    
0.3725 -0.19    
0.3725 -0.133333    
0.37 -0.0366667    
0.37 0.00333333    
0.3675 0.0366667    
0.365 0.08    
0.3625 0.0966667    
0.36 0.11    
0.3575 0.126667    
0.355 0.133333    
0.3525 0.136667    
