44
-0.23 0.113333    
-0.2425 0.113333    
-0.2625 0.106667    
-0.27 0.1    
-0.2725 0.0866667    
-0.2625 0.03    
-0.2475 -0.0166667    
-0.23 -0.0766667    
-0.1925 -0.213333    
-0.1775 -0.28    
-0.165 -0.34    
-0.145 -0.42    
-0.1375 -0.443333    
-0.13 -0.453333    
-0.11 -0.446667    
-0.0825 -0.376667    
-0.065 -0.32    
-0.0475 -0.253333    
-0.0325 -0.186667    
-0.0075 -0.08    
0 -0.04    
0.0075 -0.00666667    
0.025 0.03    
0.0375 0.03    
0.045 0.00666667    
0.05 -0.03    
0.0575 -0.0833333    
0.0725 -0.21    
0.0825 -0.27    
0.1075 -0.363333    
0.1225 -0.393333    
0.1525 -0.42    
0.17 -0.42    
0.1875 -0.403333    
0.205 -0.37    
0.225 -0.316667    
0.2625 -0.18    
0.295 -0.0433333    
0.31 0.01    
0.3225 0.0566667    
0.3425 0.116667    
0.3525 0.136667    
0.36 0.153333    
0.365 0.163333    
