60
-0.3425 0.446667    
-0.34 0.446667    
-0.3375 0.45    
-0.3325 0.45    
-0.33 0.456667    
-0.33 0.46    
-0.3325 0.466667    
-0.335 0.473333    
-0.3425 0.476667    
-0.3475 0.476667    
-0.35 0.47    
-0.3525 0.453333    
-0.3525 0.433333    
-0.3525 0.393333    
-0.345 0.32    
-0.34 0.266667    
-0.3275 0.19    
-0.32 0.15    
-0.3025 0.0466667    
-0.295 0.00666667    
-0.29 -0.03    
-0.2775 -0.103333    
-0.2675 -0.153333    
-0.25 -0.196667    
-0.2325 -0.216667    
-0.1975 -0.22    
-0.145 -0.176667    
-0.12 -0.146667    
-0.075 -0.0566667    
-0.045 0.0233333    
-0.015 0.136667    
0.005 0.25    
0.0175 0.33    
0.0375 0.453333    
0.0475 0.51    
0.0575 0.556667    
0.0625 0.586667    
0.07 0.606667    
0.0725 0.596667    
0.075 0.526667    
0.075 0.46    
0.075 0.376667    
0.075 0.28    
0.0725 0.156667    
0.0775 0.0233333    
0.0825 -0.0433333    
0.0925 -0.106667    
0.105 -0.14    
0.1125 -0.156667    
0.15 -0.17    
0.195 -0.143333    
0.235 -0.103333    
0.28 -0.03    
0.3525 0.106667    
0.39 0.196667    
0.405 0.23    
0.455 0.376667    
0.485 0.466667    
0.52 0.58    
0.5375 0.643333    
