67
-0.62 0.39    
-0.6225 0.376667    
-0.625 0.366667    
-0.625 0.353333    
-0.6275 0.33    
-0.6275 0.316667    
-0.625 0.3    
-0.6225 0.256667    
-0.6175 0.216667    
-0.61 0.163333    
-0.5975 0.1    
-0.5775 -0.01    
-0.5575 -0.103333    
-0.53 -0.223333    
-0.495 -0.343333    
-0.475 -0.396667    
-0.46 -0.43    
-0.4475 -0.453333    
-0.435 -0.466667    
-0.4275 -0.453333    
-0.42 -0.413333    
-0.4125 -0.35    
-0.405 -0.29    
-0.3925 -0.203333    
-0.3775 -0.113333    
-0.365 -0.0433333    
-0.3475 0.0466667    
-0.3325 0.113333    
-0.315 0.186667    
-0.2975 0.25    
-0.2925 0.266667    
-0.285 0.286667    
-0.28 0.293333    
-0.2725 0.286667    
-0.265 0.256667    
-0.2575 0.213333    
-0.2475 0.15    
-0.2375 0.07    
-0.225 -0.0133333    
-0.21 -0.0933333    
-0.18 -0.203333    
-0.1575 -0.26    
-0.135 -0.31    
-0.1025 -0.38    
-0.07 -0.446667    
-0.05 -0.486667    
-0.03 -0.52    
-0.0075 -0.52    
0.0025 -0.506667    
0.015 -0.466667    
0.03 -0.403333    
0.0475 -0.326667    
0.0625 -0.246667    
0.075 -0.186667    
0.0875 -0.13    
0.105 -0.0433333    
0.11 -0.0133333    
0.13 0.0566667    
0.135 0.0766667    
0.1475 0.113333    
0.1575 0.153333    
0.165 0.19    
0.17 0.203333    
0.175 0.226667    
0.1775 0.243333    
0.1775 0.246667    
0.1775 0.253333    
