65
-0.065 0.53    
-0.065 0.536667    
-0.0625 0.54    
-0.0625 0.543333    
-0.0625 0.543333    
-0.0625 0.546667    
-0.06 0.55    
-0.06 0.556667    
-0.06 0.56    
-0.06 0.563333    
-0.06 0.566667    
-0.0625 0.566667    
-0.0625 0.566667    
-0.065 0.566667    
-0.065 0.563333    
-0.0725 0.556667    
-0.0975 0.526667    
-0.17 0.42    
-0.275 0.25    
-0.36 0.1    
-0.4375 -0.0366667    
-0.5 -0.16    
-0.525 -0.19    
-0.515 -0.143333    
-0.4875 -0.0366667    
-0.4425 0.1    
-0.395 0.213333    
-0.3275 0.356667    
-0.2925 0.42    
-0.2275 0.523333    
-0.1475 0.61    
-0.1025 0.61    
-0.0575 0.54    
-0.0125 0.4    
0.0575 0.16    
0.1125 -0.0966667    
0.15 -0.243333    
0.185 -0.333333    
0.1875 -0.346667    
0.13 -0.283333    
0.04 -0.18    
-0.0475 -0.09    
-0.1475 0.01    
-0.245 0.103333    
-0.365 0.203333    
-0.4425 0.263333    
-0.5175 0.313333    
-0.5175 0.316667    
-0.4325 0.306667    
-0.2925 0.286667    
-0.23 0.273333    
0.0425 0.233333    
0.335 0.193333    
0.41 0.18    
0.47 0.163333    
0.4525 0.17    
0.39 0.186667    
0.3075 0.213333    
0.245 0.236667    
0.155 0.263333    
0.1075 0.273333    
0.065 0.276667    
0.0025 0.28    
-0.0175 0.28    
-0.06 0.283333    
