55
-0.21 0.51    
-0.2125 0.503333    
-0.21 0.48    
-0.2025 0.426667    
-0.1925 0.366667    
-0.17 0.256667    
-0.1475 0.12    
-0.1225 -0.02    
-0.105 -0.126667    
-0.0825 -0.22    
-0.055 -0.32    
-0.0275 -0.386667    
-0.005 -0.42    
0.0225 -0.43    
0.0425 -0.42    
0.0675 -0.376667    
0.0875 -0.303333    
0.0975 -0.233333    
0.11 -0.126667    
0.12 -0.0433333    
0.1325 0.0633333    
0.15 0.16    
0.1625 0.223333    
0.18 0.29    
0.1925 0.323333    
0.205 0.353333    
0.2125 0.363333    
0.22 0.35    
0.2275 0.303333    
0.2325 0.243333    
0.2425 0.166667    
0.2525 0.06    
0.265 -0.0533333    
0.285 -0.196667    
0.3075 -0.32    
0.325 -0.39    
0.3525 -0.45    
0.37 -0.476667    
0.395 -0.496667    
0.4125 -0.496667    
0.435 -0.476667    
0.4575 -0.423333    
0.475 -0.363333    
0.5 -0.26    
0.5175 -0.173333    
0.54 -0.06    
0.56 0.0466667    
0.5725 0.116667    
0.585 0.193333    
0.595 0.243333    
0.6025 0.296667    
0.6075 0.34    
0.6125 0.366667    
0.6175 0.396667    
0.6225 0.413333    
