70
-0.0275 0.06    
-0.03 0.0666667    
-0.0325 0.0866667    
-0.0375 0.103333    
-0.04 0.11    
-0.0425 0.123333    
-0.0425 0.126667    
-0.0425 0.123333    
-0.04 0.11    
-0.025 0.05    
-0.015 0.01    
0.0025 -0.06    
0.0225 -0.133333    
0.04 -0.23    
0.05 -0.3    
0.05 -0.393333    
0.0475 -0.446667    
0.045 -0.506667    
0.0425 -0.526667    
0.04 -0.56    
0.0425 -0.566667    
0.0475 -0.56    
0.0575 -0.54    
0.0875 -0.473333    
0.11 -0.413333    
0.1375 -0.343333    
0.1625 -0.273333    
0.1975 -0.17    
0.22 -0.106667    
0.23 -0.0866667    
0.2425 -0.0566667    
0.2525 -0.0333333    
0.2625 -0.0266667    
0.2675 -0.03    
0.275 -0.0566667    
0.2775 -0.123333    
0.2775 -0.163333    
0.2675 -0.256667    
0.2525 -0.376667    
0.25 -0.42    
0.2475 -0.493333    
0.25 -0.536667    
0.2575 -0.583333    
0.2625 -0.606667    
0.2725 -0.626667    
0.275 -0.63    
0.28 -0.623333    
0.295 -0.59    
0.3225 -0.506667    
0.345 -0.436667    
0.36 -0.386667    
0.3875 -0.286667    
0.42 -0.173333    
0.435 -0.116667    
0.445 -0.07    
0.46 -0.02    
0.47 0.01    
0.4825 0.0433333    
0.4925 0.0633333    
0.5025 0.0866667    
0.5075 0.1    
0.5125 0.113333    
0.5125 0.12    
0.515 0.126667    
0.515 0.13    
0.515 0.13    
0.5175 0.126667    
0.52 0.116667    
0.5225 0.103333    
0.5275 0.0866667    
