56
-0.3275 0.176667    
-0.3275 0.163333    
-0.33 0.136667    
-0.335 0.0933333    
-0.34 0.05    
-0.3475 -0.0166667    
-0.3525 -0.0733333    
-0.355 -0.15    
-0.355 -0.22    
-0.3525 -0.266667    
-0.35 -0.306667    
-0.3425 -0.34    
-0.3375 -0.35    
-0.33 -0.353333    
-0.3075 -0.333333    
-0.29 -0.306667    
-0.27 -0.273333    
-0.24 -0.216667    
-0.2175 -0.17    
-0.19 -0.103333    
-0.1725 -0.06    
-0.155 -0.00666667    
-0.1425 0.0333333    
-0.1375 0.05    
-0.1325 0.0566667    
-0.13 0.0533333    
-0.13 0.04    
-0.125 -0.00666667    
-0.1225 -0.0433333    
-0.12 -0.116667    
-0.1175 -0.173333    
-0.115 -0.24    
-0.11 -0.31    
-0.095 -0.38    
-0.0875 -0.4    
-0.0725 -0.423333    
-0.055 -0.423333    
-0.0225 -0.38    
-0.0075 -0.35    
0.0175 -0.273333    
0.035 -0.196667    
0.045 -0.133333    
0.055 -0.0266667    
0.06 0.01    
0.0675 0.0833333    
0.075 0.143333    
0.0775 0.153333    
0.0825 0.183333    
0.085 0.196667    
0.0875 0.193333    
0.09 0.18    
0.09 0.16    
0.0925 0.13    
0.0975 0.0966667    
0.1025 0.0566667    
0.1075 0.0333333    
