51
-0.085 0.37    
-0.0875 0.366667    
-0.09 0.356667    
-0.0875 0.336667    
-0.08 0.303333    
-0.0725 0.246667    
-0.0675 0.196667    
-0.0625 0.136667    
-0.055 0.04    
-0.0475 -0.00666667    
-0.0425 -0.0366667    
-0.035 -0.0533333    
-0.025 -0.0566667    
-0.0125 -0.0466667    
0.005 -0.0166667    
0.0275 0.0266667    
0.045 0.0666667    
0.0675 0.113333    
0.0875 0.163333    
0.1125 0.223333    
0.1225 0.25    
0.13 0.273333    
0.1375 0.296667    
0.1425 0.303333    
0.145 0.306667    
0.1475 0.303333    
0.15 0.29    
0.155 0.263333    
0.1625 0.233333    
0.175 0.166667    
0.1875 0.12    
0.2025 0.0733333    
0.225 0.0166667    
0.25 -0.0333333    
0.2675 -0.06    
0.2875 -0.0833333    
0.305 -0.09    
0.3225 -0.0866667    
0.3375 -0.0766667    
0.3675 -0.0333333    
0.385 0    
0.41 0.06    
0.4275 0.103333    
0.4475 0.16    
0.46 0.196667    
0.475 0.24    
0.4825 0.263333    
0.4875 0.28    
0.49 0.296667    
0.4925 0.306667    
0.4925 0.313333    
