36
-0.4 0.353333    
-0.405 0.36    
-0.405 0.36    
-0.3925 0.34    
-0.3725 0.306667    
-0.345 0.253333    
-0.265 0.0933333    
-0.22 -0.01    
-0.135 -0.2    
-0.105 -0.273333    
-0.0625 -0.34    
-0.0525 -0.326667    
-0.0475 -0.286667    
-0.045 -0.22    
-0.0425 -0.0333333    
-0.04 0.0766667    
-0.03 0.29    
-0.025 0.376667    
-0.02 0.443333    
-0.0225 0.483333    
-0.06 0.466667    
-0.1 0.41    
-0.2 0.22    
-0.26 0.106667    
-0.37 -0.116667    
-0.41 -0.203333    
-0.4425 -0.266667    
-0.4625 -0.31    
-0.485 -0.346667    
-0.4875 -0.346667    
-0.4875 -0.33    
-0.485 -0.316667    
-0.48 -0.293333    
-0.4775 -0.286667    
-0.4725 -0.276667    
-0.4725 -0.276667    
