28
-0.415 0.536667    
-0.375 0.476667    
-0.2925 0.376667    
-0.235 0.31    
-0.165 0.226667    
-0.0175 0.0433333    
0.0825 -0.0833333    
0.18 -0.216667    
0.235 -0.27    
0.255 -0.253333    
0.265 -0.15    
0.27 -0.0466667    
0.2775 0.0933333    
0.28 0.19    
0.28 0.256667    
0.2725 0.296667    
0.2575 0.303333    
0.2325 0.303333    
0.185 0.28    
0.1275 0.216667    
0.0725 0.14    
0.0075 0.0333333    
-0.065 -0.106667    
-0.1675 -0.3    
-0.265 -0.473333    
-0.3225 -0.57    
-0.365 -0.64    
-0.395 -0.696667    
