47
0.0175 0.27    
0.0175 0.273333    
0.015 0.28    
0.0125 0.283333    
0.0125 0.283333    
0.01 0.286667    
0.0075 0.29    
0.0025 0.293333    
0 0.293333    
0.0025 0.286667    
0.01 0.273333    
0.045 0.22    
0.055 0.206667    
0.1175 0.123333    
0.1725 0.0466667    
0.2425 -0.0666667    
0.31 -0.19    
0.3475 -0.276667    
0.38 -0.356667    
0.42 -0.45    
0.4475 -0.503333    
0.4725 -0.556667    
0.4925 -0.58    
0.505 -0.573333    
0.52 -0.53    
0.5375 -0.446667    
0.55 -0.36    
0.5675 -0.23    
0.585 -0.09    
0.5975 0.00666667    
0.6075 0.0933333    
0.61 0.21    
0.605 0.26    
0.585 0.31    
0.565 0.33    
0.53 0.323333    
0.4825 0.276667    
0.4375 0.213333    
0.39 0.13    
0.3225 -0.00666667    
0.2525 -0.15    
0.2 -0.26    
0.135 -0.393333    
0.0925 -0.476667    
0.05 -0.566667    
0.025 -0.62    
0.015 -0.65    
