58
0.03 0.25    
0.03 0.246667    
0.03 0.246667    
0.03 0.246667    
0.0325 0.246667    
0.035 0.243333    
0.04 0.236667    
0.0475 0.226667    
0.0575 0.21    
0.065 0.19    
0.0775 0.16    
0.0875 0.133333    
0.1075 0.0866667    
0.1125 0.0766667    
0.1425 0.00666667    
0.1625 -0.04    
0.1825 -0.0833333    
0.2 -0.123333    
0.2275 -0.173333    
0.2625 -0.223333    
0.275 -0.243333    
0.31 -0.283333    
0.33 -0.303333    
0.3475 -0.32    
0.37 -0.323333    
0.385 -0.316667    
0.4075 -0.283333    
0.4275 -0.23    
0.445 -0.166667    
0.455 -0.113333    
0.4625 -0.06    
0.465 0.00666667    
0.4725 0.0933333    
0.4775 0.146667    
0.4825 0.19    
0.4875 0.236667    
0.4875 0.283333    
0.48 0.316667    
0.4675 0.336667    
0.455 0.343333    
0.4425 0.34    
0.425 0.326667    
0.4025 0.303333    
0.3825 0.276667    
0.3575 0.233333    
0.335 0.196667    
0.3025 0.14    
0.265 0.0866667    
0.245 0.0566667    
0.21 0.0133333    
0.165 -0.0366667    
0.13 -0.0733333    
0.09 -0.113333    
0.06 -0.14    
0.04 -0.153333    
0.0175 -0.166667    
0 -0.173333    
-0.02 -0.176667    
