70
-0.3925 0.28    
-0.3875 0.28    
-0.3875 0.28    
-0.385 0.28    
-0.3825 0.28    
-0.3825 0.276667    
-0.3775 0.27    
-0.375 0.263333    
-0.37 0.24    
-0.365 0.23    
-0.3525 0.2    
-0.345 0.183333    
-0.335 0.166667    
-0.325 0.153333    
-0.2975 0.113333    
-0.2825 0.0866667    
-0.2425 0.0233333    
-0.2225 -0.0133333    
-0.1975 -0.05    
-0.17 -0.0866667    
-0.11 -0.146667    
-0.0725 -0.173333    
0.0075 -0.223333    
0.0075 -0.223333    
0.0075 -0.223333    
0.0975 -0.26    
0.1425 -0.27    
0.185 -0.276667    
0.2525 -0.263333    
0.275 -0.246667    
0.3 -0.193333    
0.3025 -0.156667    
0.29 -0.0666667    
0.2775 -0.02    
0.2625 0.0266667    
0.2475 0.07    
0.21 0.136667    
0.19 0.156667    
0.1675 0.166667    
0.125 0.163333    
0.105 0.15    
0.0575 0.103333    
0.035 0.0766667    
0.0125 0.0433333    
-0.0525 -0.04    
-0.09 -0.0866667    
-0.13 -0.133333    
-0.22 -0.22    
-0.265 -0.26    
-0.345 -0.323333    
-0.38 -0.35    
-0.415 -0.373333    
-0.4675 -0.403333    
-0.485 -0.41    
-0.5 -0.413333    
-0.5175 -0.413333    
-0.5225 -0.41    
-0.5275 -0.403333    
-0.5275 -0.4    
-0.525 -0.393333    
-0.5125 -0.38    
-0.505 -0.366667    
-0.4975 -0.353333    
-0.4775 -0.326667    
-0.4675 -0.313333    
-0.46 -0.3    
-0.4425 -0.276667    
-0.43 -0.263333    
-0.425 -0.26    
-0.42 -0.256667    
