58
-0.0425 0.373333    
-0.0525 0.376667    
-0.06 0.376667    
-0.07 0.38    
-0.0925 0.386667    
-0.1025 0.39    
-0.1025 0.396667    
-0.085 0.396667    
-0.05 0.386667    
0.055 0.33    
0.11 0.283333    
0.16 0.216667    
0.2375 0.04    
0.275 -0.0566667    
0.3225 -0.146667    
0.435 -0.25    
0.495 -0.256667    
0.555 -0.233333    
0.645 -0.136667    
0.69 -0.0233333    
0.6975 0.0266667    
0.695 0.0766667    
0.6875 0.126667    
0.655 0.22    
0.6325 0.26    
0.6075 0.29    
0.5475 0.316667    
0.515 0.313333    
0.44 0.283333    
0.3975 0.25    
0.35 0.206667    
0.2525 0.0866667    
0.2025 0.01    
0.15 -0.0666667    
0.045 -0.213333    
-0.005 -0.273333    
-0.095 -0.363333    
-0.1325 -0.393333    
-0.1825 -0.426667    
-0.195 -0.433333    
-0.2075 -0.436667    
-0.2075 -0.436667    
-0.21 -0.436667    
-0.21 -0.433333    
-0.21 -0.426667    
-0.21 -0.423333    
-0.21 -0.42    
-0.21 -0.413333    
-0.21 -0.413333    
-0.21 -0.406667    
-0.21 -0.406667    
-0.2075 -0.403333    
-0.2075 -0.403333    
-0.2075 -0.4    
-0.2075 -0.396667    
-0.2075 -0.396667    
-0.2075 -0.393333    
-0.205 -0.39    
