30
-0.0225 0.3    
-0.025 0.303333    
-0.0225 0.3    
-0.015 0.293333    
-0.0025 0.27    
0.0425 0.18    
0.0675 0.123333    
0.11 0.0166667    
0.125 -0.02    
0.1375 -0.0366667    
0.1575 -0.02    
0.17 0.0133333    
0.1975 0.113333    
0.2075 0.173333    
0.215 0.23    
0.2175 0.303333    
0.215 0.326667    
0.21 0.336667    
0.1875 0.333333    
0.1675 0.31    
0.11 0.23    
0.08 0.18    
0.0525 0.133333    
0.0075 0.0566667    
-0.0075 0.03    
-0.02 0.00666667    
-0.0375 -0.0266667    
-0.04 -0.0366667    
-0.0425 -0.0466667    
-0.04 -0.05    
