72
-0.64 0.486667    
-0.6475 0.473333    
-0.6575 0.446667    
-0.66 0.436667    
-0.66 0.423333    
-0.65 0.396667    
-0.6375 0.383333    
-0.59 0.32    
-0.5525 0.266667    
-0.4675 0.12    
-0.4075 0.0166667    
-0.35 -0.0833333    
-0.2975 -0.196667    
-0.1875 -0.42    
-0.1475 -0.506667    
-0.08 -0.63    
-0.06 -0.663333    
-0.0425 -0.686667    
-0.0425 -0.686667    
-0.0325 -0.696667    
-0.025 -0.703333    
-0.025 -0.66    
-0.02 -0.613333    
-0.0075 -0.536667    
0.03 -0.326667    
0.045 -0.206667    
0.08 0.02    
0.0825 0.103333    
0.095 0.193333    
0.1275 0.323333    
0.125 0.366667    
0.1275 0.406667    
0.105 0.433333    
0.0825 0.43    
0.0225 0.41    
-0.015 0.383333    
-0.055 0.346667    
-0.1375 0.24    
-0.1825 0.173333    
-0.2225 0.1    
-0.2875 -0.0366667    
-0.3425 -0.16    
-0.3675 -0.22    
-0.4075 -0.266667    
-0.4525 -0.303333    
-0.5425 -0.36    
-0.58 -0.373333    
-0.605 -0.39    
-0.625 -0.423333    
-0.63 -0.433333    
-0.6425 -0.443333    
-0.6525 -0.443333    
-0.6575 -0.44    
-0.665 -0.406667    
-0.6675 -0.39    
-0.6675 -0.373333    
-0.665 -0.343333    
-0.6675 -0.333333    
-0.6675 -0.326667    
-0.67 -0.32    
-0.67 -0.32    
-0.6725 -0.326667    
-0.675 -0.33    
-0.675 -0.333333    
-0.675 -0.336667    
-0.67 -0.33    
-0.67 -0.33    
-0.6675 -0.326667    
-0.6625 -0.32    
-0.6625 -0.316667    
-0.66 -0.313333    
-0.6575 -0.313333    
