43
0.1275 0.556667    
0.1275 0.553333    
0.1275 0.543333    
0.12 0.5    
0.0975 0.42    
0.075 0.353333    
0.045 0.27    
0.005 0.176667    
-0.095 -0.0366667    
-0.145 -0.13    
-0.1925 -0.206667    
-0.275 -0.31    
-0.3075 -0.333333    
-0.36 -0.32    
-0.38 -0.283333    
-0.4025 -0.146667    
-0.405 -0.06    
-0.3975 0.0333333    
-0.3625 0.203333    
-0.34 0.27    
-0.315 0.323333    
-0.265 0.38    
-0.24 0.386667    
-0.2125 0.373333    
-0.1375 0.283333    
-0.09 0.216667    
-0.035 0.14    
0.0775 -0.00666667    
0.1275 -0.06    
0.1725 -0.1    
0.2375 -0.15    
0.2575 -0.16    
0.275 -0.156667    
0.2775 -0.15    
0.2775 -0.14    
0.27 -0.116667    
0.2675 -0.106667    
0.2625 -0.1    
0.2525 -0.0866667    
0.2475 -0.08    
0.245 -0.0766667    
0.245 -0.0733333    
0.245 -0.07    
