69
-0.1525 0.196667    
-0.1525 0.196667    
-0.1525 0.196667    
-0.1525 0.193333    
-0.1525 0.193333    
-0.1525 0.193333    
-0.15 0.19    
-0.145 0.183333    
-0.1425 0.18    
-0.1375 0.176667    
-0.1375 0.176667    
-0.1275 0.166667    
-0.1025 0.143333    
-0.085 0.13    
-0.065 0.11    
-0.045 0.0866667    
-0.0025 0.04    
0.02 0.0133333    
0.0425 -0.0133333    
0.0925 -0.0733333    
0.1175 -0.106667    
0.17 -0.18    
0.1975 -0.216667    
0.22 -0.256667    
0.2575 -0.32    
0.2825 -0.36    
0.29 -0.37    
0.2975 -0.376667    
0.3025 -0.38    
0.3125 -0.383333    
0.3175 -0.376667    
0.32 -0.356667    
0.325 -0.293333    
0.3275 -0.256667    
0.3275 -0.22    
0.33 -0.143333    
0.3325 -0.08    
0.3325 -0.05    
0.3325 -0.02    
0.3325 0.00333333    
0.33 0.0533333    
0.3275 0.0766667    
0.325 0.0933333    
0.32 0.133333    
0.315 0.153333    
0.3075 0.186667    
0.3025 0.196667    
0.295 0.21    
0.29 0.213333    
0.2825 0.213333    
0.2625 0.203333    
0.2475 0.193333    
0.2325 0.183333    
0.2025 0.15    
0.185 0.13    
0.1675 0.106667    
0.1325 0.05    
0.115 0.02    
0.1 -0.01    
0.0675 -0.0633333    
0.0375 -0.113333    
0.02 -0.14    
0.0025 -0.17    
-0.0375 -0.233333    
-0.0575 -0.263333    
-0.0725 -0.293333    
-0.095 -0.333333    
-0.1025 -0.346667    
-0.105 -0.353333    
