77
0.2325 -0.703333    
0.25 -0.736667    
0.275 -0.773333    
0.28 -0.783333    
0.285 -0.783333    
0.285 -0.776667    
0.285 -0.76    
0.285 -0.76    
0.2825 -0.736667    
0.2825 -0.723333    
0.2775 -0.693333    
0.2725 -0.68    
0.2575 -0.653333    
0.25 -0.64    
0.23 -0.606667    
0.2175 -0.59    
0.205 -0.57    
0.1925 -0.55    
0.17 -0.513333    
0.1575 -0.493333    
0.14 -0.45    
0.1325 -0.43    
0.125 -0.406667    
0.1075 -0.356667    
0.0975 -0.33    
0.0875 -0.303333    
0.0625 -0.253333    
0.0525 -0.23    
0.04 -0.203333    
0.0125 -0.153333    
0.0025 -0.13    
-0.0075 -0.11    
-0.015 -0.0766667    
-0.015 -0.0633333    
-0.015 -0.05    
-0.0125 -0.0433333    
-0.0075 -0.04    
0 -0.0433333    
0.0075 -0.0466667    
0.035 -0.0666667    
0.0525 -0.08    
0.0725 -0.1    
0.095 -0.123333    
0.145 -0.176667    
0.1975 -0.233333    
0.2225 -0.26    
0.2475 -0.28    
0.27 -0.296667    
0.3125 -0.316667    
0.3325 -0.32    
0.35 -0.316667    
0.38 -0.293333    
0.395 -0.273333    
0.415 -0.226667    
0.4225 -0.2    
0.435 -0.15    
0.44 -0.13    
0.44 -0.116667    
0.44 -0.106667    
0.4325 -0.0966667    
0.425 -0.1    
0.3975 -0.12    
0.3775 -0.136667    
0.3525 -0.163333    
0.295 -0.24    
0.2625 -0.283333    
0.2275 -0.336667    
0.1425 -0.456667    
0.095 -0.52    
0.0475 -0.59    
-0.045 -0.723333    
-0.0875 -0.783333    
-0.0875 -0.783333    
-0.1225 -0.84    
-0.1475 -0.883333    
-0.1775 -0.936667    
-0.1875 -0.953333    
