46
-0.5 0.296667    
-0.4925 0.29    
-0.4775 0.28    
-0.4675 0.273333    
-0.4475 0.26    
-0.425 0.243333    
-0.37 0.203333    
-0.31 0.15    
-0.26 0.1    
-0.19 0.02    
-0.155 -0.0233333    
-0.0675 -0.136667    
0 -0.22    
0.045 -0.276667    
0.0875 -0.326667    
0.13 -0.366667    
0.19 -0.413333    
0.21 -0.423333    
0.23 -0.416667    
0.265 -0.38    
0.285 -0.316667    
0.3075 -0.206667    
0.3225 -0.0533333    
0.325 0.0366667    
0.3225 0.123333    
0.31 0.223333    
0.3 0.293333    
0.2775 0.376667    
0.2475 0.43    
0.22 0.463333    
0.1825 0.48    
0.12 0.466667    
0.02 0.396667    
-0.0475 0.323333    
-0.1175 0.23    
-0.2075 0.0966667    
-0.27 -0.00666667    
-0.3625 -0.166667    
-0.415 -0.25    
-0.4625 -0.326667    
-0.505 -0.39    
-0.555 -0.463333    
-0.5725 -0.49    
-0.58 -0.506667    
-0.5775 -0.513333    
-0.5625 -0.506667    
