70
-0.355 0.48    
-0.35 0.483333    
-0.335 0.48    
-0.315 0.473333    
-0.28 0.46    
-0.245 0.436667    
-0.21 0.403333    
-0.15 0.3    
-0.115 0.203333    
-0.085 0.0933333    
-0.045 -0.0966667    
-0.0225 -0.2    
-0.0025 -0.28    
0.02 -0.346667    
0.0625 -0.423333    
0.08 -0.44    
0.1225 -0.463333    
0.1725 -0.47    
0.2475 -0.443333    
0.275 -0.42    
0.31 -0.38    
0.3375 -0.306667    
0.345 -0.233333    
0.335 -0.106667    
0.3175 -0.00333333    
0.3 0.0866667    
0.2875 0.143333    
0.2625 0.233333    
0.245 0.283333    
0.215 0.33    
0.1975 0.346667    
0.1775 0.356667    
0.1575 0.36    
0.1375 0.36    
0.1175 0.353333    
0.1025 0.336667    
0.0775 0.296667    
0.06 0.26    
0.04 0.21    
0.01 0.13    
-0.015 0.06    
-0.0525 -0.04    
-0.1 -0.163333    
-0.135 -0.25    
-0.155 -0.296667    
-0.18 -0.353333    
-0.2125 -0.413333    
-0.2375 -0.463333    
-0.255 -0.493333    
-0.275 -0.52    
-0.2975 -0.54    
-0.305 -0.546667    
-0.315 -0.55    
-0.32 -0.553333    
-0.3225 -0.55    
-0.3225 -0.543333    
-0.3225 -0.54    
-0.3175 -0.53    
-0.315 -0.526667    
-0.3125 -0.52    
-0.31 -0.516667    
-0.3075 -0.516667    
-0.3 -0.51    
-0.295 -0.506667    
-0.2875 -0.5    
-0.285 -0.5    
-0.2775 -0.493333    
-0.275 -0.49    
-0.275 -0.486667    
-0.2725 -0.483333    
