69
-0.2 0.476667    
-0.2125 0.43    
-0.25 0.276667    
-0.2825 0.116667    
-0.3275 -0.116667    
-0.3625 -0.323333    
-0.38 -0.44    
-0.3975 -0.543333    
-0.4075 -0.6    
-0.4125 -0.606667    
-0.4225 -0.53    
-0.4225 -0.47    
-0.4225 -0.296667    
-0.405 -0.0333333    
-0.3725 0.17    
-0.345 0.26    
-0.2875 0.38    
-0.185 0.503333    
-0.06 0.586667    
0.04 0.626667    
0.1625 0.643333    
0.2725 0.616667    
0.2975 0.59    
0.31 0.536667    
0.2675 0.436667    
0.17 0.32    
0.0725 0.23    
-0.0025 0.166667    
-0.1075 0.09    
-0.2075 0.0166667    
-0.2425 -0.0266667    
-0.2175 -0.04    
-0.1175 -0.0266667    
0.035 0.00333333    
0.1625 0.0366667    
0.36 0.09    
0.425 0.106667    
0.5275 0.133333    
0.59 0.143333    
0.65 0.153333    
0.6925 0.156667    
0.69 0.14    
0.6375 0.0966667    
0.59 0.06    
0.41 -0.0533333    
0.2275 -0.15    
0.13 -0.196667    
-0.1 -0.29    
-0.27 -0.343333    
-0.3825 -0.37    
-0.505 -0.383333    
-0.575 -0.386667    
-0.6375 -0.38    
-0.655 -0.373333    
-0.6725 -0.356667    
-0.6525 -0.326667    
-0.625 -0.306667    
-0.5925 -0.283333    
-0.56 -0.26    
-0.5225 -0.236667    
-0.5 -0.216667    
-0.4925 -0.21    
-0.4925 -0.206667    
-0.4925 -0.203333    
-0.5025 -0.2    
-0.5125 -0.196667    
-0.53 -0.193333    
-0.5425 -0.193333    
-0.5525 -0.196667    
