50
-0.4225 0.61    
-0.42 0.613333    
-0.415 0.616667    
-0.3875 0.63    
-0.3575 0.64    
-0.3025 0.66    
-0.255 0.676667    
-0.195 0.69    
-0.1475 0.693333    
-0.1275 0.68    
-0.12 0.653333    
-0.13 0.6    
-0.1525 0.476667    
-0.1625 0.41    
-0.1675 0.21    
-0.1575 0.0766667    
-0.1225 -0.0966667    
-0.0825 -0.223333    
-0.015 -0.353333    
0.045 -0.423333    
0.1425 -0.493333    
0.225 -0.526667    
0.3025 -0.556667    
0.4075 -0.576667    
0.4425 -0.56    
0.4575 -0.513333    
0.4575 -0.45    
0.4575 -0.36    
0.46 -0.25    
0.4575 -0.0933333    
0.45 -0.00333333    
0.4425 0.0466667    
0.4175 0.106667    
0.375 0.166667    
0.33 0.183333    
0.275 0.166667    
0.1825 0.11    
0.0825 0.0266667    
-0.015 -0.0766667    
-0.095 -0.176667    
-0.1575 -0.25    
-0.225 -0.333333    
-0.2775 -0.38    
-0.3025 -0.39    
-0.33 -0.4    
-0.3475 -0.4    
-0.3575 -0.403333    
-0.365 -0.403333    
-0.3675 -0.396667    
-0.3675 -0.386667    
