67
0.1 0.0433333    
0.1 0.0533333    
0.1025 0.0633333    
0.1125 0.0633333    
0.13 0.0566667    
0.1525 0.04    
0.1875 0    
0.225 -0.0633333    
0.2775 -0.18    
0.3025 -0.256667    
0.325 -0.333333    
0.35 -0.423333    
0.37 -0.493333    
0.3825 -0.53    
0.3875 -0.54    
0.4 -0.563333    
0.425 -0.57    
0.4425 -0.55    
0.4525 -0.533333    
0.475 -0.466667    
0.49 -0.396667    
0.4975 -0.353333    
0.515 -0.256667    
0.525 -0.18    
0.53 -0.0833333    
0.5275 -0.00333333    
0.515 0.0633333    
0.5025 0.113333    
0.4925 0.133333    
0.4775 0.16    
0.465 0.173333    
0.445 0.183333    
0.4325 0.176667    
0.4125 0.153333    
0.3925 0.11    
0.38 0.08    
0.3575 0.0166667    
0.3275 -0.0733333    
0.3075 -0.133333    
0.28 -0.21    
0.2475 -0.29    
0.22 -0.34    
0.1925 -0.38    
0.1675 -0.416667    
0.1425 -0.45    
0.1225 -0.49    
0.1175 -0.503333    
0.11 -0.53    
0.105 -0.546667    
0.1025 -0.556667    
0.1 -0.583333    
0.0975 -0.596667    
0.0975 -0.606667    
0.0975 -0.61    
0.1 -0.613333    
0.1025 -0.613333    
0.1075 -0.613333    
0.1125 -0.606667    
0.1175 -0.603333    
0.1275 -0.593333    
0.13 -0.586667    
0.135 -0.583333    
0.14 -0.583333    
0.1475 -0.583333    
0.15 -0.58    
0.1525 -0.58    
0.1575 -0.576667    
