32
-0.145 0.21    
-0.1625 0.163333    
-0.175 0.123333    
-0.2075 0.0366667    
-0.2525 -0.0566667    
-0.305 -0.15    
-0.345 -0.203333    
-0.4025 -0.286667    
-0.4275 -0.323333    
-0.4475 -0.343333    
-0.465 -0.346667    
-0.47 -0.326667    
-0.475 -0.273333    
-0.475 -0.223333    
-0.4775 -0.146667    
-0.4825 -0.0933333    
-0.49 -0.00666667    
-0.495 0.04    
-0.4975 0.09    
-0.4975 0.116667    
-0.4975 0.133333    
-0.49 0.126667    
-0.4725 0.09    
-0.45 0.04    
-0.4 -0.0533333    
-0.345 -0.14    
-0.25 -0.26    
-0.1125 -0.406667    
-0.055 -0.456667    
0.0175 -0.516667    
0.095 -0.573333    
0.1425 -0.593333    
