66
-0.1925 0.416667    
-0.1925 0.416667    
-0.19 0.416667    
-0.19 0.416667    
-0.1825 0.413333    
-0.1725 0.41    
-0.1525 0.4    
-0.13 0.383333    
-0.105 0.356667    
-0.0875 0.33    
-0.07 0.296667    
-0.0575 0.27    
-0.05 0.233333    
-0.05 0.203333    
-0.06 0.15    
-0.07 0.113333    
-0.0825 0.0766667    
-0.105 0.03    
-0.125 0    
-0.155 -0.0366667    
-0.1625 -0.05    
-0.1775 -0.0633333    
-0.1775 -0.07    
-0.1675 -0.0666667    
-0.1525 -0.0633333    
-0.125 -0.05    
-0.1 -0.0333333    
-0.0625 -0.00666667    
-0.0275 0.03    
-0.0025 0.0633333    
0.03 0.11    
0.055 0.15    
0.0925 0.21    
0.1125 0.246667    
0.1275 0.28    
0.145 0.32    
0.155 0.343333    
0.1575 0.366667    
0.155 0.373333    
0.1425 0.373333    
0.12 0.366667    
0.07 0.336667    
0.0325 0.306667    
-0.01 0.263333    
-0.0375 0.226667    
-0.0625 0.19    
-0.085 0.143333    
-0.1 0.0933333    
-0.105 0.0433333    
-0.1025 0.00666667    
-0.09 -0.0366667    
-0.0725 -0.0633333    
-0.0375 -0.09    
-0.0225 -0.0966667    
0.0125 -0.0933333    
0.0475 -0.0833333    
0.0825 -0.0633333    
0.1075 -0.0466667    
0.1375 -0.0233333    
0.16 -0.00333333    
0.18 0.0133333    
0.19 0.0233333    
0.2 0.0333333    
0.2075 0.04    
0.2125 0.04    
0.215 0.04    
