40
-0.245 0.413333    
-0.2525 0.45    
-0.255 0.48    
-0.2325 0.473333    
-0.205 0.43    
-0.175 0.366667    
-0.1 0.206667    
-0.06 0.126667    
0.005 0.03    
0.0275 0.0333333    
0.045 0.0733333    
0.0775 0.213333    
0.095 0.306667    
0.1125 0.41    
0.15 0.6    
0.1825 0.73    
0.195 0.77    
0.2 0.78    
0.1975 0.756667    
0.16 0.613333    
0.1225 0.493333    
0.075 0.346667    
-0.0475 0.0366667    
-0.1125 -0.11    
-0.18 -0.24    
-0.18 -0.24    
-0.3075 -0.396667    
-0.3575 -0.433333    
-0.3975 -0.45    
-0.4325 -0.446667    
-0.48 -0.403333    
-0.495 -0.366667    
-0.495 -0.366667    
-0.4975 -0.34    
-0.495 -0.326667    
-0.48 -0.296667    
-0.4675 -0.28    
-0.455 -0.263333    
-0.4425 -0.25    
-0.42 -0.23    
