31
-0.4 0.543333    
-0.37 0.523333    
-0.3025 0.453333    
-0.22 0.346667    
-0.155 0.256667    
-0.0875 0.16    
-0.055 0.13    
-0.0375 0.14    
-0.03 0.203333    
-0.03 0.286667    
-0.03 0.42    
-0.0225 0.513333    
0 0.593333    
0.0225 0.636667    
0.0575 0.676667    
0.1025 0.686667    
0.1275 0.67    
0.145 0.613333    
0.145 0.536667    
0.1275 0.4    
0.1 0.266667    
0.0475 0.07    
-0.01 -0.0766667    
-0.08 -0.21    
-0.1725 -0.36    
-0.2375 -0.45    
-0.315 -0.536667    
-0.3675 -0.59    
-0.3925 -0.603333    
-0.41 -0.613333    
-0.4225 -0.613333    
