44
0.0925 0.426667    
0.095 0.43    
0.095 0.426667    
0.095 0.423333    
0.095 0.413333    
0.0975 0.386667    
0.105 0.346667    
0.1125 0.306667    
0.125 0.243333    
0.135 0.193333    
0.1525 0.136667    
0.175 0.09    
0.1975 0.07    
0.22 0.07    
0.245 0.09    
0.265 0.12    
0.285 0.156667    
0.315 0.233333    
0.3325 0.28    
0.3475 0.313333    
0.36 0.343333    
0.365 0.343333    
0.3675 0.31    
0.365 0.236667    
0.3625 0.156667    
0.36 0.0333333    
0.355 -0.0666667    
0.3425 -0.25    
0.33 -0.36    
0.3175 -0.466667    
0.2975 -0.6    
0.275 -0.713333    
0.255 -0.78    
0.2125 -0.866667    
0.1875 -0.903333    
0.1575 -0.926667    
0.135 -0.936667    
0.1 -0.936667    
0.055 -0.906667    
0.02 -0.87    
-0.025 -0.783333    
-0.045 -0.72    
-0.0625 -0.636667    
-0.0675 -0.576667    
