60
0.01 0.3    
0.0125 0.303333    
0.0175 0.303333    
0.0225 0.306667    
0.03 0.316667    
0.035 0.323333    
0.0425 0.336667    
0.05 0.353333    
0.055 0.36    
0.06 0.366667    
0.0725 0.366667    
0.08 0.363333    
0.09 0.346667    
0.095 0.33    
0.1 0.303333    
0.1075 0.256667    
0.1125 0.21    
0.1175 0.173333    
0.12 0.126667    
0.1225 0.0933333    
0.1325 0.0466667    
0.1475 0.00666667    
0.1625 -0.0166667    
0.185 -0.0266667    
0.21 -0.0133333    
0.2225 0.00333333    
0.2425 0.04    
0.2625 0.1    
0.2775 0.15    
0.29 0.21    
0.295 0.25    
0.295 0.286667    
0.295 0.31    
0.295 0.323333    
0.2925 0.33    
0.29 0.333333    
0.2875 0.33    
0.2825 0.316667    
0.275 0.28    
0.27 0.243333    
0.265 0.186667    
0.26 0.133333    
0.2525 0.07    
0.245 -0.0233333    
0.235 -0.103333    
0.22 -0.21    
0.1975 -0.33    
0.1825 -0.39    
0.165 -0.443333    
0.14 -0.496667    
0.115 -0.536667    
0.0925 -0.556667    
0.0675 -0.566667    
0.0325 -0.563333    
0 -0.55    
-0.0275 -0.526667    
-0.045 -0.5    
-0.0675 -0.453333    
-0.0775 -0.41    
-0.0875 -0.363333    
