93
-0.38 0.346667    
-0.38 0.346667    
-0.3825 0.346667    
-0.3825 0.343333    
-0.38 0.343333    
-0.38 0.343333    
-0.375 0.336667    
-0.375 0.336667    
-0.37 0.326667    
-0.3675 0.323333    
-0.365 0.32    
-0.3575 0.31    
-0.35 0.306667    
-0.335 0.306667    
-0.3275 0.313333    
-0.31 0.333333    
-0.3025 0.346667    
-0.2925 0.35    
-0.28 0.34    
-0.27 0.316667    
-0.265 0.3    
-0.265 0.28    
-0.265 0.256667    
-0.2675 0.2    
-0.2675 0.17    
-0.27 0.136667    
-0.27 0.08    
-0.27 0.0566667    
-0.265 0.0166667    
-0.2625 0.00333333    
-0.2575 -0.01    
-0.2575 -0.01    
-0.2525 -0.01    
-0.2475 -0.00666667    
-0.235 0.01    
-0.2275 0.0233333    
-0.2175 0.0366667    
-0.1875 0.0766667    
-0.145 0.133333    
-0.145 0.133333    
-0.0975 0.193333    
-0.075 0.223333    
-0.035 0.28    
-0.02 0.3    
-0.0075 0.316667    
0.015 0.34    
0.025 0.34    
0.0325 0.343333    
0.045 0.336667    
0.05 0.336667    
0.05 0.343333    
0.0475 0.346667    
0.045 0.34    
0.0425 0.29    
0.035 0.203333    
0.035 0.203333    
0.035 0.203333    
0.025 0.126667    
0.01 0.0533333    
-0.02 -0.0933333    
-0.0375 -0.166667    
-0.0675 -0.286667    
-0.08 -0.336667    
-0.0925 -0.383333    
-0.12 -0.456667    
-0.15 -0.51    
-0.17 -0.526667    
-0.1925 -0.54    
-0.2175 -0.55    
-0.265 -0.553333    
-0.2875 -0.546667    
-0.3075 -0.54    
-0.3475 -0.51    
-0.3675 -0.49    
-0.41 -0.443333    
-0.43 -0.42    
-0.45 -0.4    
-0.48 -0.373333    
-0.5025 -0.353333    
-0.51 -0.343333    
-0.5175 -0.336667    
-0.525 -0.33    
-0.53 -0.326667    
-0.535 -0.316667    
-0.535 -0.316667    
-0.5325 -0.31    
-0.53 -0.306667    
-0.5275 -0.303333    
-0.52 -0.29    
-0.515 -0.276667    
-0.51 -0.27    
-0.51 -0.263333    
-0.5075 -0.26    
