30
-0.105 0.393333    
-0.1075 0.396667    
-0.1075 0.396667    
-0.1 0.383333    
-0.09 0.363333    
-0.0525 0.303333    
-0.0275 0.263333    
-0.005 0.243333    
0.0425 0.226667    
0.065 0.246667    
0.1025 0.316667    
0.1175 0.36    
0.1275 0.4    
0.1325 0.43    
0.135 0.466667    
0.1325 0.463333    
0.1125 0.41    
0.1 0.356667    
0.0825 0.29    
0.0525 0.156667    
0.025 0.0533333    
0.0125 0.0166667    
-0.0025 -0.01    
-0.015 -0.0233333    
-0.0425 -0.0266667    
-0.055 -0.02    
-0.0675 -0.00666667    
-0.0875 0.0166667    
-0.1025 0.0566667    
-0.1025 0.0566667    
