105
-0.3125 0.466667    
-0.3175 0.463333    
-0.3225 0.456667    
-0.33 0.45    
-0.3375 0.443333    
-0.3525 0.44    
-0.3575 0.44    
-0.36 0.44    
-0.3575 0.443333    
-0.3475 0.443333    
-0.2925 0.426667    
-0.2425 0.41    
-0.1275 0.35    
-0.0725 0.306667    
-0.03 0.253333    
0.01 0.123333    
0.01 0.0466667    
0 -0.0266667    
-0.0175 -0.1    
-0.0575 -0.23    
-0.085 -0.316667    
-0.0875 -0.34    
-0.075 -0.35    
-0.05 -0.34    
0.035 -0.273333    
0.0875 -0.213333    
0.1425 -0.143333    
0.2375 0.00666667    
0.275 0.0833333    
0.305 0.156667    
0.3425 0.286667    
0.3525 0.34    
0.36 0.413333    
0.3575 0.433333    
0.35 0.443333    
0.33 0.44    
0.3125 0.423333    
0.275 0.346667    
0.255 0.286667    
0.2375 0.21    
0.2225 0.12    
0.2075 -0.09    
0.2 -0.31    
0.195 -0.41    
0.185 -0.503333    
0.1625 -0.663333    
0.1425 -0.73    
0.1175 -0.79    
0.09 -0.846667    
0.0175 -0.95    
-0.2775 -0.96    
-0.345 -0.836667    
-0.37 -0.773333    
-0.3825 -0.713333    
-0.375 -0.603333    
-0.3525 -0.556667    
-0.3225 -0.513333    
-0.2425 -0.436667    
-0.1975 -0.403333    
-0.155 -0.373333    
-0.0825 -0.33    
-0.0275 -0.316667    
-0.0075 -0.316667    
0.0125 -0.32    
0.0325 -0.326667    
0.0625 -0.336667    
0.0725 -0.34    
0.08 -0.346667    
0.085 -0.356667    
0.0825 -0.36    
0.07 -0.37    
0.0625 -0.373333    
0.0525 -0.376667    
0.0375 -0.383333    
0.025 -0.39    
0.0175 -0.39    
0.01 -0.393333    
0.005 -0.393333    
-0.0025 -0.393333    
-0.0125 -0.393333    
-0.0175 -0.393333    
-0.025 -0.386667    
-0.0275 -0.386667    
-0.03 -0.38    
-0.03 -0.37    
-0.03 -0.36    
-0.03 -0.356667    
-0.0275 -0.353333    
-0.025 -0.35    
-0.02 -0.343333    
-0.015 -0.343333    
-0.0125 -0.343333    
-0.005 -0.343333    
-0.0025 -0.343333    
0.0025 -0.343333    
0.0075 -0.343333    
0.0125 -0.343333    
0.015 -0.34    
0.0175 -0.34    
0.02 -0.336667    
0.0225 -0.336667    
0.0225 -0.336667    
0.0225 -0.333333    
0.025 -0.333333    
0.0225 -0.33    
