48
-0.0525 0.626667    
-0.0725 0.623333    
-0.08 0.62    
-0.09 0.61    
-0.0875 0.6    
-0.08 0.556667    
-0.0725 0.523333    
-0.06 0.483333    
-0.0325 0.39    
-0.0125 0.346667    
0.01 0.31    
0.0575 0.26    
0.0825 0.25    
0.11 0.253333    
0.135 0.27    
0.19 0.346667    
0.2175 0.4    
0.2575 0.506667    
0.2675 0.546667    
0.2775 0.573333    
0.2825 0.603333    
0.2825 0.606667    
0.2825 0.6    
0.2825 0.496667    
0.2825 0.406667    
0.2775 0.16    
0.27 0.0366667    
0.2575 -0.09    
0.225 -0.3    
0.1775 -0.44    
0.1525 -0.483333    
0.125 -0.51    
0.0525 -0.503333    
0.01 -0.47    
-0.0325 -0.416667    
-0.1075 -0.286667    
-0.1325 -0.223333    
-0.1525 -0.17    
-0.165 -0.13    
-0.175 -0.08    
-0.18 -0.06    
-0.18 -0.0533333    
-0.18 -0.05    
-0.18 -0.0466667    
-0.175 -0.0466667    
-0.175 -0.0466667    
-0.1725 -0.0466667    
-0.1625 -0.0433333    
