109
-0.21 0.356667    
-0.2075 0.356667    
-0.2075 0.356667    
-0.2075 0.356667    
-0.2075 0.353333    
-0.2075 0.353333    
-0.2075 0.353333    
-0.205 0.346667    
-0.2025 0.34    
-0.2 0.333333    
-0.1925 0.313333    
-0.18 0.296667    
-0.1725 0.286667    
-0.1675 0.28    
-0.1575 0.26    
-0.155 0.246667    
-0.1525 0.233333    
-0.1475 0.216667    
-0.1425 0.186667    
-0.14 0.156667    
-0.1375 0.143333    
-0.135 0.13    
-0.1325 0.116667    
-0.1275 0.0966667    
-0.125 0.0733333    
-0.1225 0.0633333    
-0.12 0.0533333    
-0.12 0.0433333    
-0.1175 0.0366667    
-0.115 0.02    
-0.115 0.01    
-0.11 0    
-0.105 -0.00333333    
-0.0975 -0.00666667    
-0.0775 -0.00333333    
-0.05 0.0133333    
-0.0325 0.0233333    
-0.015 0.0366667    
0.005 0.0533333    
0.0225 0.07    
0.055 0.11    
0.07 0.133333    
0.0975 0.18    
0.1075 0.203333    
0.1225 0.243333    
0.1275 0.263333    
0.13 0.28    
0.13 0.3    
0.13 0.34    
0.1275 0.356667    
0.125 0.383333    
0.1225 0.393333    
0.1225 0.403333    
0.1225 0.416667    
0.12 0.426667    
0.12 0.426667    
0.12 0.433333    
0.12 0.43    
0.12 0.423333    
0.12 0.413333    
0.1225 0.38    
0.1225 0.363333    
0.1225 0.346667    
0.1225 0.326667    
0.1225 0.326667    
0.1225 0.3    
0.12 0.25    
0.1175 0.22    
0.115 0.19    
0.1075 0.133333    
0.1025 0.106667    
0.095 0.0433333    
0.09 0.0133333    
0.085 -0.0233333    
0.08 -0.0633333    
0.0725 -0.153333    
0.0625 -0.246667    
0.0575 -0.29    
0.0525 -0.33    
0.045 -0.373333    
0.03 -0.453333    
0.0125 -0.526667    
0.01 -0.533333    
-0.01 -0.603333    
-0.025 -0.636667    
-0.0575 -0.683333    
-0.075 -0.703333    
-0.0975 -0.716667    
-0.1375 -0.73    
-0.155 -0.73    
-0.1725 -0.726667    
-0.205 -0.71    
-0.2325 -0.68    
-0.2425 -0.663333    
-0.255 -0.643333    
-0.2625 -0.62    
-0.275 -0.576667    
-0.28 -0.553333    
-0.285 -0.533333    
-0.2925 -0.493333    
-0.295 -0.476667    
-0.295 -0.45    
-0.295 -0.44    
-0.295 -0.423333    
-0.2925 -0.416667    
-0.2925 -0.413333    
-0.2925 -0.406667    
-0.2925 -0.403333    
-0.2925 -0.403333    
