39
-0.365 0.21    
-0.375 0.213333    
-0.385 0.196667    
-0.3725 0.146667    
-0.3625 0.11    
-0.3475 0.0633333    
-0.305 -0.0366667    
-0.28 -0.08    
-0.2525 -0.12    
-0.2 -0.163333    
-0.1775 -0.173333    
-0.1575 -0.17    
-0.14 -0.15    
-0.11 -0.0833333    
-0.085 0.0166667    
-0.0775 0.0633333    
-0.07 0.12    
-0.07 0.12    
-0.06 0.17    
-0.055 0.21    
-0.0475 0.246667    
-0.0375 0.266667    
-0.035 0.24    
-0.0375 0.133333    
-0.04 0.0533333    
-0.045 -0.04    
-0.0675 -0.253333    
-0.08 -0.36    
-0.115 -0.56    
-0.135 -0.643333    
-0.155 -0.713333    
-0.18 -0.77    
-0.2375 -0.833333    
-0.2675 -0.84    
-0.3025 -0.833333    
-0.37 -0.773333    
-0.4 -0.73    
-0.4475 -0.63    
-0.4675 -0.533333    
