46
-0.2875 0.416667    
-0.29 0.416667    
-0.2925 0.416667    
-0.2925 0.413333    
-0.29 0.4    
-0.2875 0.376667    
-0.28 0.356667    
-0.265 0.33    
-0.2475 0.31    
-0.2175 0.283333    
-0.175 0.253333    
-0.1575 0.243333    
-0.115 0.23    
-0.08 0.223333    
-0.0325 0.226667    
0.0175 0.243333    
0.0725 0.28    
0.125 0.333333    
0.1525 0.366667    
0.2075 0.45    
0.24 0.51    
0.255 0.55    
0.2675 0.58    
0.275 0.6    
0.2775 0.61    
0.27 0.586667    
0.2575 0.556667    
0.22 0.473333    
0.17 0.363333    
0.09 0.186667    
-0.03 -0.0466667    
-0.1025 -0.17    
-0.1775 -0.286667    
-0.2525 -0.396667    
-0.3525 -0.53    
-0.4525 -0.67    
-0.485 -0.71    
-0.525 -0.756667    
-0.57 -0.803333    
-0.5775 -0.806667    
-0.5825 -0.81    
-0.5775 -0.81    
-0.56 -0.803333    
-0.5425 -0.793333    
-0.51 -0.763333    
-0.485 -0.73    
