76
-0.155 0.653333    
-0.1475 0.646667    
-0.1375 0.63    
-0.13 0.616667    
-0.125 0.596667    
-0.115 0.563333    
-0.105 0.533333    
-0.095 0.476667    
-0.0825 0.383333    
-0.0725 0.33    
-0.065 0.273333    
-0.055 0.23    
-0.0325 0.186667    
-0.0125 0.17    
-0.0025 0.166667    
0.02 0.176667    
0.055 0.223333    
0.0775 0.256667    
0.13 0.363333    
0.1575 0.43    
0.18 0.483333    
0.1975 0.52    
0.2125 0.56    
0.2175 0.58    
0.22 0.59    
0.22 0.603333    
0.2175 0.613333    
0.215 0.613333    
0.2075 0.603333    
0.2 0.586667    
0.1925 0.556667    
0.18 0.486667    
0.175 0.4    
0.175 0.256667    
0.1775 0.153333    
0.1775 0.05    
0.18 -0.0533333    
0.175 -0.21    
0.1725 -0.296667    
0.1725 -0.373333    
0.1675 -0.46    
0.165 -0.52    
0.155 -0.59    
0.135 -0.653333    
0.1175 -0.683333    
0.105 -0.703333    
0.055 -0.743333    
0.025 -0.753333    
-0.015 -0.756667    
-0.035 -0.753333    
-0.0625 -0.743333    
-0.09 -0.716667    
-0.1 -0.696667    
-0.1125 -0.663333    
-0.12 -0.606667    
-0.1175 -0.533333    
-0.1125 -0.506667    
-0.095 -0.47    
-0.0575 -0.433333    
-0.0375 -0.423333    
0.0125 -0.4    
0.0525 -0.38    
0.11 -0.35    
0.16 -0.316667    
0.1975 -0.286667    
0.23 -0.256667    
0.2675 -0.226667    
0.295 -0.2    
0.31 -0.18    
0.3175 -0.166667    
0.32 -0.16    
0.3225 -0.153333    
0.3225 -0.15    
0.325 -0.15    
0.325 -0.146667    
0.325 -0.146667    
