36
0.0725 0.38    
0.08 0.396667    
0.0825 0.413333    
0.07 0.453333    
0.04 0.486667    
0.015 0.503333    
-0.06 0.523333    
-0.1325 0.526667    
-0.27 0.49    
-0.3525 0.44    
-0.4225 0.37    
-0.5 0.253333    
-0.54 0.16    
-0.5675 0.03    
-0.5675 -0.0633333    
-0.5275 -0.193333    
-0.495 -0.253333    
-0.39 -0.373333    
-0.32 -0.423333    
-0.2775 -0.443333    
-0.2025 -0.456667    
-0.1325 -0.44    
-0.095 -0.396667    
-0.0825 -0.37    
-0.07 -0.306667    
-0.07 -0.253333    
-0.0775 -0.186667    
-0.095 -0.136667    
-0.1075 -0.106667    
-0.1275 -0.0766667    
-0.1425 -0.0666667    
-0.1675 -0.06    
-0.1875 -0.0566667    
-0.215 -0.0566667    
-0.2425 -0.0566667    
-0.2575 -0.0533333    
