48
0.0625 0.593333    
0.0625 0.493333    
0.0775 0.38    
0.095 0.196667    
0.1125 0.0566667    
0.1375 -0.11    
0.1475 -0.17    
0.1775 -0.213333    
0.205 -0.193333    
0.2325 -0.136667    
0.2675 -0.03    
0.3025 0.113333    
0.34 0.26    
0.37 0.363333    
0.4 0.463333    
0.4275 0.57    
0.4425 0.633333    
0.45 0.666667    
0.45 0.676667    
0.4475 0.666667    
0.4425 0.636667    
0.4375 0.563333    
0.4325 0.476667    
0.43 0.313333    
0.43 0.17    
0.43 -0.0333333    
0.425 -0.226667    
0.4175 -0.353333    
0.41 -0.523333    
0.4 -0.653333    
0.38 -0.856667    
0.36 -0.98    
0.0025 -0.993333    
-0.0675 -0.966667    
-0.1175 -0.936667    
-0.15 -0.91    
-0.2175 -0.846667    
-0.2625 -0.793333    
-0.3025 -0.736667    
-0.345 -0.673333    
-0.3775 -0.606667    
-0.395 -0.563333    
-0.4 -0.54    
-0.4025 -0.513333    
-0.405 -0.496667    
-0.3975 -0.49    
-0.38 -0.49    
-0.365 -0.493333    
