67
-0.08 0.16    
-0.08 0.163333    
-0.075 0.16    
-0.0625 0.15    
-0.0525 0.136667    
-0.04 0.123333    
-0.02 0.1    
0.0025 0.08    
0.025 0.0666667    
0.0475 0.06    
0.085 0.0533333    
0.125 0.06    
0.1525 0.0733333    
0.1925 0.106667    
0.22 0.136667    
0.2525 0.18    
0.2725 0.213333    
0.295 0.266667    
0.3025 0.3    
0.305 0.31    
0.31 0.35    
0.31 0.376667    
0.31 0.4    
0.3075 0.41    
0.3025 0.403333    
0.3 0.39    
0.2975 0.35    
0.295 0.31    
0.29 0.24    
0.2825 0.183333    
0.2675 0.1    
0.255 0.04    
0.235 -0.0466667    
0.2075 -0.14    
0.19 -0.21    
0.1625 -0.296667    
0.1375 -0.383333    
0.1175 -0.436667    
0.095 -0.503333    
0.075 -0.566667    
0.06 -0.603333    
0.04 -0.653333    
0.0225 -0.683333    
-0.0025 -0.72    
-0.0225 -0.74    
-0.0425 -0.75    
-0.06 -0.75    
-0.0675 -0.743333    
-0.0725 -0.736667    
-0.0775 -0.73    
-0.08 -0.726667    
-0.08 -0.723333    
-0.0825 -0.72    
-0.0825 -0.713333    
-0.0825 -0.71    
-0.08 -0.7    
-0.0775 -0.693333    
-0.0775 -0.69    
-0.075 -0.686667    
-0.0725 -0.683333    
-0.0725 -0.68    
-0.07 -0.68    
-0.07 -0.676667    
-0.0675 -0.676667    
-0.0675 -0.676667    
-0.0625 -0.676667    
-0.06 -0.673333    
