31
-0.3525 0.173333    
-0.3525 0.173333    
-0.3575 0.163333    
-0.36 0.146667    
-0.3625 0.13    
-0.365 0.1    
-0.365 0.0733333    
-0.365 0.0366667    
-0.3625 -0.00666667    
-0.36 -0.04    
-0.355 -0.0866667    
-0.3475 -0.14    
-0.3375 -0.183333    
-0.325 -0.253333    
-0.3175 -0.286667    
-0.3125 -0.316667    
-0.31 -0.343333    
-0.3075 -0.35    
-0.305 -0.353333    
-0.285 -0.33    
-0.275 -0.31    
-0.25 -0.233333    
-0.235 -0.18    
-0.2225 -0.12    
-0.2125 -0.0666667    
-0.2 -0.00666667    
-0.19 0.0533333    
-0.185 0.0733333    
-0.1825 0.1    
-0.18 0.1    
-0.1825 0.0766667    
