55
-0.11 0.396667    
-0.11 0.406667    
-0.1025 0.41    
-0.075 0.393333    
-0.0525 0.366667    
-0.02 0.316667    
0 0.276667    
0.0175 0.216667    
0.0225 0.166667    
0.0225 0.106667    
0.02 0.0666667    
0.0175 0.0266667    
0.0225 0.01    
0.03 0.0133333    
0.05 0.0333333    
0.085 0.08    
0.1275 0.15    
0.1575 0.21    
0.19 0.276667    
0.2075 0.32    
0.22 0.353333    
0.2275 0.393333    
0.2275 0.403333    
0.2175 0.396667    
0.205 0.373333    
0.1925 0.336667    
0.175 0.263333    
0.1625 0.163333    
0.15 0.0433333    
0.1425 -0.0533333    
0.1325 -0.153333    
0.1175 -0.303333    
0.105 -0.376667    
0.085 -0.456667    
0.06 -0.503333    
0.0325 -0.533333    
-0.0225 -0.566667    
-0.055 -0.576667    
-0.0925 -0.58    
-0.115 -0.576667    
-0.13 -0.57    
-0.14 -0.55    
-0.1425 -0.523333    
-0.135 -0.486667    
-0.1225 -0.453333    
-0.095 -0.416667    
-0.06 -0.386667    
-0.0325 -0.37    
-0.0125 -0.363333    
0.015 -0.356667    
0.0425 -0.353333    
0.07 -0.35    
0.1 -0.346667    
0.11 -0.34    
0.1175 -0.333333    
