37
-0.415 0.393333    
-0.415 0.4    
-0.41 0.416667    
-0.3975 0.43    
-0.3725 0.446667    
-0.2675 0.493333    
-0.1925 0.52    
-0.015 0.57    
0.0725 0.586667    
0.15 0.59    
0.225 0.556667    
0.2175 0.516667    
0.1875 0.46    
0.06 0.313333    
-0.1125 0.133333    
-0.1975 0.05    
-0.27 -0.0233333    
-0.3825 -0.146667    
-0.42 -0.193333    
-0.4425 -0.226667    
-0.46 -0.256667    
-0.47 -0.306667    
-0.45 -0.33    
-0.425 -0.336667    
-0.39 -0.333333    
-0.345 -0.326667    
-0.225 -0.303333    
-0.16 -0.296667    
-0.0275 -0.286667    
0.03 -0.286667    
0.08 -0.286667    
0.15 -0.293333    
0.1725 -0.296667    
0.1875 -0.296667    
0.2025 -0.3    
0.205 -0.303333    
0.2025 -0.303333    
