30
-0.5 0.336667    
-0.49 0.346667    
-0.4625 0.35    
-0.4175 0.343333    
-0.325 0.323333    
-0.2475 0.3    
-0.16 0.263333    
-0.12 0.23    
-0.1225 0.17    
-0.19 0.09    
-0.27 0.02    
-0.37 -0.06    
-0.495 -0.163333    
-0.5825 -0.253333    
-0.6125 -0.313333    
-0.6075 -0.356667    
-0.57 -0.39    
-0.4475 -0.406667    
-0.3475 -0.403333    
-0.24 -0.396667    
-0.2 -0.396667    
-0.0875 -0.39    
0.0725 -0.396667    
0.1425 -0.406667    
0.195 -0.416667    
0.22 -0.426667    
0.23 -0.433333    
0.22 -0.43    
0.205 -0.423333    
0.185 -0.416667    
