58
-0.07 0.24    
-0.0625 0.243333    
-0.0475 0.25    
-0.0225 0.253333    
0 0.256667    
0.03 0.256667    
0.09 0.256667    
0.1275 0.253333    
0.18 0.246667    
0.2125 0.243333    
0.2475 0.236667    
0.265 0.23    
0.27 0.213333    
0.26 0.193333    
0.2375 0.163333    
0.205 0.126667    
0.135 0.05    
0.0875 -0.00666667    
0.0175 -0.0833333    
0 -0.1    
-0.075 -0.173333    
-0.1325 -0.226667    
-0.1975 -0.29    
-0.24 -0.33    
-0.275 -0.376667    
-0.29 -0.403333    
-0.2825 -0.423333    
-0.2525 -0.426667    
-0.205 -0.426667    
-0.12 -0.43    
-0.015 -0.44    
0.065 -0.453333    
0.185 -0.473333    
0.2475 -0.486667    
0.295 -0.493333    
0.335 -0.496667    
0.3475 -0.493333    
0.34 -0.476667    
0.32 -0.453333    
0.2875 -0.426667    
0.23 -0.37    
0.18 -0.32    
0.1175 -0.25    
0.0575 -0.18    
0.0125 -0.126667    
-0.0275 -0.0766667    
-0.055 -0.04    
-0.08 0.00333333    
-0.0925 0.0266667    
-0.1025 0.0466667    
-0.095 0.0466667    
-0.0775 0.03    
-0.0525 0.00333333    
-0.01 -0.0533333    
0.0175 -0.0866667    
0.0625 -0.14    
0.1075 -0.19    
0.1575 -0.243333    
