59
0.0225 0.286667    
0.02 0.293333    
0.0175 0.3    
0.0175 0.3    
0.02 0.296667    
0.025 0.29    
0.0425 0.28    
0.05 0.28    
0.0775 0.283333    
0.1025 0.29    
0.1325 0.3    
0.1775 0.313333    
0.2075 0.316667    
0.2475 0.323333    
0.2825 0.323333    
0.3025 0.32    
0.32 0.306667    
0.325 0.293333    
0.32 0.25    
0.3075 0.216667    
0.28 0.16    
0.2525 0.113333    
0.225 0.0633333    
0.185 -0.00666667    
0.1375 -0.0933333    
0.1125 -0.143333    
0.085 -0.183333    
0.0575 -0.216667    
0.0225 -0.25    
-0.015 -0.283333    
-0.04 -0.303333    
-0.065 -0.323333    
-0.0775 -0.333333    
-0.0875 -0.34    
-0.0825 -0.34    
-0.0725 -0.336667    
-0.045 -0.333333    
-0.015 -0.33    
0.0475 -0.323333    
0.0875 -0.32    
0.13 -0.32    
0.1975 -0.32    
0.2225 -0.323333    
0.2475 -0.323333    
0.29 -0.323333    
0.3125 -0.323333    
0.3325 -0.32    
0.3425 -0.31    
0.345 -0.3    
0.3425 -0.283333    
0.335 -0.263333    
0.325 -0.246667    
0.3125 -0.233333    
0.295 -0.213333    
0.2875 -0.2    
0.2825 -0.193333    
0.28 -0.183333    
0.28 -0.18    
0.28 -0.176667    
