27
-0.23 0.09    
-0.245 0.11    
-0.225 0.133333    
-0.18 0.16    
-0.0925 0.2    
0.0025 0.23    
0.0575 0.233333    
0.07 0.166667    
0.0175 0.0366667    
-0.05 -0.0866667    
-0.1575 -0.266667    
-0.24 -0.413333    
-0.26 -0.48    
-0.215 -0.513333    
-0.1925 -0.51    
-0.095 -0.476667    
0.0475 -0.396667    
0.16 -0.31    
0.195 -0.236667    
0.1725 -0.16    
0.0975 -0.0966667    
0.03 -0.0566667    
-0.0525 -0.0166667    
-0.11 0.00666667    
-0.1225 0.01    
-0.0925 0    
-0.02 -0.03    
