74
-0.2 0.353333    
-0.2 0.353333    
-0.215 0.36    
-0.22 0.356667    
-0.225 0.356667    
-0.225 0.356667    
-0.225 0.356667    
-0.2225 0.353333    
-0.22 0.356667    
-0.2225 0.36    
-0.225 0.37    
-0.2275 0.37    
-0.225 0.366667    
-0.22 0.363333    
-0.1925 0.346667    
-0.175 0.343333    
-0.1275 0.336667    
-0.0975 0.336667    
-0.0625 0.343333    
-0.0275 0.35    
0.01 0.356667    
0.0875 0.373333    
0.12 0.38    
0.1725 0.39    
0.19 0.393333    
0.2025 0.396667    
0.22 0.4    
0.2225 0.396667    
0.21 0.37    
0.195 0.346667    
0.175 0.32    
0.115 0.243333    
0.075 0.203333    
0.035 0.163333    
-0.0575 0.0766667    
-0.1075 0.0333333    
-0.205 -0.05    
-0.2525 -0.09    
-0.3325 -0.163333    
-0.365 -0.196667    
-0.3925 -0.223333    
-0.4275 -0.266667    
-0.4375 -0.283333    
-0.4375 -0.293333    
-0.4325 -0.296667    
-0.4 -0.303333    
-0.375 -0.3    
-0.3125 -0.286667    
-0.2775 -0.28    
-0.2 -0.266667    
-0.16 -0.266667    
-0.0825 -0.276667    
-0.0475 -0.283333    
-0.0175 -0.29    
0.01 -0.3    
0.0525 -0.313333    
0.07 -0.316667    
0.1 -0.323333    
0.1075 -0.33    
0.115 -0.333333    
0.1225 -0.34    
0.1325 -0.35    
0.1425 -0.356667    
0.145 -0.363333    
0.1475 -0.366667    
0.155 -0.37    
0.1575 -0.37    
0.1575 -0.37    
0.16 -0.37    
0.165 -0.366667    
0.1675 -0.353333    
0.17 -0.35    
0.1725 -0.343333    
0.175 -0.336667    
