69
-0.265 0.456667    
-0.2775 0.46    
-0.3025 0.453333    
-0.315 0.45    
-0.3125 0.436667    
-0.2875 0.443333    
-0.24 0.456667    
-0.1025 0.486667    
-0.0275 0.496667    
0.04 0.5    
0.12 0.49    
0.13 0.466667    
0.075 0.33    
0.02 0.216667    
-0.04 0.0833333    
-0.1575 -0.17    
-0.195 -0.253333    
-0.2225 -0.313333    
-0.2525 -0.38    
-0.255 -0.396667    
-0.24 -0.403333    
-0.2175 -0.393333    
-0.1875 -0.38    
-0.0975 -0.34    
0.01 -0.31    
0.01 -0.31    
0.1275 -0.303333    
0.18 -0.31    
0.2275 -0.316667    
0.29 -0.33    
0.3075 -0.333333    
0.325 -0.336667    
0.3225 -0.336667    
0.31 -0.33    
0.2925 -0.323333    
0.2725 -0.316667    
0.23 -0.303333    
0.2125 -0.296667    
0.195 -0.29    
0.1725 -0.283333    
0.165 -0.28    
0.16 -0.28    
0.1575 -0.28    
0.1575 -0.28    
0.1575 -0.283333    
0.1575 -0.283333    
0.1575 -0.283333    
0.1575 -0.286667    
0.16 -0.29    
0.1625 -0.293333    
0.165 -0.293333    
0.165 -0.296667    
0.1675 -0.3    
0.1725 -0.303333    
0.1775 -0.303333    
0.185 -0.303333    
0.1875 -0.306667    
0.19 -0.306667    
0.195 -0.306667    
0.195 -0.306667    
0.1975 -0.306667    
0.1975 -0.306667    
0.2 -0.306667    
0.2 -0.306667    
0.2 -0.306667    
0.2 -0.306667    
0.2 -0.306667    
0.2 -0.306667    
0.2 -0.31    
