42
-0.44 0.33    
-0.4375 0.346667    
-0.43 0.366667    
-0.425 0.373333    
-0.42 0.373333    
-0.415 0.366667    
-0.395 0.343333    
-0.375 0.336667    
-0.31 0.316667    
-0.265 0.31    
-0.2125 0.3    
-0.11 0.276667    
-0.07 0.256667    
-0.0225 0.196667    
-0.02 0.156667    
-0.0575 0.06    
-0.1 0.01    
-0.15 -0.04    
-0.15 -0.04    
-0.225 -0.126667    
-0.3 -0.206667    
-0.37 -0.28    
-0.495 -0.396667    
-0.56 -0.406667    
-0.56 -0.406667    
-0.5875 -0.423333    
-0.58 -0.43    
-0.56 -0.433333    
-0.465 -0.426667    
-0.39 -0.42    
-0.21 -0.396667    
-0.1075 -0.39    
0.0875 -0.383333    
0.1825 -0.383333    
0.27 -0.383333    
0.4175 -0.39    
0.52 -0.396667    
0.55 -0.403333    
0.5675 -0.406667    
0.5775 -0.41    
0.58 -0.413333    
0.57 -0.416667    
