42
-0.2975 0.216667    
-0.3 0.216667    
-0.285 0.223333    
-0.2675 0.226667    
-0.24 0.233333    
-0.205 0.243333    
-0.1225 0.283333    
-0.0825 0.306667    
-0.02 0.35    
-0.0025 0.36    
0.0025 0.36    
-0.0325 0.303333    
-0.075 0.24    
-0.1925 0.07    
-0.2525 -0.02    
-0.35 -0.18    
-0.3825 -0.25    
-0.405 -0.303333    
-0.4175 -0.343333    
-0.4225 -0.386667    
-0.405 -0.396667    
-0.385 -0.393333    
-0.36 -0.386667    
-0.3275 -0.376667    
-0.24 -0.346667    
-0.1875 -0.336667    
-0.0825 -0.32    
-0.0375 -0.313333    
0.0025 -0.306667    
0.0325 -0.303333    
0.0725 -0.303333    
0.09 -0.31    
0.095 -0.31    
0.0975 -0.31    
0.0975 -0.31    
0.0975 -0.306667    
0.0975 -0.306667    
0.0975 -0.306667    
0.095 -0.303333    
0.0925 -0.3    
0.09 -0.296667    
0.09 -0.293333    
