58
-0.1075 0.276667    
-0.1075 0.276667    
-0.1075 0.276667    
-0.105 0.276667    
-0.105 0.276667    
-0.105 0.276667    
-0.0825 0.28    
-0.065 0.283333    
-0.0175 0.29    
0.005 0.296667    
0.0525 0.303333    
0.0725 0.306667    
0.09 0.31    
0.105 0.313333    
0.135 0.316667    
0.15 0.32    
0.1775 0.32    
0.19 0.323333    
0.2025 0.323333    
0.2225 0.323333    
0.235 0.323333    
0.2475 0.323333    
0.25 0.323333    
0.25 0.32    
0.24 0.303333    
0.2275 0.29    
0.2125 0.273333    
0.1925 0.25    
0.1425 0.196667    
0.115 0.166667    
0.06 0.11    
0.035 0.08    
0.01 0.05    
-0.0375 -0.00666667    
-0.0575 -0.0366667    
-0.09 -0.0833333    
-0.1 -0.1    
-0.1075 -0.113333    
-0.1125 -0.133333    
-0.11 -0.136667    
-0.105 -0.14    
-0.0775 -0.14    
-0.03 -0.126667    
-0.03 -0.126667    
0.0375 -0.113333    
0.0725 -0.11    
0.14 -0.106667    
0.1725 -0.103333    
0.2225 -0.1    
0.2425 -0.0966667    
0.2575 -0.0933333    
0.27 -0.0933333    
0.2875 -0.0866667    
0.2925 -0.0866667    
0.295 -0.09    
0.2975 -0.09    
0.2975 -0.0933333    
0.2975 -0.0966667    
