36
-0.3775 -0.00333333    
-0.3725 0.01    
-0.3675 0.02    
-0.3375 0.0333333    
-0.3175 0.04    
-0.26 0.06    
-0.2275 0.0733333    
-0.1925 0.0866667    
-0.16 0.0966667    
-0.1025 0.11    
-0.065 0.106667    
-0.05 0.1    
-0.04 0.0866667    
-0.035 0.07    
-0.04 -0.00333333    
-0.05 -0.0533333    
-0.0725 -0.12    
-0.145 -0.283333    
-0.1875 -0.36    
-0.2675 -0.49    
-0.295 -0.533333    
-0.3125 -0.563333    
-0.33 -0.606667    
-0.3325 -0.62    
-0.33 -0.63    
-0.3025 -0.643333    
-0.275 -0.643333    
-0.235 -0.64    
-0.13 -0.63    
-0.0725 -0.62    
0.035 -0.606667    
0.08 -0.6    
0.115 -0.593333    
0.1575 -0.583333    
0.1675 -0.576667    
0.1725 -0.573333    
