78
-0.205 0.45    
-0.205 0.45    
-0.2075 0.443333    
-0.21 0.436667    
-0.215 0.43    
-0.2225 0.426667    
-0.23 0.423333    
-0.2425 0.42    
-0.245 0.416667    
-0.2425 0.416667    
-0.2275 0.416667    
-0.1875 0.413333    
-0.1675 0.413333    
-0.1125 0.41    
-0.0725 0.413333    
-0.055 0.413333    
-0.025 0.416667    
-0.005 0.413333    
0.01 0.386667    
0.01 0.363333    
-0.0075 0.31    
-0.035 0.26    
-0.085 0.183333    
-0.15 0.103333    
-0.1875 0.06    
-0.25 -0.01    
-0.355 -0.123333    
-0.4275 -0.2    
-0.4725 -0.243333    
-0.4975 -0.27    
-0.515 -0.283333    
-0.5225 -0.29    
-0.5 -0.293333    
-0.4625 -0.286667    
-0.4125 -0.28    
-0.325 -0.263333    
-0.23 -0.246667    
-0.16 -0.236667    
-0.055 -0.226667    
0.01 -0.223333    
0.0475 -0.213333    
0.085 -0.2    
0.135 -0.173333    
0.1575 -0.16    
0.17 -0.15    
0.18 -0.14    
0.18 -0.133333    
0.1775 -0.133333    
0.165 -0.13    
0.1575 -0.126667    
0.145 -0.123333    
0.135 -0.12    
0.13 -0.116667    
0.1275 -0.113333    
0.1275 -0.11    
0.13 -0.106667    
0.135 -0.103333    
0.1375 -0.1    
0.145 -0.1    
0.15 -0.1    
0.1525 -0.0966667    
0.1575 -0.0966667    
0.1625 -0.0966667    
0.1625 -0.0933333    
0.165 -0.0933333    
0.165 -0.09    
0.1675 -0.0866667    
0.1675 -0.0833333    
0.17 -0.0833333    
0.1725 -0.08    
0.175 -0.0766667    
0.175 -0.0766667    
0.1775 -0.0733333    
0.1775 -0.0733333    
0.1775 -0.07    
0.1775 -0.07    
0.1775 -0.07    
0.1775 -0.0666667    
