55
-0.3975 0.45    
-0.39 0.45    
-0.3775 0.45    
-0.345 0.446667    
-0.315 0.45    
-0.255 0.456667    
-0.2225 0.46    
-0.1525 0.47    
-0.06 0.476667    
-0.0275 0.473333    
0.025 0.46    
0.055 0.446667    
0.0825 0.426667    
0.1 0.413333    
0.1075 0.406667    
0.115 0.396667    
0.115 0.393333    
0.11 0.373333    
0.0975 0.343333    
0.0575 0.263333    
0.0225 0.2    
-0.015 0.133333    
-0.08 0.0233333    
-0.1175 -0.0333333    
-0.155 -0.0833333    
-0.2125 -0.156667    
-0.2425 -0.193333    
-0.265 -0.223333    
-0.295 -0.253333    
-0.305 -0.266667    
-0.3125 -0.273333    
-0.315 -0.276667    
-0.315 -0.283333    
-0.305 -0.286667    
-0.2775 -0.286667    
-0.25 -0.283333    
-0.19 -0.28    
-0.155 -0.28    
-0.12 -0.28    
-0.0725 -0.286667    
-0.035 -0.293333    
0.03 -0.306667    
0.085 -0.316667    
0.1275 -0.326667    
0.17 -0.333333    
0.205 -0.343333    
0.255 -0.36    
0.2825 -0.37    
0.2925 -0.373333    
0.31 -0.38    
0.32 -0.386667    
0.325 -0.39    
0.3275 -0.39    
0.33 -0.39    
0.3325 -0.393333    
