60
-0.1875 0.453333    
-0.1875 0.456667    
-0.1875 0.46    
-0.185 0.463333    
-0.185 0.463333    
-0.1825 0.466667    
-0.1825 0.466667    
-0.18 0.466667    
-0.175 0.463333    
-0.175 0.45    
-0.1825 0.38    
-0.195 0.29    
-0.2125 0.133333    
-0.2175 0.0866667    
-0.2375 -0.123333    
-0.2475 -0.243333    
-0.25 -0.3    
-0.255 -0.323333    
-0.2575 -0.313333    
-0.2525 -0.226667    
-0.2425 -0.0733333    
-0.23 0.0766667    
-0.2075 0.286667    
-0.1825 0.426667    
-0.125 0.606667    
-0.06 0.696667    
-0.005 0.736667    
0.055 0.746667    
0.15 0.706667    
0.19 0.646667    
0.2075 0.556667    
0.2 0.44    
0.1575 0.266667    
0.11 0.136667    
0.0375 -0.0166667    
-0.0525 -0.16    
-0.1025 -0.223333    
-0.15 -0.27    
-0.1975 -0.303333    
-0.275 -0.31    
-0.3325 -0.28    
-0.3575 -0.253333    
-0.4075 -0.173333    
-0.4325 -0.106667    
-0.44 -0.0766667    
-0.4425 -0.0366667    
-0.42 0.0233333    
-0.3975 0.0433333    
-0.3975 0.0433333    
-0.355 0.0633333    
-0.3275 0.07    
-0.32 0.07    
-0.3075 0.07    
-0.3 0.07    
-0.295 0.0566667    
-0.2925 0.05    
-0.2925 0.0366667    
-0.2925 0.0233333    
-0.2925 0.02    
-0.295 0.01    
