52
-0.2175 0.476667    
-0.1775 0.533333    
-0.125 0.58    
-0.0175 0.63    
0.1 0.66    
0.2075 0.683333    
0.2725 0.69    
0.3425 0.696667    
0.3775 0.69    
0.4075 0.683333    
0.4175 0.673333    
0.4175 0.66    
0.39 0.613333    
0.355 0.566667    
0.29 0.486667    
0.2275 0.416667    
0.1625 0.34    
0.07 0.21    
-0.02 0.0666667    
-0.11 -0.0666667    
-0.1675 -0.156667    
-0.2175 -0.22    
-0.285 -0.276667    
-0.295 -0.286667    
-0.3275 -0.32    
-0.3475 -0.34    
-0.3625 -0.363333    
-0.3675 -0.373333    
-0.355 -0.38    
-0.3375 -0.373333    
-0.31 -0.36    
-0.2525 -0.333333    
-0.1975 -0.306667    
-0.1125 -0.276667    
-0.0425 -0.266667    
0.0475 -0.276667    
0.1275 -0.3    
0.185 -0.326667    
0.25 -0.356667    
0.2925 -0.366667    
0.345 -0.383333    
0.3725 -0.39    
0.4075 -0.396667    
0.4225 -0.393333    
0.435 -0.38    
0.4425 -0.366667    
0.4525 -0.35    
0.455 -0.34    
0.46 -0.333333    
0.4625 -0.336667    
0.465 -0.343333    
0.4675 -0.35    
