63
-0.2 0.103333    
-0.18 0.11    
-0.155 0.12    
-0.1 0.136667    
-0.05 0.153333    
0.005 0.173333    
0.0325 0.183333    
0.0825 0.2    
0.135 0.213333    
0.1575 0.22    
0.17 0.22    
0.1875 0.216667    
0.1975 0.21    
0.1975 0.203333    
0.19 0.186667    
0.18 0.166667    
0.1625 0.133333    
0.125 0.0733333    
0.1 0.0333333    
0.06 -0.03    
0.04 -0.0666667    
-0.0025 -0.136667    
-0.035 -0.193333    
-0.065 -0.25    
-0.0975 -0.306667    
-0.1275 -0.363333    
-0.17 -0.45    
-0.19 -0.49    
-0.2025 -0.52    
-0.2175 -0.55    
-0.2225 -0.566667    
-0.2225 -0.573333    
-0.215 -0.58    
-0.2075 -0.58    
-0.1925 -0.576667    
-0.1725 -0.57    
-0.1525 -0.563333    
-0.1175 -0.553333    
-0.0775 -0.536667    
-0.045 -0.523333    
-0.0075 -0.506667    
0.02 -0.5    
0.0625 -0.493333    
0.0875 -0.49    
0.1175 -0.493333    
0.1325 -0.496667    
0.165 -0.496667    
0.185 -0.5    
0.195 -0.5    
0.2075 -0.5    
0.22 -0.496667    
0.225 -0.496667    
0.225 -0.496667    
0.225 -0.496667    
0.225 -0.496667    
0.2225 -0.5    
0.2225 -0.496667    
0.2225 -0.496667    
0.225 -0.493333    
0.2275 -0.483333    
0.23 -0.473333    
0.2325 -0.47    
0.235 -0.466667    
