43
-0.4075 0.18    
-0.405 0.176667    
-0.3975 0.17    
-0.38 0.166667    
-0.3475 0.16    
-0.2975 0.153333    
-0.25 0.156667    
-0.1775 0.163333    
-0.1175 0.173333    
-0.045 0.203333    
0.0125 0.22    
0.0425 0.233333    
0.07 0.243333    
0.08 0.246667    
0.0775 0.24    
0.0625 0.216667    
0.0425 0.193333    
0.005 0.146667    
-0.0325 0.0966667    
-0.085 0.0433333    
-0.1275 0    
-0.1825 -0.0566667    
-0.2175 -0.0966667    
-0.26 -0.14    
-0.28 -0.16    
-0.315 -0.196667    
-0.335 -0.216667    
-0.3525 -0.236667    
-0.3575 -0.243333    
-0.3525 -0.246667    
-0.33 -0.253333    
-0.3125 -0.253333    
-0.2675 -0.253333    
-0.205 -0.243333    
-0.15 -0.236667    
-0.0875 -0.246667    
-0.0075 -0.263333    
0.0375 -0.27    
0.0775 -0.28    
0.0825 -0.276667    
0.0725 -0.273333    
0.0475 -0.28    
0.015 -0.303333    
