49
-0.1575 0.08    
-0.17 0.11    
-0.18 0.13    
-0.1875 0.14    
-0.195 0.15    
-0.2 0.15    
-0.1975 0.153333    
-0.19 0.153333    
-0.155 0.163333    
-0.1225 0.173333    
-0.0775 0.186667    
-0.0275 0.196667    
0.04 0.213333    
0.105 0.223333    
0.145 0.226667    
0.185 0.226667    
0.2075 0.22    
0.2125 0.213333    
0.205 0.193333    
0.1775 0.166667    
0.145 0.133333    
0.09 0.0733333    
0.0425 0.02    
-0.0225 -0.0533333    
-0.08 -0.12    
-0.1175 -0.166667    
-0.16 -0.216667    
-0.19 -0.25    
-0.205 -0.27    
-0.2175 -0.286667    
-0.2225 -0.293333    
-0.2225 -0.3    
-0.22 -0.3    
-0.21 -0.296667    
-0.1925 -0.293333    
-0.16 -0.283333    
-0.1125 -0.273333    
-0.0725 -0.27    
-0.015 -0.26    
0.045 -0.253333    
0.1025 -0.25    
0.1425 -0.246667    
0.1725 -0.243333    
0.2025 -0.24    
0.22 -0.233333    
0.225 -0.23    
0.23 -0.226667    
0.23 -0.223333    
0.2275 -0.223333    
