51
-0.215 0.396667    
-0.21 0.436667    
-0.205 0.436667    
-0.2125 0.393333    
-0.2275 0.323333    
-0.2875 0.09    
-0.33 -0.06    
-0.375 -0.213333    
-0.455 -0.473333    
-0.4875 -0.563333    
-0.5275 -0.58    
-0.5325 -0.513333    
-0.5275 -0.413333    
-0.5025 -0.136667    
-0.48 0.02    
-0.48 0.02    
-0.4375 0.173333    
-0.3925 0.296667    
-0.3 0.476667    
-0.255 0.523333    
-0.2125 0.53    
-0.135 0.4    
-0.1 0.276667    
-0.055 0.0966667    
0.01 -0.193333    
0.04 -0.343333    
0.0825 -0.58    
0.09 -0.66    
0.09 -0.723333    
0.0525 -0.776667    
-0.025 -0.73    
-0.075 -0.673333    
-0.1325 -0.593333    
-0.1875 -0.503333    
-0.2875 -0.323333    
-0.325 -0.243333    
-0.35 -0.176667    
-0.365 -0.0933333    
-0.3525 -0.07    
-0.3275 -0.05    
-0.25 -0.0233333    
-0.2025 -0.0166667    
-0.1025 -0.00333333    
-0.0625 0.00333333    
-0.0275 0.01    
0.015 0.0266667    
0.0275 0.0333333    
0.0325 0.0366667    
0.0325 0.0466667    
0.03 0.05    
0.025 0.0566667    
