51
-0.3375 0.356667    
-0.3325 0.29    
-0.34 0.183333    
-0.3625 -0.00666667    
-0.39 -0.17    
-0.43 -0.376667    
-0.4575 -0.496667    
-0.465 -0.51    
-0.46 -0.466667    
-0.4425 -0.366667    
-0.3975 -0.13    
-0.37 0.00666667    
-0.35 0.13    
-0.34 0.243333    
-0.3325 0.35    
-0.3275 0.4    
-0.3225 0.423333    
-0.3 0.42    
-0.2525 0.35    
-0.205 0.256667    
-0.135 0.0933333    
-0.085 -0.0433333    
-0.0425 -0.166667    
0.005 -0.303333    
0.03 -0.373333    
0.0525 -0.413333    
0.0525 -0.4    
0.0425 -0.363333    
0.01 -0.286667    
-0.0325 -0.216667    
-0.0875 -0.14    
-0.15 -0.0733333    
-0.2325 -0.00333333    
-0.3 0.04    
-0.335 0.05    
-0.355 0.05    
-0.35 0.04    
-0.32 0.0233333    
-0.2425 -0.00666667    
-0.165 -0.0233333    
-0.055 -0.04    
0.0175 -0.0433333    
0.0825 -0.04    
0.1075 -0.03    
0.11 -0.02    
0.0925 -0.00666667    
0.065 0    
0.0425 0.00333333    
0.0225 0.00333333    
0.005 0    
-0.0075 -0.00666667    
