68
-0.085 0.326667    
-0.1075 0.203333    
-0.1375 0.07    
-0.165 -0.0366667    
-0.1875 -0.113333    
-0.23 -0.283333    
-0.2575 -0.413333    
-0.285 -0.57    
-0.3 -0.69    
-0.3 -0.746667    
-0.295 -0.776667    
-0.285 -0.796667    
-0.2725 -0.786667    
-0.26 -0.76    
-0.2425 -0.68    
-0.2375 -0.613333    
-0.23 -0.533333    
-0.2225 -0.443333    
-0.21 -0.313333    
-0.195 -0.18    
-0.18 -0.0366667    
-0.1675 0.0666667    
-0.1525 0.196667    
-0.14 0.286667    
-0.1175 0.39    
-0.0925 0.473333    
-0.0675 0.536667    
-0.0425 0.563333    
-0.0175 0.573333    
0.0225 0.55    
0.055 0.51    
0.12 0.4    
0.16 0.313333    
0.2175 0.18    
0.265 0.0666667    
0.3275 -0.09    
0.3725 -0.206667    
0.4225 -0.35    
0.46 -0.466667    
0.465 -0.49    
0.48 -0.563333    
0.4825 -0.606667    
0.475 -0.62    
0.46 -0.616667    
0.4225 -0.583333    
0.3875 -0.543333    
0.345 -0.496667    
0.2575 -0.406667    
0.1975 -0.35    
0.135 -0.293333    
0.07 -0.243333    
-0.015 -0.183333    
-0.09 -0.133333    
-0.15 -0.0933333    
-0.18 -0.07    
-0.2 -0.0366667    
-0.195 -0.00333333    
-0.1725 0.0266667    
-0.125 0.0733333    
-0.0575 0.123333    
0 0.166667    
0.0575 0.206667    
0.125 0.253333    
0.165 0.283333    
0.2025 0.313333    
0.2225 0.326667    
0.2275 0.33    
0.225 0.326667    
