102
-0.235 0.566667    
-0.245 0.556667    
-0.25 0.55    
-0.255 0.543333    
-0.2625 0.53    
-0.28 0.496667    
-0.2875 0.473333    
-0.2975 0.443333    
-0.315 0.363333    
-0.3325 0.3    
-0.36 0.21    
-0.4475 -0.0333333    
-0.585 -0.346667    
-0.585 -0.346667    
-0.7225 -0.636667    
-0.81 -0.82    
-0.8275 -0.863333    
-0.8275 -0.863333    
-0.8275 -0.863333    
-0.8125 -0.67    
-0.78 -0.523333    
-0.67 -0.08    
-0.605 0.106667    
-0.535 0.266667    
-0.4 0.57    
-0.3 0.763333    
-0.265 0.85    
-0.2375 0.913333    
-0.22 0.966667    
-0.1775 0.996667    
-0.165 0.946667    
-0.125 0.763333    
-0.1025 0.63    
-0.0525 0.323333    
-0.025 0.16    
0.01 -0.00333333    
0.0775 -0.31    
0.1075 -0.45    
0.145 -0.683333    
0.155 -0.78    
0.155 -0.85    
0.145 -0.923333    
0.115 -0.92    
0.115 -0.92    
0.065 -0.85    
0.025 -0.78    
-0.0175 -0.696667    
-0.115 -0.516667    
-0.2275 -0.353333    
-0.2825 -0.293333    
-0.3375 -0.233333    
-0.4325 -0.136667    
-0.4675 -0.1    
-0.4975 -0.07    
-0.52 -0.0433333    
-0.5425 -0.0266667    
-0.5475 -0.0166667    
-0.5475 -0.0166667    
-0.5175 0.00666667    
-0.435 0.03    
-0.375 0.0366667    
-0.305 0.0366667    
-0.23 0.0366667    
-0.0925 0.0466667    
-0.0375 0.0533333    
0.005 0.06    
0.06 0.0733333    
0.075 0.0866667    
0.0925 0.11    
0.095 0.123333    
0.095 0.133333    
0.0775 0.136667    
0.065 0.136667    
0.0425 0.136667    
0.035 0.136667    
0.0275 0.133333    
0.015 0.13    
0.0075 0.123333    
0.0075 0.123333    
0 0.113333    
-0.0025 0.106667    
-0.0075 0.09    
-0.01 0.0833333    
-0.015 0.0733333    
-0.0175 0.07    
-0.0175 0.0666667    
-0.02 0.0666667    
-0.02 0.0666667    
-0.02 0.0633333    
-0.02 0.0633333    
-0.02 0.06    
-0.02 0.06    
-0.02 0.0566667    
-0.02 0.0566667    
-0.02 0.0566667    
-0.02 0.0533333    
-0.02 0.0533333    
-0.02 0.0533333    
-0.0225 0.05    
-0.0225 0.0466667    
-0.0275 0.04    
-0.0275 0.0366667    
