89
-0.0875 0.716667    
-0.0875 0.693333    
-0.1 0.586667    
-0.115 0.503333    
-0.135 0.393333    
-0.1975 0.15    
-0.2325 0.0333333    
-0.295 -0.156667    
-0.32 -0.23    
-0.34 -0.283333    
-0.36 -0.35    
-0.365 -0.36    
-0.3575 -0.293333    
-0.3475 -0.216667    
-0.3125 -0.0133333    
-0.2925 0.0966667    
-0.2725 0.196667    
-0.2525 0.286667    
-0.215 0.443333    
-0.2 0.516667    
-0.1875 0.58    
-0.1675 0.676667    
-0.16 0.706667    
-0.1425 0.736667    
-0.13 0.733333    
-0.115 0.71    
-0.0975 0.68    
-0.06 0.58    
-0.04 0.516667    
0 0.36    
0.025 0.266667    
0.0525 0.173333    
0.115 -0.02    
0.17 -0.163333    
0.1925 -0.216667    
0.21 -0.253333    
0.2275 -0.283333    
0.2275 -0.28    
0.22 -0.266667    
0.195 -0.213333    
0.18 -0.176667    
0.1625 -0.136667    
0.145 -0.1    
0.1175 -0.0366667    
0.1025 0.0133333    
0.0975 0.0366667    
0.095 0.0533333    
0.0925 0.08    
0.09 0.09    
0.09 0.0966667    
0.09 0.103333    
0.09 0.113333    
0.09 0.113333    
0.09 0.116667    
0.0875 0.116667    
0.0875 0.12    
0.0825 0.12    
0.075 0.123333    
0.045 0.126667    
0.0225 0.133333    
-0.0325 0.136667    
-0.0625 0.133333    
-0.0925 0.13    
-0.1225 0.123333    
-0.175 0.113333    
-0.1925 0.11    
-0.2075 0.106667    
-0.22 0.103333    
-0.2025 0.0933333    
-0.18 0.0866667    
-0.18 0.0866667    
-0.18 0.0866667    
-0.075 0.0766667    
-0.0125 0.0766667    
0.085 0.08    
0.1 0.0833333    
0.1075 0.0833333    
0.115 0.0833333    
0.115 0.08    
0.115 0.08    
0.115 0.0766667    
0.1125 0.0733333    
0.11 0.07    
0.1075 0.07    
0.105 0.07    
0.1025 0.0666667    
0.0975 0.0666667    
0.095 0.0666667    
0.09 0.0633333    
