104
-0.05 0.406667    
-0.05 0.406667    
-0.05 0.403333    
-0.05 0.403333    
-0.0475 0.4    
-0.0475 0.396667    
-0.05 0.383333    
-0.0525 0.366667    
-0.0575 0.343333    
-0.0625 0.313333    
-0.075 0.236667    
-0.0825 0.193333    
-0.0925 0.1    
-0.0975 0.0466667    
-0.105 -0.00666667    
-0.11 -0.0633333    
-0.1225 -0.183333    
-0.1325 -0.293333    
-0.1375 -0.34    
-0.1375 -0.376667    
-0.135 -0.41    
-0.135 -0.46    
-0.1325 -0.483333    
-0.1325 -0.483333    
-0.135 -0.48    
-0.135 -0.45    
-0.1375 -0.413333    
-0.135 -0.363333    
-0.135 -0.306667    
-0.1275 -0.18    
-0.1225 -0.123333    
-0.1175 -0.0733333    
-0.1025 0.0233333    
-0.095 0.07    
-0.0775 0.15    
-0.0725 0.183333    
-0.065 0.213333    
-0.055 0.27    
-0.05 0.296667    
-0.045 0.32    
-0.04 0.343333    
-0.04 0.343333    
-0.03 0.38    
-0.025 0.393333    
-0.0225 0.403333    
-0.0175 0.41    
-0.015 0.41    
-0.0125 0.406667    
-0.005 0.38    
0.0025 0.356667    
0.025 0.29    
0.0425 0.243333    
0.06 0.196667    
0.0825 0.146667    
0.13 0.0433333    
0.1525 -0.00666667    
0.2 -0.113333    
0.22 -0.163333    
0.2425 -0.216667    
0.2775 -0.31    
0.29 -0.35    
0.3075 -0.41    
0.3125 -0.43    
0.3125 -0.453333    
0.3075 -0.46    
0.2975 -0.456667    
0.285 -0.45    
0.245 -0.413333    
0.1975 -0.356667    
0.1975 -0.356667    
0.15 -0.29    
0.13 -0.263333    
0.0925 -0.22    
0.0775 -0.203333    
0.0625 -0.19    
0.04 -0.163333    
0.03 -0.15    
0.0225 -0.143333    
0.01 -0.126667    
0.0075 -0.123333    
0.005 -0.116667    
0 -0.11    
-0.0025 -0.103333    
-0.005 -0.1    
-0.005 -0.0966667    
-0.005 -0.0933333    
-0.005 -0.09    
-0.0025 -0.0866667    
0 -0.0833333    
0.015 -0.0766667    
0.025 -0.07    
0.055 -0.0633333    
0.0875 -0.0566667    
0.0875 -0.0566667    
0.1175 -0.05    
0.135 -0.0433333    
0.1375 -0.04    
0.14 -0.0366667    
0.145 -0.0366667    
0.145 -0.0366667    
0.145 -0.0366667    
0.1475 -0.0366667    
0.1475 -0.0366667    
0.1475 -0.0366667    
