104
-0.36 0.383333    
-0.3625 0.38    
-0.365 0.376667    
-0.3675 0.373333    
-0.375 0.353333    
-0.3875 0.313333    
-0.4 0.27    
-0.4125 0.21    
-0.44 0.0833333    
-0.4575 -0.00333333    
-0.4775 -0.0966667    
-0.495 -0.19    
-0.5225 -0.346667    
-0.5375 -0.463333    
-0.5425 -0.526667    
-0.545 -0.59    
-0.54 -0.603333    
-0.525 -0.596667    
-0.505 -0.543333    
-0.4875 -0.476667    
-0.465 -0.363333    
-0.4475 -0.236667    
-0.4375 -0.143333    
-0.42 0.00666667    
-0.4125 0.06    
-0.395 0.153333    
-0.385 0.206667    
-0.3725 0.246667    
-0.365 0.27    
-0.34 0.316667    
-0.3 0.366667    
-0.2825 0.38    
-0.2425 0.39    
-0.2125 0.376667    
-0.1725 0.336667    
-0.13 0.273333    
-0.1 0.216667    
-0.0575 0.126667    
-0.0275 0.05    
0.015 -0.0866667    
0.0425 -0.203333    
0.055 -0.29    
0.0575 -0.346667    
0.0625 -0.47    
0.06 -0.536667    
0.0575 -0.56    
0.05 -0.583333    
0.0425 -0.576667    
0.005 -0.51    
-0.01 -0.476667    
-0.0575 -0.366667    
-0.0875 -0.293333    
-0.12 -0.216667    
-0.1525 -0.14    
-0.195 -0.0433333    
-0.2475 0.0566667    
-0.265 0.09    
-0.2975 0.146667    
-0.3225 0.183333    
-0.35 0.216667    
-0.3725 0.23    
-0.405 0.24    
-0.4325 0.233333    
-0.4525 0.223333    
-0.5225 0.173333    
-0.58 0.116667    
-0.605 0.0866667    
-0.6475 0.03    
-0.665 0    
-0.655 -0.0233333    
-0.63 -0.0266667    
-0.5875 -0.0266667    
-0.5325 -0.0233333    
-0.4425 -0.01    
-0.34 0.00333333    
-0.26 0.0233333    
-0.13 0.0666667    
-0.0575 0.0933333    
0.005 0.116667    
0.075 0.14    
0.1275 0.163333    
0.16 0.176667    
0.1975 0.193333    
0.2125 0.2    
0.2175 0.196667    
0.22 0.193333    
0.2225 0.183333    
0.22 0.173333    
0.22 0.17    
0.2175 0.163333    
0.215 0.16    
0.215 0.16    
0.215 0.156667    
0.2175 0.16    
0.2175 0.16    
0.22 0.166667    
0.2225 0.176667    
0.2225 0.186667    
0.22 0.193333    
0.2175 0.203333    
0.21 0.216667    
0.2075 0.22    
0.2025 0.226667    
0.2 0.226667    
