104
-0.1775 0.73    
-0.185 0.703333    
-0.195 0.646667    
-0.2025 0.606667    
-0.21 0.556667    
-0.2175 0.5    
-0.2425 0.376667    
-0.2675 0.25    
-0.285 0.17    
-0.3125 0.04    
-0.365 -0.243333    
-0.3825 -0.34    
-0.4075 -0.503333    
-0.4225 -0.623333    
-0.4275 -0.696667    
-0.43 -0.716667    
-0.43 -0.72    
-0.425 -0.653333    
-0.4225 -0.6    
-0.415 -0.473333    
-0.4075 -0.37    
-0.3875 -0.23    
-0.37 -0.13    
-0.335 0.0166667    
-0.3 0.143333    
-0.285 0.2    
-0.255 0.296667    
-0.2375 0.363333    
-0.215 0.446667    
-0.205 0.483333    
-0.1875 0.533333    
-0.1775 0.563333    
-0.17 0.586667    
-0.1625 0.613333    
-0.16 0.63    
-0.1525 0.653333    
-0.15 0.676667    
-0.145 0.69    
-0.14 0.706667    
-0.1375 0.71    
-0.1325 0.71    
-0.1225 0.693333    
-0.1075 0.663333    
-0.0775 0.593333    
-0.0375 0.483333    
0 0.38    
0.035 0.266667    
0.105 0.0166667    
0.1375 -0.1    
0.175 -0.24    
0.19 -0.3    
0.2175 -0.413333    
0.235 -0.48    
0.24 -0.51    
0.2525 -0.563333    
0.265 -0.61    
0.265 -0.63    
0.2625 -0.636667    
0.225 -0.63    
0.165 -0.606667    
0.1275 -0.59    
0.0375 -0.546667    
-0.0225 -0.513333    
-0.1175 -0.45    
-0.15 -0.423333    
-0.2025 -0.366667    
-0.2325 -0.323333    
-0.26 -0.273333    
-0.275 -0.23    
-0.2775 -0.22    
-0.285 -0.166667    
-0.29 -0.146667    
-0.3025 -0.08    
-0.315 -0.0266667    
-0.325 0.00666667    
-0.335 0.0333333    
-0.34 0.0533333    
-0.33 0.0833333    
-0.3125 0.0966667    
-0.285 0.116667    
-0.24 0.14    
-0.185 0.16    
-0.14 0.166667    
-0.0775 0.17    
-0.03 0.173333    
0.03 0.176667    
0.0825 0.183333    
0.1125 0.186667    
0.1425 0.19    
0.1575 0.186667    
0.1725 0.186667    
0.18 0.176667    
0.18 0.173333    
0.18 0.166667    
0.18 0.16    
0.1825 0.153333    
0.1825 0.15    
0.185 0.143333    
0.1875 0.143333    
0.1875 0.14    
0.1925 0.136667    
0.1975 0.133333    
0.2025 0.13    
0.205 0.123333    
