74
-0.1525 0.363333    
-0.1825 0.373333    
-0.1925 0.376667    
-0.21 0.376667    
-0.2175 0.373333    
-0.225 0.366667    
-0.235 0.323333    
-0.2425 0.253333    
-0.255 0.15    
-0.2725 0.0233333    
-0.3125 -0.28    
-0.3325 -0.42    
-0.3475 -0.536667    
-0.365 -0.703333    
-0.37 -0.75    
-0.375 -0.786667    
-0.375 -0.773333    
-0.37 -0.666667    
-0.36 -0.573333    
-0.3475 -0.46    
-0.3325 -0.343333    
-0.3025 -0.123333    
-0.2925 -0.0266667    
-0.27 0.133333    
-0.255 0.256667    
-0.255 0.256667    
-0.2475 0.336667    
-0.24 0.38    
-0.2325 0.393333    
-0.225 0.403333    
-0.215 0.41    
-0.1975 0.416667    
-0.1875 0.403333    
-0.16 0.376667    
-0.0725 0.246667    
-0.0225 0.153333    
0.07 -0.0633333    
0.1025 -0.17    
0.155 -0.356667    
0.1775 -0.43    
0.1775 -0.43    
0.1775 -0.43    
0.2075 -0.543333    
0.215 -0.576667    
0.22 -0.603333    
0.2125 -0.623333    
0.195 -0.623333    
0.12 -0.603333    
0.065 -0.58    
0.0025 -0.556667    
-0.1275 -0.51    
-0.235 -0.473333    
-0.2775 -0.456667    
-0.31 -0.443333    
-0.3375 -0.433333    
-0.3675 -0.413333    
-0.3725 -0.41    
-0.375 -0.403333    
-0.37 -0.39    
-0.335 -0.37    
-0.305 -0.36    
-0.2675 -0.346667    
-0.2275 -0.33    
-0.145 -0.3    
-0.105 -0.283333    
-0.07 -0.263333    
-0.0075 -0.226667    
0.02 -0.21    
0.06 -0.183333    
0.0725 -0.17    
0.0825 -0.163333    
0.0975 -0.153333    
0.1 -0.15    
0.105 -0.146667    
