60
-0.3325 0.606667    
-0.32 0.653333    
-0.31 0.683333    
-0.3025 0.703333    
-0.31 0.683333    
-0.335 0.63    
-0.39 0.503333    
-0.4425 0.363333    
-0.4975 0.2    
-0.5625 -0.0166667    
-0.595 -0.15    
-0.62 -0.283333    
-0.6325 -0.353333    
-0.635 -0.38    
-0.635 -0.373333    
-0.625 -0.326667    
-0.615 -0.263333    
-0.6 -0.18    
-0.57 -0.00333333    
-0.54 0.136667    
-0.525 0.206667    
-0.485 0.36    
-0.46 0.43    
-0.435 0.506667    
-0.4175 0.55    
-0.4 0.59    
-0.385 0.61    
-0.375 0.613333    
-0.355 0.603333    
-0.325 0.55    
-0.29 0.433333    
-0.265 0.313333    
-0.2375 0.143333    
-0.215 -0.0233333    
-0.2 -0.12    
-0.185 -0.216667    
-0.1775 -0.266667    
-0.1725 -0.31    
-0.1775 -0.333333    
-0.1975 -0.366667    
-0.22 -0.383333    
-0.255 -0.383333    
-0.2875 -0.36    
-0.34 -0.273333    
-0.3725 -0.203333    
-0.4125 -0.113333    
-0.435 -0.06    
-0.4575 -0.00333333    
-0.465 0.03    
-0.45 0.0566667    
-0.4225 0.0666667    
-0.37 0.0766667    
-0.3075 0.0766667    
-0.2675 0.0766667    
-0.2275 0.08    
-0.205 0.0866667    
-0.195 0.0933333    
-0.19 0.0966667    
-0.1925 0.103333    
-0.2 0.106667    
