123
0.055 0.46    
0.06 0.466667    
0.065 0.476667    
0.065 0.476667    
0.065 0.476667    
0.0625 0.473333    
0.0625 0.463333    
0.06 0.45    
0.0575 0.413333    
0.045 0.34    
0.0375 0.306667    
0.02 0.226667    
0.0025 0.166667    
-0.0275 0.06    
-0.05 -0.0133333    
-0.07 -0.09    
-0.1025 -0.193333    
-0.1325 -0.296667    
-0.1525 -0.363333    
-0.175 -0.42    
-0.195 -0.47    
-0.21 -0.506667    
-0.2225 -0.533333    
-0.2325 -0.55    
-0.2325 -0.55    
-0.23 -0.54    
-0.2225 -0.51    
-0.2025 -0.45    
-0.1925 -0.413333    
-0.165 -0.313333    
-0.145 -0.25    
-0.125 -0.186667    
-0.1075 -0.13    
-0.0775 -0.0466667    
-0.06 0.0133333    
-0.05 0.04    
-0.0375 0.08    
-0.025 0.126667    
-0.0125 0.17    
0.0025 0.22    
0.01 0.246667    
0.02 0.283333    
0.025 0.3    
0.035 0.333333    
0.0425 0.35    
0.0475 0.36    
0.05 0.366667    
0.055 0.38    
0.0575 0.383333    
0.06 0.383333    
0.0625 0.383333    
0.0675 0.376667    
0.0775 0.363333    
0.0875 0.35    
0.1025 0.316667    
0.115 0.29    
0.13 0.256667    
0.1575 0.176667    
0.1975 0.0566667    
0.2125 0.00666667    
0.235 -0.08    
0.25 -0.14    
0.27 -0.213333    
0.2825 -0.266667    
0.305 -0.343333    
0.315 -0.393333    
0.3225 -0.423333    
0.325 -0.446667    
0.3275 -0.47    
0.3325 -0.486667    
0.3325 -0.5    
0.335 -0.51    
0.335 -0.52    
0.335 -0.526667    
0.3325 -0.533333    
0.3275 -0.533333    
0.31 -0.526667    
0.3 -0.52    
0.2775 -0.503333    
0.2575 -0.486667    
0.23 -0.46    
0.21 -0.436667    
0.1925 -0.416667    
0.165 -0.39    
0.1525 -0.38    
0.12 -0.35    
0.095 -0.33    
0.0825 -0.32    
0.0525 -0.296667    
0.0375 -0.29    
0.03 -0.283333    
0.02 -0.276667    
0.0025 -0.26    
-0.005 -0.243333    
-0.01 -0.226667    
-0.0075 -0.21    
-0.005 -0.196667    
0.0075 -0.18    
0.03 -0.163333    
0.0475 -0.153333    
0.0825 -0.133333    
0.1025 -0.12    
0.12 -0.11    
0.14 -0.1    
0.155 -0.0933333    
0.165 -0.09    
0.1725 -0.09    
0.18 -0.0866667    
0.1825 -0.0866667    
0.185 -0.0866667    
0.185 -0.09    
0.185 -0.0966667    
0.1825 -0.1    
0.18 -0.11    
0.1775 -0.116667    
0.175 -0.123333    
0.1725 -0.13    
0.175 -0.143333    
0.185 -0.163333    
0.19 -0.17    
0.2 -0.186667    
0.2075 -0.193333    
0.2175 -0.203333    
