62
-0.27 0.36    
-0.2725 0.306667    
-0.2825 0.233333    
-0.2975 0.166667    
-0.3275 0.0633333    
-0.355 -0.0266667    
-0.4 -0.15    
-0.435 -0.236667    
-0.475 -0.333333    
-0.5125 -0.406667    
-0.52 -0.42    
-0.5275 -0.416667    
-0.525 -0.393333    
-0.5125 -0.33    
-0.485 -0.216667    
-0.4725 -0.166667    
-0.4525 -0.06    
-0.4325 0.04    
-0.42 0.11    
-0.405 0.213333    
-0.3975 0.253333    
-0.3925 0.293333    
-0.38 0.37    
-0.37 0.42    
-0.35 0.486667    
-0.34 0.5    
-0.32 0.5    
-0.3 0.48    
-0.26 0.4    
-0.22 0.3    
-0.1875 0.213333    
-0.15 0.12    
-0.1125 0.0266667    
-0.05 -0.11    
-0.0125 -0.18    
0.0175 -0.243333    
0.0525 -0.31    
0.0725 -0.353333    
0.0875 -0.396667    
0.0925 -0.42    
0.0825 -0.423333    
0.065 -0.413333    
0.0375 -0.393333    
-0.01 -0.356667    
-0.0525 -0.326667    
-0.1275 -0.273333    
-0.1575 -0.25    
-0.2475 -0.186667    
-0.275 -0.17    
-0.3225 -0.14    
-0.355 -0.12    
-0.3775 -0.0966667    
-0.38 -0.0833333    
-0.375 -0.06    
-0.335 -0.03    
-0.3125 -0.0166667    
-0.285 -0.01    
-0.225 0.00333333    
-0.1825 0.01    
-0.1325 0.00333333    
-0.1175 -0.00333333    
-0.1075 -0.0233333    
