70
0.005 0.466667    
0.0075 0.496667    
0.0075 0.523333    
0 0.53    
-0.01 0.51    
-0.035 0.46    
-0.0675 0.393333    
-0.115 0.293333    
-0.1575 0.206667    
-0.24 0.0366667    
-0.255 0    
-0.3225 -0.173333    
-0.3675 -0.296667    
-0.4 -0.4    
-0.4325 -0.496667    
-0.4425 -0.53    
-0.45 -0.54    
-0.4475 -0.526667    
-0.4375 -0.493333    
-0.4125 -0.416667    
-0.3875 -0.336667    
-0.3425 -0.206667    
-0.285 -0.03    
-0.25 0.07    
-0.215 0.163333    
-0.18 0.246667    
-0.125 0.363333    
-0.095 0.423333    
-0.0575 0.483333    
-0.035 0.52    
-0.0125 0.553333    
0.0025 0.566667    
0.0175 0.566667    
0.03 0.543333    
0.045 0.486667    
0.0625 0.396667    
0.0775 0.306667    
0.105 0.136667    
0.125 0.0333333    
0.1475 -0.0633333    
0.18 -0.18    
0.2025 -0.25    
0.235 -0.333333    
0.2475 -0.37    
0.2575 -0.393333    
0.26 -0.406667    
0.2525 -0.403333    
0.2375 -0.39    
0.215 -0.366667    
0.17 -0.326667    
0.12 -0.283333    
0.075 -0.256667    
0.01 -0.223333    
-0.0575 -0.193333    
-0.105 -0.173333    
-0.155 -0.153333    
-0.1875 -0.136667    
-0.2025 -0.126667    
-0.21 -0.11    
-0.2025 -0.0933333    
-0.1725 -0.06    
-0.1375 -0.0333333    
-0.055 0.0166667    
-0.005 0.0433333    
0.04 0.0633333    
0.0875 0.0866667    
0.11 0.1    
0.1275 0.113333    
0.1325 0.12    
0.1325 0.123333    
