54
-0.3275 0.47    
-0.3325 0.45    
-0.335 0.383333    
-0.3375 0.266667    
-0.335 0.0466667    
-0.3275 -0.176667    
-0.32 -0.31    
-0.3175 -0.37    
-0.32 -0.336667    
-0.325 -0.216667    
-0.3275 -0.1    
-0.3325 0.0466667    
-0.3375 0.123333    
-0.34 0.18    
-0.345 0.223333    
-0.345 0.236667    
-0.34 0.243333    
-0.3175 0.24    
-0.2825 0.223333    
-0.2225 0.18    
-0.17 0.15    
-0.1175 0.15    
-0.0575 0.146667    
-0.0275 0.14    
-0.0225 0.13    
-0.05 0.0633333    
-0.0925 0.0266667    
-0.1475 0.01    
-0.22 0.02    
-0.275 0.05    
-0.3 0.0766667    
-0.2975 0.1    
-0.26 0.123333    
-0.215 0.126667    
-0.1375 0.116667    
-0.0575 0.0866667    
-0.0075 0.05    
0.025 0.0233333    
0.05 -0.00333333    
0.0875 -0.0633333    
0.1 -0.116667    
0.0975 -0.19    
0.0775 -0.246667    
0.0425 -0.3    
-0.04 -0.37    
-0.095 -0.4    
-0.1675 -0.42    
-0.2175 -0.423333    
-0.26 -0.413333    
-0.3075 -0.39    
-0.3325 -0.373333    
-0.35 -0.353333    
-0.365 -0.33    
-0.37 -0.316667    
