78
-0.065 0.6    
-0.0525 0.58    
-0.045 0.56    
-0.0425 0.526667    
-0.0425 0.483333    
-0.0475 0.436667    
-0.06 0.34    
-0.0675 0.27    
-0.075 0.193333    
-0.08 0.0833333    
-0.0825 0    
-0.085 -0.106667    
-0.09 -0.18    
-0.0925 -0.263333    
-0.095 -0.32    
-0.095 -0.366667    
-0.0925 -0.4    
-0.09 -0.43    
-0.09 -0.453333    
-0.09 -0.463333    
-0.095 -0.466667    
-0.1025 -0.453333    
-0.11 -0.433333    
-0.125 -0.366667    
-0.13 -0.303333    
-0.1275 -0.2    
-0.12 -0.1    
-0.1 0.0366667    
-0.08 0.14    
-0.0475 0.266667    
-0.015 0.353333    
0.0425 0.473333    
0.08 0.536667    
0.1175 0.593333    
0.1575 0.636667    
0.2225 0.686667    
0.26 0.696667    
0.3 0.693333    
0.3475 0.673333    
0.385 0.636667    
0.395 0.596667    
0.38 0.513333    
0.35 0.46    
0.3125 0.403333    
0.25 0.333333    
0.19 0.276667    
0.1475 0.246667    
0.1025 0.216667    
0.0775 0.203333    
0.06 0.196667    
0.0525 0.196667    
0.055 0.206667    
0.07 0.22    
0.1175 0.25    
0.19 0.283333    
0.26 0.306667    
0.3625 0.326667    
0.465 0.326667    
0.535 0.313333    
0.61 0.266667    
0.6525 0.22    
0.685 0.14    
0.6875 0.0466667    
0.67 -0.0266667    
0.635 -0.103333    
0.5675 -0.206667    
0.4575 -0.323333    
0.385 -0.383333    
0.31 -0.433333    
0.2175 -0.486667    
0.15 -0.516667    
0.0725 -0.543333    
0.005 -0.556667    
-0.0525 -0.56    
-0.0875 -0.553333    
-0.1225 -0.533333    
-0.1375 -0.513333    
-0.1425 -0.486667    
