86
-0.005 0.44    
-0.0175 0.466667    
-0.0275 0.486667    
-0.035 0.503333    
-0.0475 0.52    
-0.0525 0.523333    
-0.0575 0.506667    
-0.06 0.483333    
-0.06 0.44    
-0.0575 0.396667    
-0.055 0.333333    
-0.055 0.266667    
-0.055 0.213333    
-0.06 0.136667    
-0.065 0.0766667    
-0.0725 -0.00333333    
-0.08 -0.0833333    
-0.09 -0.173333    
-0.095 -0.236667    
-0.1 -0.316667    
-0.105 -0.366667    
-0.1075 -0.406667    
-0.11 -0.416667    
-0.115 -0.393333    
-0.115 -0.35    
-0.1175 -0.293333    
-0.115 -0.23    
-0.11 -0.133333    
-0.11 -0.0333333    
-0.1075 0.0633333    
-0.105 0.133333    
-0.1025 0.176667    
-0.0925 0.253333    
-0.0825 0.306667    
-0.0675 0.37    
-0.0525 0.413333    
-0.03 0.46    
-0.005 0.496667    
0.02 0.513333    
0.0475 0.53    
0.0875 0.536667    
0.1325 0.533333    
0.1675 0.523333    
0.2075 0.503333    
0.2375 0.483333    
0.2525 0.456667    
0.2625 0.426667    
0.255 0.363333    
0.2425 0.326667    
0.2125 0.28    
0.1825 0.253333    
0.14 0.22    
0.1 0.193333    
0.0725 0.176667    
0.05 0.166667    
0.025 0.156667    
0.015 0.156667    
0.01 0.16    
0.02 0.17    
0.0375 0.18    
0.0875 0.19    
0.125 0.19    
0.18 0.186667    
0.225 0.176667    
0.285 0.163333    
0.34 0.15    
0.365 0.14    
0.395 0.13    
0.425 0.106667    
0.4475 0.08    
0.4725 0.0366667    
0.49 -0.03    
0.4925 -0.0766667    
0.49 -0.123333    
0.4725 -0.193333    
0.455 -0.246667    
0.4175 -0.316667    
0.385 -0.363333    
0.3375 -0.41    
0.3 -0.433333    
0.23 -0.446667    
0.19 -0.436667    
0.1475 -0.413333    
0.085 -0.356667    
0.05 -0.316667    
0.0175 -0.28    
