33
-0.17 0.413333    
-0.1875 0.396667    
-0.19 0.33    
-0.1875 0.17    
-0.1825 0.0233333    
-0.1775 -0.16    
-0.18 -0.253333    
-0.1975 -0.273333    
-0.215 -0.22    
-0.24 -0.08    
-0.2525 0.0933333    
-0.2425 0.22    
-0.2175 0.296667    
-0.1375 0.406667    
-0.0625 0.453333    
0.0325 0.466667    
0.085 0.416667    
0.07 0.34    
0 0.226667    
-0.0925 0.116667    
-0.1575 0.0633333    
-0.1975 0.0333333    
-0.1925 0.04    
-0.12 0.0766667    
-0.04 0.11    
0.0525 0.126667    
0.1525 0.113333    
0.19 0.04    
0.1575 -0.0666667    
0.1025 -0.146667    
0.0275 -0.216667    
-0.0975 -0.293333    
-0.1525 -0.31    
