180
-0.2875 0.62    
-0.295 0.616667    
-0.295 0.616667    
-0.2975 0.616667    
-0.2975 0.616667    
-0.3 0.616667    
-0.3 0.616667    
-0.3 0.616667    
-0.305 0.616667    
-0.305 0.616667    
-0.3075 0.613333    
-0.31 0.61    
-0.31 0.606667    
-0.31 0.583333    
-0.31 0.56    
-0.3 0.486667    
-0.2925 0.436667    
-0.2825 0.38    
-0.2625 0.256667    
-0.255 0.196667    
-0.2475 0.09    
-0.2475 0.0433333    
-0.245 0.00333333    
-0.2475 -0.0666667    
-0.25 -0.0966667    
-0.2525 -0.143333    
-0.2525 -0.163333    
-0.2525 -0.18    
-0.2475 -0.21    
-0.245 -0.223333    
-0.2425 -0.233333    
-0.2375 -0.243333    
-0.235 -0.256667    
-0.235 -0.256667    
-0.2325 -0.263333    
-0.2325 -0.266667    
-0.23 -0.263333    
-0.2275 -0.256667    
-0.2275 -0.246667    
-0.225 -0.233333    
-0.225 -0.193333    
-0.2225 -0.166667    
-0.2175 -0.0966667    
-0.215 -0.0566667    
-0.21 -0.0133333    
-0.205 0.0666667    
-0.205 0.106667    
-0.205 0.143333    
-0.21 0.21    
-0.2075 0.24    
-0.205 0.29    
-0.2 0.306667    
-0.195 0.32    
-0.1875 0.35    
-0.1875 0.37    
-0.19 0.413333    
-0.1925 0.44    
-0.195 0.463333    
-0.195 0.47    
-0.195 0.473333    
-0.195 0.473333    
-0.195 0.47    
-0.195 0.473333    
-0.1975 0.476667    
-0.2 0.493333    
-0.2075 0.5    
-0.2125 0.503333    
-0.215 0.503333    
-0.2175 0.506667    
-0.2225 0.503333    
-0.2275 0.503333    
-0.23 0.506667    
-0.23 0.51    
-0.2275 0.513333    
-0.215 0.52    
-0.21 0.526667    
-0.205 0.54    
-0.2 0.56    
-0.195 0.586667    
-0.1925 0.596667    
-0.185 0.603333    
-0.1775 0.593333    
-0.17 0.586667    
-0.145 0.576667    
-0.1275 0.573333    
-0.095 0.563333    
-0.0775 0.566667    
-0.06 0.566667    
-0.03 0.57    
-0.015 0.576667    
0.0175 0.58    
0.035 0.58    
0.0525 0.583333    
0.0675 0.586667    
0.0925 0.583333    
0.1 0.563333    
0.0975 0.543333    
0.085 0.523333    
0.05 0.47    
0.03 0.446667    
0.005 0.42    
-0.015 0.396667    
-0.0575 0.353333    
-0.075 0.333333    
-0.115 0.303333    
-0.1375 0.293333    
-0.1575 0.286667    
-0.195 0.28    
-0.21 0.28    
-0.2225 0.276667    
-0.2425 0.273333    
-0.25 0.273333    
-0.26 0.266667    
-0.265 0.263333    
-0.2675 0.26    
-0.27 0.25    
-0.2675 0.246667    
-0.265 0.246667    
-0.2525 0.253333    
-0.245 0.26    
-0.225 0.273333    
-0.21 0.276667    
-0.19 0.283333    
-0.14 0.28    
-0.1125 0.273333    
-0.0875 0.27    
-0.0875 0.27    
-0.0575 0.263333    
-0.0275 0.256667    
0.0425 0.233333    
0.0825 0.223333    
0.1625 0.2    
0.1975 0.183333    
0.225 0.17    
0.27 0.143333    
0.2875 0.126667    
0.3025 0.113333    
0.325 0.0833333    
0.3325 0.0666667    
0.34 0.0466667    
0.34 -0.00333333    
0.3275 -0.0533333    
0.315 -0.08    
0.3 -0.106667    
0.2825 -0.13    
0.24 -0.173333    
0.215 -0.193333    
0.1875 -0.21    
0.1375 -0.226667    
0.1125 -0.226667    
0.0675 -0.22    
0.045 -0.216667    
0.0175 -0.21    
-0.0375 -0.2    
-0.09 -0.186667    
-0.1175 -0.176667    
-0.135 -0.163333    
-0.17 -0.143333    
-0.185 -0.133333    
-0.2 -0.133333    
-0.2125 -0.136667    
-0.2325 -0.15    
-0.24 -0.156667    
-0.255 -0.17    
-0.26 -0.176667    
-0.265 -0.183333    
-0.2675 -0.186667    
-0.27 -0.19    
-0.27 -0.19    
-0.27 -0.196667    
-0.2675 -0.196667    
-0.265 -0.196667    
-0.26 -0.193333    
-0.2575 -0.19    
-0.2575 -0.183333    
-0.2575 -0.176667    
-0.2575 -0.17    
-0.26 -0.166667    
-0.26 -0.163333    
-0.2625 -0.16    
