52
-0.205 0.59    
-0.2125 0.573333    
-0.22 0.43    
-0.22 0.14    
-0.2125 -0.0366667    
-0.2025 -0.22    
-0.1725 -0.523333    
-0.16 -0.62    
-0.155 -0.653333    
-0.155 -0.616667    
-0.1725 -0.413333    
-0.185 -0.27    
-0.2025 -0.11    
-0.225 0.2    
-0.2275 0.316667    
-0.2125 0.483333    
-0.19 0.54    
-0.155 0.58    
-0.06 0.593333    
-0.005 0.573333    
0.1075 0.473333    
0.1525 0.393333    
0.1825 0.3    
0.1925 0.206667    
0.15 0.0233333    
0.04 -0.116667    
-0.0225 -0.16    
-0.0825 -0.186667    
-0.17 -0.186667    
-0.1875 -0.166667    
-0.185 -0.143333    
-0.1475 -0.0966667    
-0.1225 -0.0866667    
-0.095 -0.0833333    
-0.0625 -0.0866667    
0.0025 -0.116667    
0.0375 -0.136667    
0.075 -0.153333    
0.1175 -0.176667    
0.155 -0.2    
0.185 -0.23    
0.2075 -0.276667    
0.2125 -0.333333    
0.18 -0.48    
0.1425 -0.56    
0.0375 -0.71    
-0.055 -0.803333    
-0.07 -0.8    
-0.1575 -0.823333    
-0.1875 -0.816667    
-0.2175 -0.783333    
-0.225 -0.766667    
