65
-0.0975 0.346667    
-0.0875 0.306667    
-0.0775 0.24    
-0.06 0.07    
-0.055 -0.03    
-0.0575 -0.216667    
-0.0575 -0.216667    
-0.075 -0.373333    
-0.095 -0.466667    
-0.1 -0.486667    
-0.105 -0.493333    
-0.105 -0.48    
-0.1 -0.376667    
-0.0875 -0.19    
-0.0775 -0.0866667    
-0.07 0.00666667    
-0.06 0.09    
-0.04 0.23    
-0.0325 0.3    
-0.02 0.42    
-0.0125 0.466667    
0.0125 0.543333    
0.03 0.566667    
0.05 0.586667    
0.1025 0.606667    
0.135 0.603333    
0.1725 0.596667    
0.2525 0.556667    
0.29 0.526667    
0.3225 0.483333    
0.3475 0.423333    
0.3675 0.253333    
0.3375 0.11    
0.3075 0.06    
0.2675 0.0366667    
0.2275 0.0266667    
0.1575 0.01    
0.1325 0.00666667    
0.12 0.00333333    
0.1175 0    
0.1625 0.00333333    
0.1625 0.00333333    
0.26 0.00333333    
0.38 0.0166667    
0.38 0.0166667    
0.38 0.0166667    
0.435 0.00666667    
0.505 -0.0266667    
0.5075 -0.106667    
0.475 -0.146667    
0.43 -0.19    
0.3775 -0.233333    
0.265 -0.296667    
0.1625 -0.336667    
0.1125 -0.353333    
0.0675 -0.363333    
0.0275 -0.37    
-0.03 -0.373333    
-0.05 -0.366667    
-0.06 -0.353333    
-0.065 -0.336667    
-0.06 -0.253333    
-0.06 -0.253333    
-0.0525 -0.193333    
-0.045 -0.156667    
