59
-0.095 0.54    
-0.095 0.55    
-0.0825 0.55    
-0.0725 0.53    
-0.0625 0.48    
-0.045 0.293333    
-0.0375 0.173333    
-0.0375 -0.07    
-0.0475 -0.246667    
-0.0475 -0.246667    
-0.055 -0.346667    
-0.055 -0.37    
-0.055 -0.336667    
-0.055 -0.273333    
-0.055 -0.186667    
-0.0575 0.0466667    
-0.055 0.17    
-0.05 0.283333    
-0.0325 0.463333    
-0.0175 0.523333    
0.02 0.62    
0.045 0.653333    
0.075 0.67    
0.14 0.666667    
0.17 0.643333    
0.2025 0.61    
0.2475 0.52    
0.2575 0.47    
0.245 0.366667    
0.2175 0.316667    
0.14 0.236667    
0.1 0.206667    
0.065 0.183333    
0.03 0.163333    
0.025 0.16    
0.035 0.163333    
0.06 0.17    
0.15 0.186667    
0.2075 0.19    
0.3175 0.17    
0.36 0.143333    
0.39 0.11    
0.42 0.0233333    
0.42 -0.0233333    
0.42 -0.0233333    
0.42 -0.0233333    
0.3375 -0.156667    
0.2825 -0.216667    
0.1475 -0.316667    
0.095 -0.333333    
-0.0075 -0.35    
-0.05 -0.346667    
-0.085 -0.34    
-0.1275 -0.313333    
-0.135 -0.3    
-0.135 -0.276667    
-0.1325 -0.266667    
-0.1275 -0.26    
-0.11 -0.25    
