99
-0.2575 0.443333    
-0.26 0.446667    
-0.2625 0.446667    
-0.2625 0.446667    
-0.265 0.443333    
-0.265 0.436667    
-0.265 0.41    
-0.2625 0.39    
-0.2625 0.34    
-0.2625 0.306667    
-0.2625 0.27    
-0.2625 0.23    
-0.26 0.133333    
-0.26 0.0833333    
-0.26 0.0333333    
-0.2575 -0.06    
-0.255 -0.103333    
-0.25 -0.183333    
-0.2475 -0.213333    
-0.2425 -0.243333    
-0.235 -0.28    
-0.2325 -0.293333    
-0.23 -0.296667    
-0.2325 -0.283333    
-0.2375 -0.256667    
-0.25 -0.163333    
-0.255 -0.103333    
-0.2625 -0.0433333    
-0.27 0.0666667    
-0.27 0.116667    
-0.27 0.203333    
-0.2675 0.243333    
-0.26 0.313333    
-0.2575 0.326667    
-0.2525 0.366667    
-0.2475 0.406667    
-0.245 0.423333    
-0.2425 0.436667    
-0.2375 0.46    
-0.2325 0.47    
-0.225 0.48    
-0.2 0.5    
-0.1825 0.506667    
-0.1625 0.513333    
-0.1175 0.523333    
-0.0975 0.526667    
-0.0575 0.52    
-0.04 0.51    
-0.0175 0.48    
-0.0125 0.463333    
-0.01 0.443333    
-0.01 0.42    
-0.025 0.373333    
-0.04 0.35    
-0.06 0.326667    
-0.1025 0.276667    
-0.145 0.236667    
-0.1625 0.22    
-0.1775 0.203333    
-0.1875 0.193333    
-0.2025 0.173333    
-0.2075 0.163333    
-0.21 0.156667    
-0.2075 0.146667    
-0.1925 0.14    
-0.1925 0.14    
-0.16 0.136667    
-0.1125 0.13    
-0.085 0.126667    
-0.055 0.123333    
-0.03 0.12    
0.0175 0.106667    
0.0375 0.1    
0.0675 0.0766667    
0.075 0.0633333    
0.0825 0.05    
0.085 0.0133333    
0.08 -0.01    
0.0575 -0.0633333    
0.0575 -0.0633333    
0.01 -0.133333    
0 -0.143333    
0 -0.143333    
-0.035 -0.166667    
-0.07 -0.19    
-0.1425 -0.216667    
-0.1725 -0.226667    
-0.205 -0.226667    
-0.2125 -0.223333    
-0.2175 -0.22    
-0.2225 -0.213333    
-0.2225 -0.206667    
-0.2225 -0.203333    
-0.225 -0.196667    
-0.225 -0.193333    
-0.2275 -0.193333    
-0.2275 -0.19    
-0.2275 -0.19    
-0.2275 -0.19    
