75
-0.14 0.263333    
-0.115 0.173333    
-0.0825 -0.0366667    
-0.0775 -0.143333    
-0.08 -0.25    
-0.09 -0.453333    
-0.0975 -0.543333    
-0.115 -0.693333    
-0.1225 -0.75    
-0.13 -0.82    
-0.13 -0.82    
-0.135 -0.826667    
-0.1375 -0.8    
-0.1325 -0.67    
-0.1225 -0.463333    
-0.1225 -0.463333    
-0.105 -0.24    
-0.0975 -0.14    
-0.0975 -0.14    
-0.09 -0.0233333    
-0.08 0.08    
-0.0575 0.246667    
-0.045 0.31    
-0.03 0.343333    
0.0025 0.393333    
0.015 0.41    
0.025 0.42    
0.04 0.413333    
0.0625 0.366667    
0.08 0.326667    
0.1025 0.283333    
0.1475 0.176667    
0.1625 0.116667    
0.1675 0.0633333    
0.1675 0    
0.145 -0.133333    
0.125 -0.2    
0.1025 -0.256667    
0.0375 -0.33    
0.005 -0.346667    
-0.055 -0.356667    
-0.0775 -0.35    
-0.105 -0.34    
-0.11 -0.333333    
-0.11 -0.33    
-0.1025 -0.326667    
-0.0675 -0.326667    
-0.04 -0.326667    
0.0325 -0.326667    
0.1175 -0.313333    
0.1175 -0.313333    
0.1975 -0.293333    
0.255 -0.29    
0.2775 -0.293333    
0.2975 -0.3    
0.3125 -0.31    
0.3375 -0.336667    
0.345 -0.36    
0.3475 -0.396667    
0.335 -0.503333    
0.32 -0.566667    
0.2675 -0.69    
0.235 -0.74    
0.1625 -0.81    
0.1625 -0.81    
0.08 -0.846667    
-0.0025 -0.846667    
-0.04 -0.836667    
-0.075 -0.826667    
-0.105 -0.81    
-0.1475 -0.783333    
-0.1625 -0.773333    
-0.17 -0.763333    
-0.18 -0.746667    
-0.18 -0.74    
