67
-0.2125 0.303333    
-0.2125 0.303333    
-0.2125 0.3    
-0.2125 0.286667    
-0.22 0.23    
-0.2325 0.15    
-0.2425 0.0966667    
-0.26 -0.03    
-0.2825 -0.196667    
-0.295 -0.293333    
-0.305 -0.37    
-0.3125 -0.43    
-0.3225 -0.476667    
-0.3275 -0.49    
-0.3275 -0.47    
-0.3225 -0.403333    
-0.315 -0.333333    
-0.3 -0.213333    
-0.285 -0.113333    
-0.2575 0.0533333    
-0.2375 0.15    
-0.21 0.243333    
-0.1725 0.363333    
-0.1175 0.486667    
-0.0925 0.526667    
-0.065 0.556667    
-0.0225 0.59    
0.0375 0.603333    
0.08 0.593333    
0.1525 0.543333    
0.195 0.483333    
0.2125 0.446667    
0.2325 0.356667    
0.215 0.236667    
0.1975 0.19    
0.125 0.0866667    
0.0725 0.0366667    
-0.0025 -0.01    
-0.0775 -0.0366667    
-0.13 -0.0433333    
-0.1925 -0.03    
-0.2175 -0.0166667    
-0.255 0.0166667    
-0.2725 0.0566667    
-0.27 0.08    
-0.245 0.106667    
-0.2125 0.123333    
-0.155 0.143333    
-0.12 0.146667    
-0.0475 0.136667    
0.035 0.0866667    
0.07 0.03    
0.09 -0.04    
0.0975 -0.106667    
0.08 -0.226667    
0.0525 -0.293333    
0.015 -0.34    
-0.0275 -0.39    
-0.135 -0.466667    
-0.1725 -0.486667    
-0.19 -0.496667    
-0.2725 -0.52    
-0.345 -0.516667    
-0.4025 -0.496667    
-0.4375 -0.473333    
-0.455 -0.446667    
-0.465 -0.413333    
