103
-0.125 0.773333    
-0.1325 0.73    
-0.1375 0.7    
-0.145 0.666667    
-0.1525 0.62    
-0.1625 0.566667    
-0.17 0.516667    
-0.185 0.406667    
-0.1925 0.346667    
-0.2025 0.193333    
-0.21 0.0633333    
-0.2125 -0.17    
-0.21 -0.306667    
-0.2075 -0.43    
-0.2025 -0.6    
-0.205 -0.683333    
-0.2075 -0.713333    
-0.215 -0.733333    
-0.2225 -0.713333    
-0.2275 -0.663333    
-0.235 -0.593333    
-0.2425 -0.47    
-0.2475 -0.293333    
-0.2475 -0.226667    
-0.24 -0.103333    
-0.23 -0.0133333    
-0.2125 0.0933333    
-0.1925 0.18    
-0.17 0.263333    
-0.1525 0.333333    
-0.135 0.39    
-0.12 0.44    
-0.1075 0.486667    
-0.0975 0.513333    
-0.09 0.533333    
-0.0825 0.546667    
-0.0725 0.56    
-0.06 0.576667    
-0.05 0.59    
-0.03 0.62    
-0.015 0.633333    
0 0.64    
0.0375 0.633333    
0.065 0.62    
0.095 0.6    
0.1275 0.573333    
0.165 0.53    
0.195 0.473333    
0.2075 0.42    
0.21 0.326667    
0.2 0.246667    
0.17 0.146667    
0.14 0.0766667    
0.0725 -0.01    
0.0225 -0.0466667    
-0.0275 -0.0733333    
-0.0925 -0.103333    
-0.16 -0.13    
-0.18 -0.14    
-0.2075 -0.153333    
-0.2175 -0.16    
-0.22 -0.163333    
-0.2125 -0.163333    
-0.1925 -0.153333    
-0.1675 -0.146667    
-0.1425 -0.136667    
-0.0925 -0.12    
-0.0125 -0.0966667    
0.02 -0.09    
0.08 -0.0766667    
0.1225 -0.0733333    
0.1775 -0.08    
0.2275 -0.106667    
0.2625 -0.133333    
0.2975 -0.176667    
0.32 -0.21    
0.345 -0.273333    
0.3525 -0.33    
0.3475 -0.376667    
0.3275 -0.44    
0.2925 -0.506667    
0.2575 -0.55    
0.2175 -0.59    
0.17 -0.623333    
0.1025 -0.65    
0.0175 -0.67    
-0.0125 -0.67    
-0.07 -0.67    
-0.1025 -0.666667    
-0.1375 -0.66    
-0.16 -0.656667    
-0.1725 -0.65    
-0.185 -0.643333    
-0.1875 -0.643333    
-0.1925 -0.64    
-0.195 -0.636667    
-0.1975 -0.633333    
-0.1975 -0.63    
-0.1975 -0.623333    
-0.195 -0.62    
-0.195 -0.616667    
-0.195 -0.61    
-0.1925 -0.606667    
