64
-0.2675 0.523333    
-0.27 0.506667    
-0.2775 0.436667    
-0.2875 0.26    
-0.2975 0.0766667    
-0.3 -0.19    
-0.295 -0.42    
-0.2925 -0.506667    
-0.29 -0.613333    
-0.3075 -0.586667    
-0.3275 -0.503333    
-0.35 -0.386667    
-0.3775 -0.19    
-0.3925 -0.0466667    
-0.3975 0.173333    
-0.3925 0.29    
-0.3825 0.39    
-0.36 0.506667    
-0.335 0.573333    
-0.285 0.633333    
-0.22 0.663333    
-0.1675 0.666667    
-0.1025 0.643333    
-0.0625 0.606667    
-0.0275 0.536667    
-0.0225 0.49    
-0.0375 0.386667    
-0.07 0.31    
-0.135 0.223333    
-0.1925 0.166667    
-0.26 0.12    
-0.3025 0.0933333    
-0.3475 0.06    
-0.3725 0.0333333    
-0.3825 0.0233333    
-0.3825 0.0133333    
-0.3575 0.01    
-0.3275 0.0133333    
-0.285 0.0166667    
-0.195 0.0266667    
-0.135 0.0266667    
-0.0525 0.0233333    
-0.0125 0.02    
0.08 0.01    
0.125 -0.00333333    
0.1775 -0.0233333    
0.2075 -0.0533333    
0.2375 -0.106667    
0.2575 -0.153333    
0.2725 -0.26    
0.2675 -0.333333    
0.2525 -0.413333    
0.2175 -0.51    
0.18 -0.57    
0.1225 -0.616667    
0.055 -0.64    
0.005 -0.643333    
-0.055 -0.63    
-0.0925 -0.613333    
-0.13 -0.576667    
-0.1425 -0.56    
-0.1575 -0.536667    
-0.1675 -0.513333    
-0.1675 -0.496667    
