98
-0.1 0.353333    
-0.1 0.353333    
-0.1 0.353333    
-0.095 0.333333    
-0.08 0.283333    
-0.0725 0.25    
-0.06 0.156667    
-0.055 0.0733333    
-0.055 -0.0566667    
-0.0625 -0.16    
-0.0825 -0.32    
-0.1025 -0.43    
-0.1125 -0.473333    
-0.1325 -0.54    
-0.145 -0.57    
-0.155 -0.6    
-0.16 -0.606667    
-0.1625 -0.593333    
-0.16 -0.536667    
-0.1525 -0.443333    
-0.145 -0.316667    
-0.1375 -0.18    
-0.13 -0.08    
-0.125 0.01    
-0.115 0.13    
-0.1075 0.19    
-0.1 0.24    
-0.09 0.283333    
-0.075 0.33    
-0.0525 0.37    
-0.045 0.38    
-0.0225 0.39    
0.015 0.386667    
0.03 0.38    
0.065 0.363333    
0.09 0.346667    
0.12 0.316667    
0.125 0.31    
0.145 0.26    
0.15 0.216667    
0.15 0.156667    
0.1425 0.0966667    
0.1325 0.0633333    
0.1075 0.0166667    
0.0975 0    
0.065 -0.0466667    
0.0375 -0.0866667    
0.0275 -0.106667    
0.005 -0.136667    
-0.005 -0.153333    
-0.01 -0.17    
-0.01 -0.173333    
-0.005 -0.17    
0.0075 -0.163333    
0.0225 -0.153333    
0.0525 -0.136667    
0.105 -0.123333    
0.1425 -0.116667    
0.18 -0.11    
0.2175 -0.106667    
0.265 -0.11    
0.285 -0.116667    
0.3025 -0.123333    
0.3175 -0.143333    
0.325 -0.166667    
0.3275 -0.21    
0.32 -0.273333    
0.305 -0.326667    
0.28 -0.4    
0.2325 -0.476667    
0.2 -0.5    
0.155 -0.516667    
0.1425 -0.52    
0.105 -0.523333    
0.04 -0.516667    
0.015 -0.516667    
-0.03 -0.523333    
-0.0625 -0.526667    
-0.0925 -0.533333    
-0.1075 -0.536667    
-0.1225 -0.543333    
-0.1275 -0.543333    
-0.1325 -0.546667    
-0.1325 -0.546667    
-0.1325 -0.546667    
-0.13 -0.55    
-0.1275 -0.55    
-0.125 -0.55    
-0.1225 -0.55    
-0.12 -0.55    
-0.1175 -0.55    
-0.115 -0.553333    
-0.11 -0.553333    
-0.1075 -0.556667    
-0.1025 -0.56    
-0.0925 -0.57    
-0.0875 -0.576667    
-0.0825 -0.58    
