61
-0.25 0.05    
-0.25 -0.00666667    
-0.255 -0.07    
-0.2575 -0.1    
-0.26 -0.126667    
-0.2625 -0.16    
-0.265 -0.18    
-0.2675 -0.19    
-0.27 -0.186667    
-0.275 -0.166667    
-0.28 -0.126667    
-0.285 -0.0533333    
-0.2825 -0.02    
-0.28 0.0366667    
-0.275 0.1    
-0.265 0.176667    
-0.26 0.24    
-0.245 0.326667    
-0.2375 0.36    
-0.2125 0.423333    
-0.1675 0.493333    
-0.1225 0.56    
-0.0875 0.6    
-0.045 0.63    
-0.0375 0.63    
-0.005 0.593333    
0.02 0.533333    
0.03 0.49    
0.035 0.4    
0.03 0.326667    
0.0075 0.236667    
-0.0175 0.18    
-0.0675 0.11    
-0.0975 0.0866667    
-0.1225 0.0766667    
-0.1525 0.0766667    
-0.1575 0.0833333    
-0.1525 0.103333    
-0.1325 0.126667    
-0.1025 0.146667    
-0.0675 0.166667    
-0.015 0.18    
0.0375 0.183333    
0.085 0.173333    
0.115 0.156667    
0.1425 0.12    
0.15 0.0666667    
0.1475 0.04    
0.135 0.00666667    
0.1125 -0.04    
0.0675 -0.08    
-0.0075 -0.12    
-0.04 -0.133333    
-0.095 -0.14    
-0.1525 -0.136667    
-0.195 -0.123333    
-0.2175 -0.11    
-0.235 -0.0866667    
-0.2425 -0.07    
-0.2425 -0.06    
-0.2325 -0.05    
