65
-0.1675 0.316667    
-0.1675 0.333333    
-0.1675 0.346667    
-0.17 0.35    
-0.1725 0.34    
-0.1825 0.293333    
-0.19 0.236667    
-0.1975 0.163333    
-0.2125 0    
-0.2225 -0.11    
-0.23 -0.216667    
-0.2375 -0.34    
-0.245 -0.41    
-0.25 -0.47    
-0.255 -0.493333    
-0.2625 -0.49    
-0.2675 -0.45    
-0.2725 -0.37    
-0.2725 -0.29    
-0.27 -0.2    
-0.26 -0.08    
-0.245 0.0333333    
-0.225 0.133333    
-0.2075 0.203333    
-0.185 0.27    
-0.145 0.346667    
-0.1225 0.38    
-0.0825 0.42    
-0.03 0.45    
0.005 0.456667    
0.0425 0.446667    
0.0625 0.406667    
0.065 0.363333    
0.05 0.29    
0.025 0.226667    
-0.0325 0.116667    
-0.075 0.0566667    
-0.115 0.00666667    
-0.17 -0.0566667    
-0.1925 -0.08    
-0.2075 -0.0966667    
-0.215 -0.103333    
-0.2125 -0.0933333    
-0.2 -0.0766667    
-0.18 -0.05    
-0.1425 -0.01    
-0.1 0.03    
-0.0625 0.0533333    
-0.0025 0.0766667    
0.0375 0.08    
0.075 0.0733333    
0.13 0.0566667    
0.1575 0.0366667    
0.18 0.01    
0.195 -0.0533333    
0.195 -0.103333    
0.1725 -0.186667    
0.12 -0.276667    
0.065 -0.336667    
-0.0225 -0.413333    
-0.0825 -0.46    
-0.135 -0.496667    
-0.1725 -0.52    
-0.2025 -0.533333    
-0.2225 -0.536667    
