30
0.305 0.513333    
0.2875 0.51    
0.2675 0.51    
0.2325 0.51    
0.1875 0.506667    
0.13 0.503333    
0.065 0.483333    
0.0125 0.463333    
-0.06 0.416667    
-0.11 0.37    
-0.155 0.316667    
-0.2025 0.236667    
-0.2325 0.173333    
-0.26 0.06    
-0.265 -0.0133333    
-0.26 -0.0833333    
-0.235 -0.18    
-0.205 -0.246667    
-0.1475 -0.326667    
-0.07 -0.396667    
-0.0025 -0.436667    
0.0975 -0.473333    
0.2 -0.48    
0.3 -0.463333    
0.3675 -0.436667    
0.45 -0.386667    
0.505 -0.336667    
0.55 -0.286667    
0.5975 -0.22    
0.6275 -0.153333    
