33
0.2575 0.226667    
0.27 0.263333    
0.2775 0.296667    
0.275 0.346667    
0.265 0.373333    
0.25 0.4    
0.215 0.436667    
0.1825 0.46    
0.135 0.483333    
0.085 0.496667    
0.0375 0.5    
0.005 0.493333    
-0.0375 0.476667    
-0.0825 0.446667    
-0.1125 0.416667    
-0.145 0.366667    
-0.165 0.316667    
-0.1775 0.263333    
-0.1825 0.166667    
-0.1775 0.103333    
-0.1675 0.0233333    
-0.15 -0.0333333    
-0.115 -0.11    
-0.0825 -0.156667    
-0.025 -0.216667    
0.0225 -0.256667    
0.0825 -0.293333    
0.1425 -0.313333    
0.2025 -0.313333    
0.245 -0.3    
0.3 -0.266667    
0.335 -0.233333    
0.3475 -0.22    
