36
-0.05 0.46    
-0.045 0.463333    
-0.035 0.48    
-0.03 0.486667    
-0.0225 0.5    
-0.0125 0.523333    
-0.0175 0.53    
-0.035 0.523333    
-0.11 0.423333    
-0.155 0.316667    
-0.2125 0.0166667    
-0.215 -0.133333    
-0.17 -0.37    
-0.1275 -0.436667    
-0.07 -0.476667    
0.005 -0.486667    
0.185 -0.456667    
0.3575 -0.386667    
0.42 -0.353333    
0.47 -0.32    
0.5 -0.296667    
0.5325 -0.256667    
0.5375 -0.24    
0.545 -0.22    
0.545 -0.213333    
0.545 -0.206667    
0.5475 -0.2    
0.5475 -0.196667    
0.5475 -0.19    
0.5475 -0.19    
0.5475 -0.186667    
0.5475 -0.183333    
0.5475 -0.18    
0.5475 -0.176667    
0.5475 -0.176667    
0.5475 -0.17    
