32
0.0775 0.673333    
0.0825 0.673333    
0.0875 0.66    
0.085 0.653333    
0.0775 0.643333    
0.0375 0.63    
0.0025 0.62    
-0.1025 0.59    
-0.165 0.56    
-0.2275 0.523333    
-0.335 0.43    
-0.395 0.306667    
-0.405 0.243333    
-0.4025 0.18    
-0.39 0.123333    
-0.375 0.07    
-0.32 -0.03    
-0.245 -0.103333    
-0.2025 -0.133333    
-0.16 -0.16    
-0.115 -0.183333    
-0.0325 -0.196667    
0.035 -0.173333    
0.065 -0.143333    
0.09 -0.11    
0.1225 -0.04    
0.135 -0.01    
0.1525 0.0366667    
0.155 0.0466667    
0.16 0.0533333    
0.1625 0.0566667    
0.165 0.0566667    
