42
-0.0275 0.473333    
-0.005 0.48    
0.015 0.48    
0.03 0.48    
0.055 0.473333    
0.065 0.47    
0.07 0.476667    
0.0525 0.476667    
0.0225 0.473333    
-0.0775 0.456667    
-0.14 0.436667    
-0.255 0.403333    
-0.255 0.403333    
-0.3525 0.35    
-0.425 0.28    
-0.4525 0.24    
-0.4725 0.19    
-0.485 0.13    
-0.4875 -0.0133333    
-0.4825 -0.0866667    
-0.4725 -0.15    
-0.4325 -0.27    
-0.4 -0.333333    
-0.3025 -0.456667    
-0.2375 -0.513333    
-0.1175 -0.573333    
-0.06 -0.586667    
0.045 -0.583333    
0.095 -0.573333    
0.14 -0.553333    
0.21 -0.513333    
0.2275 -0.5    
0.2375 -0.483333    
0.2425 -0.47    
0.2375 -0.436667    
0.2175 -0.41    
0.2175 -0.41    
0.1875 -0.396667    
0.1875 -0.396667    
0.17 -0.396667    
0.1525 -0.396667    
0.1375 -0.396667    
