31
0.0675 0.56    
0.09 0.58    
0.1 0.59    
0.1075 0.606667    
0.105 0.63    
0.0875 0.64    
0.06 0.643333    
-0.025 0.63    
-0.0775 0.613333    
-0.185 0.536667    
-0.23 0.486667    
-0.2675 0.426667    
-0.3125 0.286667    
-0.32 0.216667    
-0.32 0.14    
-0.2925 -0.01    
-0.265 -0.0766667    
-0.225 -0.136667    
-0.13 -0.226667    
-0.0775 -0.253333    
0.015 -0.266667    
0.05 -0.256667    
0.1 -0.22    
0.1125 -0.203333    
0.12 -0.19    
0.1225 -0.18    
0.12 -0.166667    
0.115 -0.16    
0.11 -0.156667    
0.1025 -0.153333    
0.1 -0.153333    
