50
0.1825 0.406667    
0.1825 0.406667    
0.185 0.41    
0.1825 0.413333    
0.18 0.416667    
0.175 0.423333    
0.155 0.44    
0.14 0.45    
0.0975 0.47    
0.075 0.476667    
0.0275 0.48    
0.0025 0.473333    
-0.02 0.466667    
-0.04 0.456667    
-0.08 0.433333    
-0.11 0.403333    
-0.125 0.39    
-0.1375 0.37    
-0.1625 0.326667    
-0.1725 0.3    
-0.1825 0.27    
-0.1875 0.24    
-0.195 0.163333    
-0.19 0.08    
-0.1875 0.0533333    
-0.1775 0.00333333    
-0.17 -0.03    
-0.15 -0.0866667    
-0.15 -0.0866667    
-0.15 -0.0866667    
-0.1125 -0.146667    
-0.0925 -0.173333    
-0.0525 -0.22    
-0.04 -0.23    
-0.025 -0.236667    
0.01 -0.236667    
0.03 -0.233333    
0.07 -0.213333    
0.09 -0.2    
0.11 -0.183333    
0.1425 -0.15    
0.1575 -0.13    
0.17 -0.113333    
0.19 -0.08    
0.1975 -0.0633333    
0.205 -0.0533333    
0.215 -0.0333333    
0.2225 -0.0233333    
0.2225 -0.0233333    
0.225 -0.0166667    
