60
-0.1275 0.556667    
-0.1175 0.553333    
-0.11 0.55    
-0.1 0.543333    
-0.095 0.536667    
-0.08 0.526667    
-0.0675 0.51    
-0.06 0.5    
-0.0575 0.493333    
-0.055 0.486667    
-0.0525 0.48    
-0.055 0.48    
-0.0625 0.483333    
-0.075 0.49    
-0.0925 0.5    
-0.1275 0.51    
-0.1725 0.516667    
-0.225 0.51    
-0.265 0.496667    
-0.3 0.483333    
-0.3575 0.453333    
-0.3775 0.44    
-0.39 0.433333    
-0.41 0.416667    
-0.4275 0.396667    
-0.45 0.356667    
-0.4775 0.28    
-0.4875 0.216667    
-0.4925 0.116667    
-0.4925 0.0633333    
-0.47 -0.0766667    
-0.4375 -0.183333    
-0.4125 -0.233333    
-0.355 -0.316667    
-0.3 -0.363333    
-0.2225 -0.413333    
-0.145 -0.436667    
-0.07 -0.443333    
-0.0325 -0.433333    
0.0225 -0.403333    
0.0675 -0.363333    
0.1075 -0.313333    
0.1575 -0.2    
0.17 -0.15    
0.185 -0.0833333    
0.1925 -0.04    
0.2 0.00333333    
0.205 0.0166667    
0.2175 0.0266667    
0.2275 0.0233333    
0.2325 0.0166667    
0.2475 -0.01    
0.2525 -0.02    
0.2625 -0.04    
0.27 -0.0533333    
0.2775 -0.0533333    
0.2825 -0.05    
0.285 -0.04    
0.285 -0.0333333    
0.2825 -0.0233333    
