38
0.145 0.606667    
0.1475 0.603333    
0.145 0.6    
0.135 0.596667    
0.1075 0.593333    
0.0475 0.59    
0.0025 0.586667    
-0.0425 0.576667    
-0.0875 0.553333    
-0.1725 0.476667    
-0.2025 0.44    
-0.2475 0.376667    
-0.3075 0.27    
-0.3625 0.15    
-0.39 0.05    
-0.4075 -0.103333    
-0.4025 -0.22    
-0.355 -0.4    
-0.29 -0.52    
-0.23 -0.583333    
-0.1625 -0.623333    
-0.07 -0.66    
0.0075 -0.666667    
0.045 -0.666667    
0.08 -0.666667    
0.145 -0.66    
0.215 -0.646667    
0.24 -0.64    
0.285 -0.626667    
0.31 -0.616667    
0.3325 -0.603333    
0.3525 -0.59    
0.3625 -0.576667    
0.375 -0.566667    
0.3875 -0.56    
0.3925 -0.553333    
0.4 -0.55    
0.405 -0.546667    
