29
-0.0025 0.54    
0.0025 0.55    
0.0075 0.556667    
0.0125 0.563333    
0.01 0.56    
0.005 0.556667    
-0.005 0.546667    
-0.0225 0.523333    
-0.12 0.366667    
-0.12 0.366667    
-0.215 0.17    
-0.2575 0.0633333    
-0.29 -0.05    
-0.3225 -0.246667    
-0.3075 -0.393333    
-0.28 -0.453333    
-0.2425 -0.506667    
-0.1275 -0.6    
-0.0575 -0.633333    
0.01 -0.66    
0.1425 -0.683333    
0.2 -0.686667    
0.2975 -0.68    
0.2975 -0.68    
0.3675 -0.666667    
0.41 -0.653333    
0.4225 -0.646667    
0.4325 -0.64    
0.4375 -0.633333    
