34
0.0325 0.51    
0.0475 0.503333    
0.0625 0.493333    
0.065 0.496667    
0.065 0.503333    
0.06 0.51    
0.0375 0.53    
0.0225 0.533333    
-0.025 0.533333    
-0.05 0.526667    
-0.09 0.5    
-0.1325 0.463333    
-0.1875 0.406667    
-0.23 0.356667    
-0.2725 0.286667    
-0.295 0.23    
-0.32 0.156667    
-0.3325 0.0833333    
-0.3325 0.03    
-0.3225 -0.05    
-0.3075 -0.113333    
-0.2725 -0.203333    
-0.225 -0.29    
-0.185 -0.346667    
-0.125 -0.406667    
-0.065 -0.446667    
-0.015 -0.44    
0.005 -0.43    
0.0425 -0.403333    
0.0825 -0.37    
0.115 -0.356667    
0.175 -0.346667    
0.1975 -0.34    
0.2325 -0.326667    
