56
-0.045 0.573333    
-0.0375 0.563333    
-0.0275 0.55    
-0.025 0.543333    
-0.0175 0.513333    
-0.02 0.49    
-0.0325 0.473333    
-0.06 0.456667    
-0.1 0.436667    
-0.1175 0.43    
-0.155 0.413333    
-0.1825 0.396667    
-0.2175 0.366667    
-0.2475 0.34    
-0.2975 0.28    
-0.3375 0.226667    
-0.3575 0.193333    
-0.3975 0.113333    
-0.4225 0.04    
-0.4325 0    
-0.4475 -0.0766667    
-0.455 -0.136667    
-0.46 -0.213333    
-0.46 -0.28    
-0.4575 -0.33    
-0.45 -0.373333    
-0.4375 -0.42    
-0.415 -0.453333    
-0.3875 -0.47    
-0.325 -0.493333    
-0.2625 -0.51    
-0.2175 -0.516667    
-0.17 -0.516667    
-0.11 -0.506667    
-0.055 -0.486667    
-0.02 -0.466667    
0.0125 -0.443333    
0.0475 -0.416667    
0.065 -0.406667    
0.0925 -0.383333    
0.1125 -0.366667    
0.13 -0.353333    
0.15 -0.336667    
0.16 -0.326667    
0.1675 -0.316667    
0.1725 -0.313333    
0.175 -0.313333    
0.175 -0.313333    
0.175 -0.316667    
0.175 -0.323333    
0.175 -0.333333    
0.175 -0.34    
0.1775 -0.35    
0.18 -0.353333    
0.1875 -0.363333    
0.195 -0.376667    
