27
0.1175 0.493333    
0.11 0.5    
0.105 0.503333    
0.095 0.506667    
0.085 0.506667    
0.0625 0.496667    
0.03 0.476667    
-0.02 0.45    
-0.07 0.416667    
-0.1275 0.373333    
-0.2125 0.293333    
-0.2925 0.183333    
-0.345 0.0833333    
-0.395 -0.0633333    
-0.4175 -0.203333    
-0.4125 -0.33    
-0.39 -0.4    
-0.35 -0.446667    
-0.25 -0.49    
-0.2 -0.496667    
-0.145 -0.496667    
-0.04 -0.483333    
0.0475 -0.456667    
0.095 -0.433333    
0.125 -0.393333    
0.1325 -0.35    
0.1325 -0.333333    
