32
-0.1675 0.15    
-0.16 0.186667    
-0.1575 0.203333    
-0.1675 0.236667    
-0.18 0.25    
-0.2125 0.26    
-0.27 0.25    
-0.3375 0.216667    
-0.3875 0.176667    
-0.4275 0.13    
-0.4775 0.05    
-0.4975 0    
-0.51 -0.06    
-0.5125 -0.173333    
-0.505 -0.243333    
-0.485 -0.31    
-0.4525 -0.383333    
-0.4075 -0.436667    
-0.37 -0.47    
-0.3175 -0.496667    
-0.2625 -0.51    
-0.225 -0.51    
-0.19 -0.496667    
-0.155 -0.47    
-0.1275 -0.443333    
-0.105 -0.416667    
-0.095 -0.4    
-0.0875 -0.386667    
-0.08 -0.376667    
-0.075 -0.373333    
-0.07 -0.37    
-0.07 -0.37    
