47
-0.48 0.643333    
-0.46 0.626667    
-0.45 0.62    
-0.4325 0.61    
-0.4275 0.606667    
-0.4125 0.61    
-0.405 0.616667    
-0.3925 0.626667    
-0.375 0.636667    
-0.3175 0.663333    
-0.2125 0.69    
-0.2125 0.69    
-0.0725 0.683333    
0.08 0.61    
0.14 0.54    
0.1875 0.45    
0.2325 0.196667    
0.225 0.05    
0.1975 -0.0933333    
0.1525 -0.216667    
0.035 -0.39    
-0.03 -0.43    
-0.0975 -0.426667    
-0.215 -0.326667    
-0.255 -0.253333    
-0.3 -0.07    
-0.305 0.0333333    
-0.28 0.226667    
-0.255 0.313333    
-0.2275 0.393333    
-0.2275 0.393333    
-0.195 0.456667    
-0.1675 0.5    
-0.1425 0.513333    
-0.105 0.426667    
-0.095 0.33    
-0.095 0.0766667    
-0.1 -0.06    
-0.1075 -0.186667    
-0.1225 -0.356667    
-0.1275 -0.403333    
-0.125 -0.446667    
-0.1225 -0.446667    
-0.1175 -0.436667    
-0.1125 -0.406667    
-0.1125 -0.386667    
-0.1125 -0.37    
