41
-0.3625 0    
-0.3575 -0.193333    
-0.3475 -0.39    
-0.3375 -0.496667    
-0.3325 -0.533333    
-0.3325 -0.553333    
-0.3325 -0.556667    
-0.335 -0.513333    
-0.335 -0.44    
-0.3375 -0.33    
-0.35 -0.143333    
-0.3725 0.06    
-0.395 0.2    
-0.42 0.353333    
-0.43 0.45    
-0.4225 0.526667    
-0.4 0.586667    
-0.345 0.636667    
-0.2875 0.656667    
-0.18 0.646667    
-0.155 0.636667    
-0.0775 0.57    
-0.01 0.476667    
0.0675 0.32    
0.105 0.18    
0.1225 0.04    
0.1125 -0.116667    
0.08 -0.246667    
0.045 -0.326667    
0.0025 -0.393333    
-0.055 -0.453333    
-0.0975 -0.48    
-0.165 -0.496667    
-0.1975 -0.486667    
-0.2275 -0.47    
-0.2525 -0.45    
-0.28 -0.423333    
-0.3025 -0.41    
-0.32 -0.396667    
-0.34 -0.383333    
-0.35 -0.38    
