51
-0.0275 0.48    
-0.03 0.426667    
-0.0325 0.376667    
-0.03 0.29    
-0.03 0.213333    
-0.0275 0.123333    
-0.0225 -0.02    
-0.02 -0.136667    
-0.015 -0.306667    
-0.0125 -0.483333    
-0.01 -0.633333    
-0.01 -0.763333    
-0.01 -0.836667    
-0.01 -0.886667    
-0.0075 -0.93    
-0.005 -0.956667    
-0.005 -0.95    
-0.0075 -0.926667    
-0.0125 -0.876667    
-0.0275 -0.753333    
-0.0375 -0.653333    
-0.0475 -0.543333    
-0.0575 -0.35    
-0.06 -0.233333    
-0.0575 -0.12    
-0.05 0.01    
-0.0375 0.16    
-0.0275 0.253333    
-0.0175 0.31    
0.0025 0.376667    
0.0375 0.443333    
0.09 0.476667    
0.1375 0.486667    
0.21 0.48    
0.27 0.456667    
0.3475 0.41    
0.415 0.336667    
0.4575 0.266667    
0.485 0.19    
0.5 0.0733333    
0.495 -0.0466667    
0.4725 -0.136667    
0.43 -0.253333    
0.3775 -0.356667    
0.315 -0.443333    
0.265 -0.496667    
0.2125 -0.543333    
0.14 -0.59    
0.0875 -0.613333    
0.0025 -0.636667    
-0.0375 -0.64    
