69
-0.045 0.51    
-0.0575 0.51    
-0.0625 0.503333    
-0.0625 0.476667    
-0.06 0.436667    
-0.0575 0.4    
-0.0525 0.336667    
-0.05 0.27    
-0.0525 0.206667    
-0.055 0.163333    
-0.065 0.0566667    
-0.0725 -0.0266667    
-0.0825 -0.14    
-0.09 -0.223333    
-0.0975 -0.32    
-0.105 -0.4    
-0.1125 -0.443333    
-0.12 -0.48    
-0.1225 -0.483333    
-0.1275 -0.453333    
-0.1275 -0.413333    
-0.125 -0.333333    
-0.12 -0.243333    
-0.11 -0.156667    
-0.1025 -0.09    
-0.0925 -0.0266667    
-0.08 0.0566667    
-0.07 0.116667    
-0.0575 0.193333    
-0.04 0.283333    
-0.0325 0.333333    
-0.025 0.38    
-0.0125 0.433333    
-0.005 0.47    
0.0125 0.523333    
0.0225 0.54    
0.0475 0.57    
0.0725 0.586667    
0.0975 0.593333    
0.1325 0.593333    
0.1675 0.59    
0.1975 0.586667    
0.2375 0.576667    
0.2675 0.56    
0.3 0.533333    
0.335 0.496667    
0.37 0.453333    
0.4025 0.406667    
0.455 0.333333    
0.48 0.293333    
0.5 0.263333    
0.5175 0.216667    
0.5275 0.15    
0.52 0.106667    
0.51 0.0633333    
0.4875 0.02    
0.45 -0.0333333    
0.405 -0.0866667    
0.3675 -0.126667    
0.32 -0.173333    
0.2825 -0.21    
0.2125 -0.26    
0.165 -0.283333    
0.0975 -0.313333    
0.0425 -0.33    
-0.0225 -0.346667    
-0.065 -0.35    
-0.1125 -0.35    
-0.1375 -0.343333    
