136
-0.1575 0.363333    
-0.1575 0.366667    
-0.155 0.366667    
-0.155 0.366667    
-0.1525 0.366667    
-0.1525 0.366667    
-0.15 0.366667    
-0.1475 0.363333    
-0.145 0.36    
-0.145 0.356667    
-0.1425 0.356667    
-0.1425 0.353333    
-0.14 0.346667    
-0.1375 0.34    
-0.135 0.333333    
-0.135 0.303333    
-0.135 0.283333    
-0.135 0.256667    
-0.135 0.19    
-0.135 0.15    
-0.1325 0.07    
-0.1325 0.0266667    
-0.13 -0.0133333    
-0.125 -0.0933333    
-0.1225 -0.133333    
-0.12 -0.166667    
-0.115 -0.233333    
-0.11 -0.26    
-0.105 -0.31    
-0.105 -0.326667    
-0.1025 -0.343333    
-0.1 -0.366667    
-0.1 -0.38    
-0.1 -0.383333    
-0.0975 -0.383333    
-0.0975 -0.383333    
-0.0975 -0.38    
-0.0975 -0.36    
-0.1 -0.346667    
-0.1 -0.323333    
-0.1025 -0.27    
-0.105 -0.236667    
-0.11 -0.173333    
-0.1125 -0.14    
-0.115 -0.0733333    
-0.115 -0.04    
-0.1125 -0.00666667    
-0.1125 0.05    
-0.1125 0.09    
-0.1125 0.12    
-0.1125 0.166667    
-0.1125 0.186667    
-0.115 0.22    
-0.115 0.233333    
-0.115 0.246667    
-0.1125 0.263333    
-0.11 0.273333    
-0.105 0.283333    
-0.105 0.286667    
-0.1 0.293333    
-0.0975 0.296667    
-0.0825 0.31    
-0.07 0.316667    
-0.03 0.34    
-0.005 0.346667    
-0.005 0.346667    
0.04 0.353333    
0.085 0.356667    
0.175 0.353333    
0.2175 0.346667    
0.28 0.323333    
0.3025 0.31    
0.3225 0.296667    
0.3375 0.28    
0.3625 0.246667    
0.37 0.226667    
0.375 0.206667    
0.3775 0.16    
0.37 0.11    
0.37 0.11    
0.35 0.06    
0.3375 0.04    
0.305 0.00333333    
0.2825 -0.0133333    
0.26 -0.03    
0.2075 -0.0666667    
0.18 -0.0866667    
0.1225 -0.13    
0.095 -0.153333    
0.07 -0.18    
0.02 -0.246667    
-0.005 -0.283333    
-0.0525 -0.346667    
-0.0775 -0.376667    
-0.1025 -0.396667    
-0.1475 -0.42    
-0.17 -0.43    
-0.1875 -0.436667    
-0.205 -0.44    
-0.23 -0.446667    
-0.24 -0.446667    
-0.2525 -0.446667    
-0.2625 -0.443333    
-0.265 -0.44    
-0.2675 -0.436667    
-0.27 -0.433333    
-0.27 -0.433333    
-0.27 -0.426667    
-0.27 -0.423333    
-0.2675 -0.416667    
-0.265 -0.41    
-0.2625 -0.406667    
-0.255 -0.396667    
-0.2525 -0.393333    
-0.2425 -0.386667    
-0.235 -0.383333    
-0.215 -0.373333    
-0.2025 -0.373333    
-0.1875 -0.37    
-0.16 -0.363333    
-0.1475 -0.356667    
-0.1375 -0.353333    
-0.1325 -0.343333    
-0.12 -0.326667    
-0.105 -0.306667    
-0.1 -0.296667    
-0.0925 -0.29    
-0.0775 -0.28    
-0.0725 -0.276667    
-0.0675 -0.273333    
-0.065 -0.266667    
-0.06 -0.256667    
-0.055 -0.25    
-0.0525 -0.243333    
-0.05 -0.233333    
-0.0475 -0.23    
