39
-0.1225 0.513333    
-0.1625 0.52    
-0.175 0.52    
-0.19 0.516667    
-0.19 0.5    
-0.1825 0.453333    
-0.16 0.206667    
-0.1475 0.0233333    
-0.14 -0.166667    
-0.1475 -0.456667    
-0.155 -0.523333    
-0.18 -0.523333    
-0.1925 -0.466667    
-0.1975 -0.38    
-0.1925 -0.146667    
-0.1825 -0.03    
-0.1475 0.156667    
-0.1325 0.216667    
-0.1175 0.266667    
-0.0975 0.306667    
-0.05 0.346667    
-0.0125 0.35    
0.09 0.313333    
0.15 0.273333    
0.205 0.226667    
0.29 0.103333    
0.3075 0.0333333    
0.2875 -0.12    
0.2425 -0.206667    
0.175 -0.296667    
0.0025 -0.456667    
-0.08 -0.513333    
-0.15 -0.55    
-0.235 -0.573333    
-0.255 -0.573333    
-0.265 -0.566667    
-0.2625 -0.553333    
-0.255 -0.54    
-0.23 -0.506667    
