53
-0.11 0.36    
-0.11 0.38    
-0.11 0.416667    
-0.1125 0.433333    
-0.1175 0.43    
-0.1225 0.39    
-0.1225 0.316667    
-0.125 0.07    
-0.1325 -0.0833333    
-0.1375 -0.24    
-0.145 -0.37    
-0.16 -0.56    
-0.16 -0.603333    
-0.1625 -0.62    
-0.1675 -0.586667    
-0.1675 -0.553333    
-0.175 -0.446667    
-0.18 -0.363333    
-0.195 -0.163333    
-0.2 -0.05    
-0.2025 0.0566667    
-0.19 0.233333    
-0.1725 0.306667    
-0.15 0.366667    
-0.0975 0.46    
-0.07 0.496667    
-0.04 0.523333    
0.035 0.546667    
0.1275 0.546667    
0.18 0.53    
0.2375 0.51    
0.2975 0.473333    
0.4 0.36    
0.4325 0.27    
0.4525 0.173333    
0.435 -0.0333333    
0.3975 -0.126667    
0.3475 -0.203333    
0.21 -0.323333    
0.1325 -0.38    
0.06 -0.43    
-0.0675 -0.506667    
-0.15 -0.536667    
-0.1775 -0.543333    
-0.2 -0.54    
-0.2125 -0.53    
-0.2175 -0.5    
-0.2125 -0.476667    
-0.205 -0.456667    
-0.1825 -0.416667    
-0.17 -0.396667    
-0.1475 -0.363333    
-0.1375 -0.35    
