50
-0.1275 0.44    
-0.125 0.406667    
-0.1225 0.373333    
-0.1175 0.323333    
-0.11 0.25    
-0.095 0.0433333    
-0.09 -0.0766667    
-0.09 -0.206667    
-0.095 -0.416667    
-0.0975 -0.49    
-0.1 -0.57    
-0.1 -0.573333    
-0.105 -0.5    
-0.11 -0.42    
-0.1125 -0.316667    
-0.1075 -0.0866667    
-0.1 0.0233333    
-0.09 0.116667    
-0.075 0.203333    
-0.0425 0.35    
-0.0225 0.406667    
0.02 0.48    
0.0825 0.506667    
0.12 0.51    
0.1625 0.496667    
0.2075 0.47    
0.25 0.426667    
0.32 0.296667    
0.3375 0.21    
0.33 0.02    
0.3025 -0.0766667    
0.265 -0.173333    
0.155 -0.323333    
0.0375 -0.41    
-0.0175 -0.43    
-0.0625 -0.433333    
-0.1025 -0.423333    
-0.165 -0.393333    
-0.185 -0.376667    
-0.1975 -0.363333    
-0.2075 -0.343333    
-0.21 -0.333333    
-0.2075 -0.33    
-0.2 -0.323333    
-0.185 -0.313333    
-0.1725 -0.31    
-0.1625 -0.303333    
-0.14 -0.296667    
-0.1325 -0.293333    
-0.125 -0.293333    
