79
-0.1725 0.356667    
-0.1725 0.356667    
-0.175 0.353333    
-0.175 0.353333    
-0.1775 0.35    
-0.1775 0.346667    
-0.1775 0.336667    
-0.18 0.31    
-0.18 0.29    
-0.18 0.26    
-0.185 0.186667    
-0.185 0.14    
-0.1875 0.0933333    
-0.1875 0.0433333    
-0.185 -0.0566667    
-0.185 -0.103333    
-0.1775 -0.18    
-0.1725 -0.22    
-0.1675 -0.25    
-0.16 -0.286667    
-0.16 -0.296667    
-0.16 -0.296667    
-0.16 -0.273333    
-0.165 -0.236667    
-0.1675 -0.183333    
-0.18 -0.0366667    
-0.1825 0.0266667    
-0.1825 0.146667    
-0.1825 0.2    
-0.18 0.283333    
-0.1775 0.32    
-0.175 0.35    
-0.17 0.396667    
-0.1675 0.416667    
-0.165 0.433333    
-0.155 0.453333    
-0.1475 0.456667    
-0.1375 0.463333    
-0.105 0.47    
-0.0825 0.473333    
-0.03 0.48    
-0.0025 0.48    
0.025 0.476667    
0.075 0.45    
0.0975 0.433333    
0.14 0.393333    
0.16 0.373333    
0.175 0.356667    
0.1925 0.336667    
0.2175 0.296667    
0.2325 0.273333    
0.2425 0.243333    
0.2575 0.176667    
0.2625 0.143333    
0.2575 0.07    
0.2475 0.0266667    
0.235 -0.0166667    
0.2075 -0.0966667    
0.195 -0.13    
0.1825 -0.156667    
0.15 -0.203333    
0.1 -0.243333    
0.0725 -0.256667    
0.0425 -0.266667    
0.0125 -0.276667    
-0.0425 -0.283333    
-0.0825 -0.28    
-0.0975 -0.276667    
-0.1125 -0.273333    
-0.1225 -0.266667    
-0.135 -0.256667    
-0.14 -0.25    
-0.1425 -0.243333    
-0.1425 -0.23    
-0.1425 -0.22    
-0.1425 -0.213333    
-0.1425 -0.203333    
-0.1425 -0.2    
-0.1425 -0.196667    
