77
-0.21 0.52    
-0.2275 0.523333    
-0.24 0.523333    
-0.2525 0.523333    
-0.2625 0.51    
-0.2725 0.496667    
-0.28 0.47    
-0.29 0.433333    
-0.295 0.4    
-0.3 0.36    
-0.3125 0.283333    
-0.3275 0.176667    
-0.3475 0.0133333    
-0.3525 -0.0566667    
-0.3625 -0.183333    
-0.3675 -0.263333    
-0.37 -0.343333    
-0.375 -0.39    
-0.38 -0.416667    
-0.3825 -0.416667    
-0.385 -0.41    
-0.39 -0.366667    
-0.395 -0.263333    
-0.395 -0.183333    
-0.3875 -0.07    
-0.385 -0.0133333    
-0.3675 0.1    
-0.35 0.206667    
-0.335 0.283333    
-0.3175 0.353333    
-0.295 0.436667    
-0.2725 0.513333    
-0.2575 0.56    
-0.235 0.613333    
-0.225 0.626667    
-0.1925 0.633333    
-0.1675 0.626667    
-0.125 0.613333    
-0.1025 0.603333    
-0.065 0.59    
-0.02 0.556667    
0.015 0.513333    
0.035 0.48    
0.0575 0.406667    
0.06 0.35    
0.055 0.32    
0.035 0.256667    
-0.015 0.17    
-0.0425 0.136667    
-0.1025 0.0666667    
-0.155 0.0166667    
-0.225 -0.0466667    
-0.29 -0.1    
-0.335 -0.13    
-0.3875 -0.156667    
-0.41 -0.163333    
-0.44 -0.173333    
-0.48 -0.176667    
-0.495 -0.176667    
-0.5025 -0.173333    
-0.5025 -0.16    
-0.495 -0.15    
-0.48 -0.143333    
-0.4625 -0.133333    
-0.4475 -0.123333    
-0.435 -0.116667    
-0.4275 -0.106667    
-0.4225 -0.103333    
-0.415 -0.0933333    
-0.41 -0.0866667    
-0.4075 -0.0766667    
-0.4 -0.0633333    
-0.395 -0.0466667    
-0.3925 -0.04    
-0.39 -0.0366667    
-0.39 -0.03    
-0.39 -0.0266667    
