69
-0.1125 0.7    
-0.1225 0.693333    
-0.13 0.686667    
-0.135 0.68    
-0.14 0.663333    
-0.1475 0.63    
-0.155 0.566667    
-0.1625 0.486667    
-0.175 0.293333    
-0.1775 0.133333    
-0.175 -0.0433333    
-0.165 -0.223333    
-0.1425 -0.52    
-0.1375 -0.6    
-0.13 -0.676667    
-0.1275 -0.73    
-0.135 -0.723333    
-0.1425 -0.686667    
-0.1575 -0.59    
-0.1725 -0.486667    
-0.19 -0.316667    
-0.195 -0.27    
-0.215 -0.05    
-0.22 0.07    
-0.2225 0.176667    
-0.22 0.3    
-0.2075 0.423333    
-0.2 0.463333    
-0.1875 0.53    
-0.1775 0.57    
-0.1625 0.606667    
-0.14 0.626667    
-0.12 0.633333    
-0.09 0.633333    
-0.075 0.63    
-0.025 0.626667    
0.02 0.63    
0.045 0.633333    
0.105 0.64    
0.1525 0.64    
0.2175 0.62    
0.2625 0.586667    
0.3225 0.486667    
0.355 0.35    
0.365 0.263333    
0.37 0.0533333    
0.3575 -0.116667    
0.315 -0.366667    
0.2775 -0.476667    
0.235 -0.553333    
0.1725 -0.61    
0.11 -0.643333    
0.0625 -0.66    
0.0075 -0.67    
-0.0275 -0.67    
-0.065 -0.666667    
-0.0875 -0.663333    
-0.105 -0.66    
-0.12 -0.653333    
-0.1325 -0.65    
-0.1425 -0.646667    
-0.1525 -0.64    
-0.155 -0.636667    
-0.16 -0.633333    
-0.1675 -0.63    
-0.175 -0.623333    
-0.1825 -0.616667    
-0.1875 -0.61    
-0.19 -0.606667    
