49
-0.2075 0.62    
-0.2225 0.633333    
-0.235 0.643333    
-0.2275 0.603333    
-0.2225 0.546667    
-0.215 0.453333    
-0.215 0.153333    
-0.215 0.153333    
-0.23 -0.24    
-0.24 -0.426667    
-0.2425 -0.693333    
-0.24 -0.763333    
-0.24 -0.796667    
-0.24 -0.78    
-0.2375 -0.643333    
-0.235 -0.533333    
-0.2325 -0.403333    
-0.225 -0.276667    
-0.21 -0.0633333    
-0.1925 0.0533333    
-0.175 0.15    
-0.1425 0.303333    
-0.135 0.363333    
-0.1175 0.443333    
-0.105 0.473333    
-0.105 0.473333    
-0.105 0.473333    
-0.045 0.506667    
0.025 0.5    
0.065 0.483333    
0.0975 0.45    
0.1325 0.406667    
0.2 0.266667    
0.23 0.17    
0.2525 0.0666667    
0.2775 -0.15    
0.275 -0.253333    
0.235 -0.423333    
0.2 -0.5    
0.105 -0.64    
0.0525 -0.703333    
0.0025 -0.76    
-0.0425 -0.803333    
-0.1125 -0.86    
-0.1375 -0.876667    
-0.1675 -0.893333    
-0.1775 -0.9    
-0.1825 -0.9    
-0.185 -0.903333    
