55
-0.0925 0.426667    
-0.095 0.44    
-0.1 0.436667    
-0.1 0.413333    
-0.1 0.323333    
-0.1025 0.22    
-0.105 -0.0133333    
-0.105 -0.12    
-0.105 -0.28    
-0.105 -0.443333    
-0.1025 -0.506667    
-0.1025 -0.573333    
-0.1075 -0.553333    
-0.1275 -0.446667    
-0.1525 -0.306667    
-0.17 -0.19    
-0.19 -0.0366667    
-0.2 0.0666667    
-0.205 0.18    
-0.205 0.256667    
-0.2 0.333333    
-0.185 0.416667    
-0.155 0.486667    
-0.1075 0.53    
-0.06 0.54    
0.015 0.543333    
0.0775 0.543333    
0.155 0.533333    
0.2125 0.516667    
0.285 0.48    
0.3475 0.43    
0.395 0.37    
0.42 0.316667    
0.4375 0.26    
0.4475 0.173333    
0.445 0.09    
0.425 -0.02    
0.4025 -0.09    
0.3475 -0.19    
0.31 -0.223333    
0.2675 -0.246667    
0.19 -0.29    
0.14 -0.31    
0.105 -0.32    
0.0575 -0.326667    
0.0025 -0.33    
-0.03 -0.326667    
-0.06 -0.32    
-0.075 -0.316667    
-0.0875 -0.313333    
-0.0975 -0.316667    
-0.1 -0.316667    
-0.1 -0.313333    
-0.095 -0.313333    
-0.09 -0.313333    
