84
0.0425 0.293333    
0.0475 0.28    
0.0525 0.256667    
0.065 0.186667    
0.0675 0.123333    
0.0675 0.0366667    
0.0625 -0.0933333    
0.05 -0.233333    
0.0425 -0.33    
0.03 -0.456667    
0.0275 -0.516667    
0.0225 -0.566667    
0.02 -0.61    
0.015 -0.643333    
0.01 -0.663333    
0.0025 -0.693333    
-0.0025 -0.7    
-0.0025 -0.696667    
0 -0.666667    
0.005 -0.63    
0.02 -0.54    
0.0325 -0.476667    
0.0475 -0.41    
0.065 -0.32    
0.0775 -0.256667    
0.0875 -0.173333    
0.0875 -0.0966667    
0.085 -0.0466667    
0.08 0.02    
0.08 0.0766667    
0.085 0.11    
0.0975 0.146667    
0.105 0.166667    
0.11 0.196667    
0.105 0.213333    
0.1 0.223333    
0.085 0.243333    
0.075 0.253333    
0.0675 0.266667    
0.0775 0.273333    
0.095 0.273333    
0.1275 0.266667    
0.1575 0.263333    
0.2275 0.246667    
0.285 0.226667    
0.325 0.206667    
0.355 0.176667    
0.3825 0.113333    
0.385 0.1    
0.39 0.0533333    
0.39 0.00666667    
0.39 -0.0533333    
0.385 -0.09    
0.3725 -0.13    
0.3575 -0.16    
0.325 -0.213333    
0.3025 -0.253333    
0.275 -0.3    
0.235 -0.373333    
0.18 -0.466667    
0.1575 -0.5    
0.1175 -0.556667    
0.09 -0.59    
0.0575 -0.613333    
0.03 -0.623333    
0.0125 -0.63    
-0.0075 -0.633333    
-0.0175 -0.636667    
-0.0325 -0.643333    
-0.04 -0.653333    
-0.0425 -0.656667    
-0.0475 -0.66    
-0.05 -0.663333    
-0.0525 -0.666667    
-0.0525 -0.666667    
-0.0525 -0.67    
-0.0525 -0.67    
-0.0475 -0.666667    
-0.045 -0.666667    
-0.04 -0.666667    
-0.0275 -0.67    
-0.02 -0.676667    
-0.0125 -0.683333    
-0.005 -0.686667    
