42
-0.2275 0.196667    
-0.2225 0.176667    
-0.21 0.0833333    
-0.2 -0.0433333    
-0.1975 -0.15    
-0.2 -0.26    
-0.2075 -0.403333    
-0.215 -0.456667    
-0.2225 -0.483333    
-0.24 -0.446667    
-0.245 -0.39    
-0.2475 -0.32    
-0.245 -0.203333    
-0.2375 -0.116667    
-0.2225 0    
-0.21 0.11    
-0.2 0.193333    
-0.1875 0.283333    
-0.17 0.353333    
-0.15 0.396667    
-0.0975 0.446667    
-0.0575 0.47    
-0.03 0.48    
0.0575 0.49    
0.0875 0.483333    
0.1425 0.456667    
0.1875 0.39    
0.2125 0.3    
0.21 0.223333    
0.195 0.143333    
0.1625 0.07    
0.1 -0.0133333    
0.025 -0.0833333    
-0.0775 -0.156667    
-0.1375 -0.186667    
-0.19 -0.206667    
-0.2075 -0.21    
-0.2675 -0.22    
-0.2825 -0.213333    
-0.2925 -0.193333    
-0.29 -0.173333    
-0.2625 -0.136667    
