57
-0.0875 0.316667    
-0.0875 0.333333    
-0.09 0.353333    
-0.09 0.35    
-0.0875 0.32    
-0.085 0.283333    
-0.08 0.23    
-0.0725 0.14    
-0.0675 0.0566667    
-0.065 0    
-0.06 -0.133333    
-0.0575 -0.236667    
-0.0575 -0.366667    
-0.0575 -0.446667    
-0.0625 -0.52    
-0.0675 -0.553333    
-0.0725 -0.546667    
-0.08 -0.506667    
-0.0875 -0.43    
-0.0925 -0.356667    
-0.0975 -0.276667    
-0.1025 -0.16    
-0.1075 -0.0233333    
-0.1075 0.0533333    
-0.11 0.123333    
-0.1075 0.183333    
-0.1025 0.273333    
-0.0975 0.316667    
-0.0825 0.37    
-0.0675 0.41    
-0.0425 0.446667    
0.01 0.49    
0.075 0.516667    
0.1425 0.523333    
0.1875 0.513333    
0.225 0.496667    
0.255 0.453333    
0.265 0.39    
0.255 0.293333    
0.2375 0.21    
0.2125 0.116667    
0.16 -0.0366667    
0.1275 -0.123333    
0.0925 -0.203333    
0.0575 -0.28    
0.0125 -0.346667    
-0.0325 -0.403333    
-0.09 -0.46    
-0.1325 -0.49    
-0.175 -0.51    
-0.2 -0.523333    
-0.215 -0.526667    
-0.2175 -0.526667    
-0.2175 -0.526667    
-0.2125 -0.52    
-0.2075 -0.513333    
-0.2 -0.503333    
