60
0.1525 0.543333    
0.1975 0.543333    
0.2225 0.55    
0.24 0.563333    
0.24 0.566667    
0.2425 0.57    
0.2425 0.566667    
0.245 0.56    
0.25 0.553333    
0.255 0.543333    
0.255 0.54    
0.2525 0.53    
0.2375 0.52    
0.21 0.516667    
0.185 0.516667    
0.145 0.52    
0.1175 0.52    
0.09 0.52    
0.065 0.516667    
0.0325 0.51    
0.0075 0.496667    
-0.0075 0.49    
-0.0175 0.47    
-0.0175 0.403333    
-0.0075 0.333333    
0.005 0.226667    
0.02 0.09    
0.035 -0.116667    
0.0425 -0.266667    
0.045 -0.43    
0.05 -0.523333    
0.0575 -0.583333    
0.095 -0.643333    
0.1325 -0.66    
0.195 -0.663333    
0.2525 -0.636667    
0.3 -0.593333    
0.3425 -0.52    
0.3425 -0.446667    
0.3175 -0.373333    
0.245 -0.276667    
0.1425 -0.196667    
0.06 -0.146667    
-0.0125 -0.113333    
-0.0675 -0.09    
-0.11 -0.0766667    
-0.105 -0.0733333    
-0.0775 -0.08    
0.0175 -0.103333    
0.115 -0.123333    
0.2175 -0.14    
0.34 -0.153333    
0.405 -0.156667    
0.46 -0.15    
0.4875 -0.14    
0.5 -0.136667    
0.505 -0.13    
0.5075 -0.126667    
0.5075 -0.13    
0.5075 -0.13    
