81
-0.17 0.67    
-0.1525 0.67    
-0.1375 0.666667    
-0.12 0.66    
-0.0875 0.653333    
-0.045 0.646667    
0.0125 0.646667    
0.065 0.643333    
0.12 0.64    
0.1925 0.636667    
0.255 0.63    
0.3 0.623333    
0.32 0.616667    
0.3275 0.61    
0.3175 0.603333    
0.2975 0.596667    
0.2525 0.583333    
0.1975 0.573333    
0.14 0.563333    
0.1 0.556667    
0.05 0.546667    
0.0125 0.533333    
-0.03 0.513333    
-0.07 0.483333    
-0.095 0.453333    
-0.1225 0.413333    
-0.1425 0.363333    
-0.1475 0.333333    
-0.1575 0.286667    
-0.1725 0.13    
-0.1825 0.0133333    
-0.195 -0.116667    
-0.2125 -0.33    
-0.225 -0.44    
-0.235 -0.526667    
-0.24 -0.613333    
-0.24 -0.646667    
-0.23 -0.666667    
-0.22 -0.653333    
-0.21 -0.62    
-0.1925 -0.556667    
-0.175 -0.466667    
-0.1625 -0.383333    
-0.1425 -0.27    
-0.12 -0.156667    
-0.0975 -0.08    
-0.0625 0.00666667    
-0.0375 0.0633333    
-0.0075 0.11    
0.0325 0.16    
0.0925 0.2    
0.1225 0.21    
0.1875 0.22    
0.255 0.223333    
0.3 0.223333    
0.345 0.213333    
0.3575 0.196667    
0.3475 0.16    
0.3025 0.103333    
0.2325 0.0366667    
0.1675 -0.0166667    
0.08 -0.0866667    
0.02 -0.136667    
-0.0225 -0.173333    
-0.08 -0.23    
-0.13 -0.283333    
-0.19 -0.36    
-0.2125 -0.393333    
-0.2175 -0.42    
-0.21 -0.433333    
-0.1725 -0.463333    
-0.1325 -0.48    
-0.0825 -0.493333    
-0.02 -0.503333    
0.1025 -0.523333    
0.1825 -0.533333    
0.28 -0.55    
0.3475 -0.563333    
0.4025 -0.573333    
0.4675 -0.59    
0.4925 -0.6    
