91
-0.1325 0.626667    
-0.1375 0.653333    
-0.1375 0.67    
-0.14 0.68    
-0.14 0.69    
-0.14 0.696667    
-0.14 0.696667    
-0.1375 0.686667    
-0.1375 0.666667    
-0.135 0.616667    
-0.135 0.566667    
-0.1325 0.463333    
-0.13 0.39    
-0.125 0.296667    
-0.12 0.223333    
-0.1125 0.15    
-0.1075 0.06    
-0.105 -0.0233333    
-0.1075 -0.1    
-0.1125 -0.15    
-0.12 -0.2    
-0.12 -0.24    
-0.1175 -0.256667    
-0.1075 -0.266667    
-0.085 -0.266667    
-0.07 -0.263333    
-0.0275 -0.243333    
0.0075 -0.223333    
0.05 -0.206667    
0.1325 -0.193333    
0.18 -0.186667    
0.2375 -0.18    
0.275 -0.173333    
0.3025 -0.16    
0.325 -0.136667    
0.3325 -0.0933333    
0.325 -0.07    
0.305 -0.02    
0.28 0.0233333    
0.24 0.0866667    
0.195 0.153333    
0.1425 0.223333    
0.1 0.266667    
0.0425 0.323333    
-0.015 0.38    
-0.0525 0.423333    
-0.095 0.473333    
-0.1225 0.506667    
-0.15 0.543333    
-0.17 0.566667    
-0.1875 0.593333    
-0.2 0.623333    
-0.2025 0.643333    
-0.1975 0.66    
-0.18 0.676667    
-0.15 0.686667    
-0.1225 0.693333    
-0.08 0.7    
-0.0425 0.71    
-0.015 0.716667    
0 0.72    
0.0275 0.723333    
0.0425 0.713333    
0.0525 0.686667    
0.055 0.64    
0.05 0.6    
0.04 0.54    
0.03 0.486667    
0.0225 0.446667    
0.01 0.39    
0.0025 0.346667    
-0.0075 0.306667    
-0.02 0.26    
-0.0325 0.226667    
-0.04 0.206667    
-0.0475 0.19    
-0.0475 0.173333    
-0.0375 0.163333    
-0.015 0.15    
0.0075 0.143333    
0.045 0.14    
0.085 0.146667    
0.115 0.15    
0.1575 0.16    
0.2075 0.17    
0.2425 0.18    
0.2875 0.193333    
0.3125 0.196667    
0.3325 0.203333    
0.34 0.206667    
0.3425 0.21    
