205
-0.22 0.553333    
-0.2175 0.55    
-0.2175 0.55    
-0.2175 0.55    
-0.22 0.546667    
-0.22 0.546667    
-0.22 0.543333    
-0.22 0.54    
-0.22 0.536667    
-0.22 0.533333    
-0.2175 0.526667    
-0.215 0.52    
-0.21 0.516667    
-0.2025 0.513333    
-0.1825 0.51    
-0.165 0.506667    
-0.12 0.506667    
-0.0925 0.503333    
-0.06 0.496667    
0.005 0.49    
0.035 0.486667    
0.09 0.49    
0.1125 0.493333    
0.1475 0.506667    
0.16 0.51    
0.16 0.51    
0.16 0.51    
0.1775 0.516667    
0.1825 0.52    
0.1875 0.52    
0.19 0.52    
0.1875 0.516667    
0.1775 0.51    
0.17 0.506667    
0.1625 0.503333    
0.135 0.496667    
0.12 0.496667    
0.085 0.496667    
0.065 0.496667    
0.0275 0.5    
0.0075 0.5    
-0.0075 0.5    
-0.04 0.5    
-0.0525 0.5    
-0.065 0.496667    
-0.0775 0.496667    
-0.1 0.496667    
-0.11 0.496667    
-0.1275 0.496667    
-0.135 0.5    
-0.1425 0.5    
-0.1575 0.496667    
-0.165 0.496667    
-0.18 0.49    
-0.185 0.483333    
-0.1925 0.48    
-0.195 0.476667    
-0.2025 0.466667    
-0.205 0.46    
-0.205 0.436667    
-0.205 0.423333    
-0.205 0.406667    
-0.2075 0.353333    
-0.2075 0.313333    
-0.21 0.21    
-0.21 0.15    
-0.21 0.0833333    
-0.2 -0.03    
-0.195 -0.08    
-0.1875 -0.123333    
-0.175 -0.193333    
-0.17 -0.223333    
-0.165 -0.246667    
-0.1575 -0.28    
-0.1525 -0.286667    
-0.1475 -0.3    
-0.145 -0.303333    
-0.145 -0.306667    
-0.1425 -0.31    
-0.1425 -0.31    
-0.1425 -0.31    
-0.1425 -0.306667    
-0.1425 -0.303333    
-0.145 -0.29    
-0.145 -0.283333    
-0.145 -0.273333    
-0.15 -0.253333    
-0.1525 -0.24    
-0.1575 -0.223333    
-0.1625 -0.19    
-0.165 -0.166667    
-0.165 -0.143333    
-0.1725 -0.1    
-0.175 -0.08    
-0.1825 -0.0366667    
-0.1925 0.00333333    
-0.1925 0.00333333    
-0.2 0.0433333    
-0.2075 0.0766667    
-0.2075 0.0766667    
-0.2125 0.1    
-0.2125 0.106667    
-0.2075 0.11    
-0.1975 0.11    
-0.185 0.11    
-0.175 0.11    
-0.1675 0.113333    
-0.15 0.126667    
-0.1375 0.136667    
-0.1225 0.146667    
-0.08 0.166667    
-0.055 0.176667    
0.0025 0.193333    
0.035 0.2    
0.0625 0.203333    
0.085 0.203333    
0.1175 0.203333    
0.1275 0.203333    
0.1275 0.203333    
0.135 0.2    
0.1425 0.2    
0.15 0.193333    
0.15 0.193333    
0.145 0.19    
0.14 0.186667    
0.1325 0.186667    
0.1225 0.186667    
0.095 0.183333    
0.08 0.183333    
0.065 0.18    
0.0175 0.18    
0.0175 0.18    
-0.0175 0.18    
-0.05 0.18    
-0.05 0.18    
-0.0775 0.176667    
-0.09 0.173333    
-0.1 0.17    
-0.12 0.163333    
-0.13 0.16    
-0.145 0.15    
-0.15 0.146667    
-0.1575 0.143333    
-0.1675 0.133333    
-0.175 0.12    
-0.1775 0.113333    
-0.18 0.106667    
-0.1825 0.1    
-0.185 0.0866667    
-0.185 0.08    
-0.185 0.07    
-0.1825 0.0533333    
-0.18 0.04    
-0.1775 0.0266667    
-0.1675 -0.01    
-0.1625 -0.03    
-0.155 -0.0733333    
-0.1525 -0.0966667    
-0.145 -0.136667    
-0.1425 -0.156667    
-0.14 -0.176667    
-0.1375 -0.193333    
-0.1275 -0.22    
-0.1225 -0.23    
-0.11 -0.246667    
-0.1075 -0.253333    
-0.105 -0.26    
-0.105 -0.276667    
-0.105 -0.283333    
-0.105 -0.29    
-0.105 -0.303333    
-0.105 -0.306667    
-0.1025 -0.313333    
-0.1 -0.316667    
-0.095 -0.316667    
-0.09 -0.316667    
-0.0825 -0.313333    
-0.0725 -0.313333    
-0.0375 -0.3    
0.02 -0.28    
0.0575 -0.266667    
0.0975 -0.25    
0.175 -0.22    
0.2125 -0.21    
0.2475 -0.196667    
0.28 -0.19    
0.3375 -0.183333    
0.36 -0.183333    
0.38 -0.186667    
0.4075 -0.193333    
0.4175 -0.2    
0.43 -0.21    
0.4375 -0.22    
0.44 -0.223333    
0.44 -0.223333    
0.44 -0.223333    
0.4375 -0.22    
0.435 -0.22    
0.4275 -0.21    
0.425 -0.206667    
0.42 -0.203333    
0.4175 -0.2    
0.4075 -0.2    
0.4 -0.2    
0.4 -0.2    
