56
-0.33 0.633333    
-0.3225 0.643333    
-0.2975 0.643333    
-0.2025 0.646667    
-0.135 0.65    
-0.065 0.653333    
0.0025 0.656667    
0.0925 0.663333    
0.0925 0.663333    
0.0125 0.653333    
-0.05 0.64    
-0.1175 0.623333    
-0.2425 0.563333    
-0.285 0.503333    
-0.3125 0.416667    
-0.3275 0.18    
-0.32 0.0333333    
-0.29 -0.273333    
-0.2725 -0.396667    
-0.255 -0.486667    
-0.2425 -0.553333    
-0.2525 -0.5    
-0.2675 -0.41    
-0.305 -0.193333    
-0.3225 -0.08    
-0.3475 0.113333    
-0.345 0.156667    
-0.3 0.18    
-0.255 0.166667    
-0.2 0.143333    
-0.14 0.113333    
-0.02 0.05    
0.0225 0.0233333    
0.0425 0.00333333    
0 -0.03    
-0.055 -0.0466667    
-0.195 -0.0966667    
-0.2675 -0.126667    
-0.3825 -0.206667    
-0.4125 -0.25    
-0.4175 -0.336667    
-0.395 -0.37    
-0.36 -0.393333    
-0.26 -0.406667    
-0.2025 -0.4    
-0.14 -0.38    
-0.08 -0.353333    
0.03 -0.303333    
0.075 -0.28    
0.145 -0.253333    
0.1675 -0.246667    
0.1675 -0.246667    
0.1675 -0.246667    
0.17 -0.253333    
0.1625 -0.263333    
0.1375 -0.28    
