105
-0.1825 0.466667    
-0.195 0.483333    
-0.2025 0.486667    
-0.21 0.486667    
-0.205 0.48    
-0.185 0.466667    
-0.08 0.45    
-0.005 0.43    
0.08 0.416667    
0.165 0.4    
0.29 0.356667    
0.345 0.313333    
0.345 0.286667    
0.33 0.25    
0.3025 0.223333    
0.2175 0.183333    
0.165 0.173333    
0.0525 0.17    
-0.0075 0.153333    
-0.065 0.133333    
-0.1225 0.103333    
-0.2125 0.0233333    
-0.25 -0.0166667    
-0.2925 -0.0733333    
-0.3075 -0.0933333    
-0.3125 -0.113333    
-0.285 -0.14    
-0.2525 -0.143333    
-0.205 -0.14    
-0.09 -0.11    
-0.0325 -0.09    
0.065 -0.04    
0.095 -0.00666667    
0.1125 0.0233333    
0.115 0.0966667    
0.105 0.13    
0.0825 0.163333    
0.025 0.23    
-0.0075 0.26    
-0.04 0.29    
-0.0975 0.326667    
-0.1275 0.343333    
-0.1875 0.38    
-0.215 0.396667    
-0.235 0.42    
-0.26 0.456667    
-0.2675 0.466667    
-0.2725 0.47    
-0.275 0.466667    
-0.275 0.456667    
-0.27 0.43    
-0.265 0.4    
-0.26 0.353333    
-0.2525 0.203333    
-0.26 -0.00666667    
-0.2675 -0.12    
-0.2675 -0.12    
-0.2675 -0.12    
-0.29 -0.423333    
-0.295 -0.546667    
-0.3 -0.663333    
-0.2975 -0.806667    
-0.3125 -0.836667    
-0.3375 -0.856667    
-0.3525 -0.846667    
-0.36 -0.83    
-0.3325 -0.783333    
-0.295 -0.75    
-0.1925 -0.693333    
-0.13 -0.66    
-0.055 -0.636667    
0.1 -0.586667    
0.19 -0.56    
0.2775 -0.536667    
0.4325 -0.503333    
0.5 -0.493333    
0.5575 -0.493333    
0.635 -0.5    
0.65 -0.51    
0.6325 -0.543333    
0.6125 -0.553333    
0.5925 -0.563333    
0.555 -0.56    
0.54 -0.55    
0.5 -0.533333    
0.4775 -0.53    
0.455 -0.523333    
0.4375 -0.516667    
0.41 -0.506667    
0.3975 -0.49    
0.3975 -0.49    
0.39 -0.486667    
0.38 -0.486667    
0.375 -0.486667    
0.37 -0.483333    
0.3675 -0.483333    
0.3625 -0.48    
0.36 -0.48    
0.3575 -0.48    
0.3575 -0.476667    
0.3575 -0.473333    
0.36 -0.47    
0.36 -0.47    
0.36 -0.473333    
0.36 -0.473333    
