75
-0.2475 0.523333    
-0.28 0.546667    
-0.2875 0.56    
-0.2875 0.573333    
-0.26 0.596667    
-0.225 0.603333    
-0.175 0.603333    
-0.115 0.603333    
0.0175 0.603333    
0.07 0.606667    
0.1375 0.62    
0.15 0.626667    
0.1475 0.636667    
0.11 0.646667    
0.0775 0.646667    
0.04 0.643333    
-0.0375 0.636667    
-0.1025 0.623333    
-0.13 0.61    
-0.15 0.6    
-0.175 0.563333    
-0.18 0.526667    
-0.18 0.473333    
-0.175 0.4    
-0.15 0.18    
-0.135 0.0566667    
-0.11 -0.166667    
-0.105 -0.256667    
-0.105 -0.37    
-0.1075 -0.406667    
-0.1125 -0.423333    
-0.1275 -0.413333    
-0.135 -0.38    
-0.145 -0.256667    
-0.145 -0.256667    
-0.14 -0.0966667    
-0.115 0.04    
-0.095 0.0833333    
-0.07 0.113333    
-0.0375 0.126667    
0.04 0.136667    
0.0825 0.133333    
0.12 0.133333    
0.18 0.13    
0.1975 0.13    
0.22 0.133333    
0.225 0.133333    
0.2275 0.136667    
0.2275 0.14    
0.22 0.14    
0.19 0.133333    
0.165 0.126667    
0.135 0.116667    
0.06 0.08    
0.0225 0.0566667    
-0.0375 -0.00333333    
-0.0575 -0.03    
-0.0825 -0.08    
-0.0825 -0.08    
-0.08 -0.126667    
-0.0675 -0.153333    
-0.0425 -0.183333    
0.035 -0.236667    
0.0825 -0.256667    
0.18 -0.27    
0.2225 -0.273333    
0.2875 -0.263333    
0.31 -0.256667    
0.34 -0.25    
0.34 -0.25    
0.3525 -0.25    
0.36 -0.246667    
0.36 -0.246667    
0.36 -0.246667    
0.36 -0.246667    
