90
-0.185 0.433333    
-0.185 0.433333    
-0.1875 0.433333    
-0.1875 0.433333    
-0.1875 0.433333    
-0.1875 0.433333    
-0.1875 0.43    
-0.1875 0.416667    
-0.1875 0.406667    
-0.185 0.366667    
-0.1875 0.336667    
-0.1875 0.3    
-0.19 0.256667    
-0.195 0.206667    
-0.2025 0.106667    
-0.205 0.0566667    
-0.21 -0.0366667    
-0.21 -0.123333    
-0.2125 -0.163333    
-0.2125 -0.2    
-0.215 -0.236667    
-0.22 -0.3    
-0.2225 -0.326667    
-0.225 -0.35    
-0.2275 -0.39    
-0.2275 -0.403333    
-0.225 -0.413333    
-0.2075 -0.416667    
-0.1875 -0.413333    
-0.1325 -0.396667    
-0.095 -0.386667    
-0.0525 -0.376667    
0.0275 -0.366667    
0.065 -0.366667    
0.125 -0.363333    
0.1475 -0.36    
0.1675 -0.356667    
0.195 -0.356667    
0.205 -0.353333    
0.21 -0.353333    
0.21 -0.343333    
0.2025 -0.33    
0.17 -0.276667    
0.1475 -0.23    
0.1225 -0.176667    
0.095 -0.116667    
0.0475 0.00666667    
0.025 0.06    
-0.0075 0.15    
-0.02 0.19    
-0.03 0.22    
-0.045 0.27    
-0.05 0.29    
-0.0525 0.303333    
-0.0575 0.323333    
-0.0575 0.326667    
-0.055 0.326667    
-0.0475 0.32    
-0.035 0.313333    
0.01 0.296667    
0.04 0.29    
0.0675 0.283333    
0.115 0.273333    
0.115 0.273333    
0.1225 0.256667    
0.1225 0.236667    
0.1125 0.21    
0.06 0.143333    
0.0325 0.116667    
0.0025 0.0866667    
-0.05 0.03    
-0.07 0.00666667    
-0.085 -0.0133333    
-0.1075 -0.04    
-0.115 -0.0566667    
-0.1175 -0.0633333    
-0.115 -0.0633333    
-0.1125 -0.06    
-0.0925 -0.03    
-0.0725 -0.0133333    
-0.05 0.00333333    
0.0125 0.0166667    
0.045 0.02    
0.0725 0.0166667    
0.1075 0.01    
0.115 0.00666667    
0.1225 0    
0.1225 -0.00333333    
0.125 -0.00666667    
0.125 -0.01    
