74
-0.28 0.406667    
-0.28 0.406667    
-0.2525 0.423333    
-0.23 0.43    
-0.1625 0.433333    
-0.1125 0.433333    
-0.0525 0.433333    
0.075 0.423333    
0.14 0.42    
0.23 0.406667    
0.2625 0.406667    
0.2875 0.403333    
0.3125 0.396667    
0.3125 0.386667    
0.3 0.373333    
0.2375 0.313333    
0.19 0.27    
0.1375 0.22    
0.03 0.123333    
-0.0175 0.0833333    
-0.065 0.0533333    
-0.1425 0.01    
-0.1725 -0.00666667    
-0.21 -0.03    
-0.22 -0.0433333    
-0.2175 -0.0466667    
-0.205 -0.05    
-0.155 -0.0566667    
-0.1175 -0.0566667    
-0.0775 -0.06    
-0.04 -0.0633333    
0.025 -0.07    
0.0525 -0.0733333    
0.075 -0.0733333    
0.075 -0.0733333    
0.1025 -0.0633333    
0.1025 -0.05    
0.0875 -0.0266667    
0.065 0.00333333    
-0.0025 0.06    
-0.035 0.09    
-0.0925 0.15    
-0.12 0.183333    
-0.1425 0.213333    
-0.1725 0.263333    
-0.18 0.283333    
-0.1875 0.3    
-0.1875 0.3    
-0.195 0.303333    
-0.21 0.276667    
-0.22 0.243333    
-0.23 0.193333    
-0.26 0.0433333    
-0.275 -0.05    
-0.305 -0.256667    
-0.305 -0.256667    
-0.3325 -0.46    
-0.3425 -0.546667    
-0.3575 -0.666667    
-0.3625 -0.7    
-0.365 -0.72    
-0.37 -0.743333    
-0.365 -0.756667    
-0.35 -0.763333    
-0.32 -0.773333    
-0.21 -0.793333    
-0.135 -0.803333    
-0.0525 -0.813333    
0.03 -0.823333    
0.18 -0.833333    
0.285 -0.84    
0.315 -0.84    
0.3425 -0.84    
0.3525 -0.836667    
