112
-0.115 0.536667    
-0.1175 0.536667    
-0.1175 0.533333    
-0.115 0.53    
-0.1125 0.526667    
-0.0975 0.516667    
-0.0825 0.506667    
-0.07 0.5    
-0.0525 0.493333    
-0.005 0.476667    
0.0175 0.473333    
0.055 0.463333    
0.1075 0.46    
0.1775 0.466667    
0.205 0.473333    
0.26 0.486667    
0.2975 0.5    
0.3425 0.506667    
0.3475 0.506667    
0.35 0.496667    
0.3375 0.48    
0.31 0.466667    
0.2825 0.463333    
0.23 0.47    
0.2 0.483333    
0.1575 0.506667    
0.12 0.526667    
0.0925 0.54    
0.0675 0.55    
0.0425 0.556667    
0.0075 0.56    
-0.0175 0.563333    
-0.0275 0.563333    
-0.0425 0.566667    
-0.07 0.566667    
-0.08 0.563333    
-0.1 0.553333    
-0.1125 0.54    
-0.13 0.513333    
-0.1375 0.493333    
-0.1525 0.443333    
-0.1625 0.396667    
-0.1675 0.32    
-0.17 0.246667    
-0.1775 0.156667    
-0.195 0.0266667    
-0.2125 -0.11    
-0.2275 -0.2    
-0.2375 -0.293333    
-0.235 -0.33    
-0.215 -0.386667    
-0.19 -0.4    
-0.1425 -0.4    
-0.08 -0.383333    
-0.0225 -0.363333    
0.06 -0.33    
0.13 -0.303333    
0.2 -0.276667    
0.2675 -0.253333    
0.3425 -0.23    
0.3975 -0.22    
0.42 -0.223333    
0.4225 -0.243333    
0.3925 -0.28    
0.35 -0.32    
0.2725 -0.376667    
0.205 -0.413333    
0.115 -0.453333    
0.05 -0.466667    
-0.05 -0.463333    
-0.105 -0.456667    
-0.155 -0.44    
-0.2075 -0.413333    
-0.25 -0.356667    
-0.2625 -0.323333    
-0.2775 -0.233333    
-0.28 -0.173333    
-0.2775 -0.11    
-0.275 -0.07    
-0.26 -0.00333333    
-0.225 0.11    
-0.2075 0.153333    
-0.16 0.226667    
-0.1175 0.27    
-0.05 0.306667    
0.0275 0.316667    
0.09 0.31    
0.17 0.283333    
0.2225 0.26    
0.28 0.22    
0.325 0.176667    
0.3375 0.16    
0.355 0.126667    
0.36 0.11    
0.36 0.103333    
0.3575 0.1    
0.3475 0.0933333    
0.3425 0.0933333    
0.335 0.0933333    
0.33 0.0966667    
0.325 0.103333    
0.325 0.106667    
0.33 0.113333    
0.3375 0.123333    
0.3525 0.143333    
0.3625 0.163333    
0.37 0.18    
0.3775 0.206667    
0.3825 0.243333    
0.3825 0.253333    
0.3825 0.273333    
0.38 0.283333    
