107
-0.2425 0.713333    
-0.2225 0.696667    
-0.17 0.67    
-0.1275 0.653333    
-0.08 0.64    
0.01 0.616667    
0.065 0.606667    
0.1375 0.59    
0.2 0.576667    
0.2375 0.566667    
0.27 0.56    
0.2925 0.556667    
0.3075 0.56    
0.305 0.57    
0.29 0.58    
0.2575 0.59    
0.1575 0.596667    
0.12 0.596667    
0.065 0.593333    
0.005 0.586667    
-0.0425 0.586667    
-0.0775 0.586667    
-0.1 0.586667    
-0.12 0.586667    
-0.1375 0.586667    
-0.15 0.586667    
-0.1575 0.58    
-0.17 0.566667    
-0.185 0.536667    
-0.1975 0.496667    
-0.2225 0.38    
-0.23 0.313333    
-0.25 0.0866667    
-0.265 -0.11    
-0.27 -0.253333    
-0.275 -0.413333    
-0.275 -0.583333    
-0.27 -0.713333    
-0.265 -0.753333    
-0.2625 -0.773333    
-0.2575 -0.783333    
-0.245 -0.776667    
-0.23 -0.76    
-0.215 -0.74    
-0.185 -0.703333    
-0.175 -0.69    
-0.16 -0.676667    
-0.1525 -0.666667    
-0.13 -0.653333    
-0.1075 -0.646667    
-0.0675 -0.643333    
-0.0275 -0.643333    
0.0275 -0.643333    
0.08 -0.643333    
0.115 -0.64    
0.1425 -0.633333    
0.19 -0.606667    
0.2025 -0.593333    
0.2125 -0.58    
0.215 -0.56    
0.21 -0.536667    
0.19 -0.486667    
0.1575 -0.413333    
0.125 -0.353333    
0.0725 -0.276667    
0.0325 -0.223333    
-0.025 -0.17    
-0.095 -0.12    
-0.1475 -0.0866667    
-0.1725 -0.0733333    
-0.22 -0.0466667    
-0.25 -0.0333333    
-0.2825 -0.0233333    
-0.305 -0.02    
-0.31 -0.0166667    
-0.31 -0.01    
-0.305 -0.00333333    
-0.275 0.0166667    
-0.235 0.0266667    
-0.1925 0.0333333    
-0.16 0.0366667    
-0.085 0.04    
-0.02 0.0433333    
0.0275 0.0466667    
0.12 0.0533333    
0.1825 0.0566667    
0.25 0.06    
0.2925 0.06    
0.3125 0.0566667    
0.325 0.0566667    
0.33 0.0566667    
0.335 0.0566667    
0.3375 0.0533333    
0.3375 0.0533333    
0.3375 0.05    
0.34 0.0466667    
0.3425 0.0466667    
0.3425 0.0433333    
0.345 0.0433333    
0.3475 0.04    
0.3525 0.0366667    
0.3525 0.0333333    
0.3575 0.0333333    
0.36 0.0333333    
0.365 0.0333333    
0.3675 0.0366667    
0.37 0.04    
