60
-0.0575 0.41    
-0.005 0.426667    
0.0475 0.433333    
0.1275 0.446667    
0.2175 0.46    
0.2725 0.466667    
0.3325 0.473333    
0.3625 0.48    
0.3775 0.486667    
0.3675 0.493333    
0.345 0.496667    
0.295 0.5    
0.2525 0.49    
0.1925 0.47    
0.155 0.446667    
0.105 0.39    
0.0875 0.34    
0.08 0.293333    
0.0725 0.186667    
0.0675 0.0266667    
0.065 -0.1    
0.065 -0.266667    
0.0675 -0.36    
0.0775 -0.45    
0.0925 -0.503333    
0.125 -0.543333    
0.175 -0.566667    
0.235 -0.573333    
0.2825 -0.573333    
0.3275 -0.57    
0.385 -0.563333    
0.4075 -0.56    
0.4175 -0.556667    
0.415 -0.546667    
0.395 -0.526667    
0.375 -0.503333    
0.335 -0.456667    
0.3025 -0.41    
0.255 -0.34    
0.22 -0.286667    
0.16 -0.193333    
0.125 -0.143333    
0.095 -0.0966667    
0.0625 -0.04    
0.05 -0.01    
0.0525 0.0266667    
0.0725 0.0533333    
0.1375 0.0733333    
0.19 0.0833333    
0.2475 0.0966667    
0.3425 0.11    
0.3925 0.126667    
0.44 0.143333    
0.47 0.146667    
0.5075 0.15    
0.5525 0.16    
0.5675 0.16    
0.585 0.163333    
0.59 0.166667    
0.595 0.166667    
