110
-0.2975 0.19    
-0.2975 0.2    
-0.295 0.23    
-0.2775 0.256667    
-0.24 0.273333    
-0.1725 0.286667    
-0.11 0.296667    
-0.005 0.32    
0.05 0.333333    
0.09 0.346667    
0.1275 0.363333    
0.145 0.376667    
0.1575 0.39    
0.155 0.393333    
0.1375 0.393333    
0.1075 0.386667    
0.0475 0.376667    
0.02 0.37    
-0.0525 0.35    
-0.08 0.34    
-0.135 0.313333    
-0.17 0.29    
-0.2125 0.26    
-0.2475 0.233333    
-0.27 0.216667    
-0.3 0.196667    
-0.3075 0.19    
-0.32 0.17    
-0.32 0.15    
-0.3175 0.136667    
-0.305 0.0933333    
-0.295 0.0466667    
-0.28 -0.0733333    
-0.2775 -0.156667    
-0.2825 -0.236667    
-0.2925 -0.313333    
-0.3 -0.356667    
-0.3175 -0.43    
-0.3275 -0.476667    
-0.3425 -0.546667    
-0.345 -0.56    
-0.35 -0.58    
-0.3475 -0.586667    
-0.3475 -0.583333    
-0.3425 -0.563333    
-0.3325 -0.513333    
-0.325 -0.466667    
-0.32 -0.413333    
-0.3125 -0.36    
-0.3025 -0.293333    
-0.29 -0.24    
-0.2775 -0.213333    
-0.2625 -0.186667    
-0.2475 -0.173333    
-0.2225 -0.156667    
-0.2025 -0.146667    
-0.165 -0.136667    
-0.145 -0.133333    
-0.1225 -0.13    
-0.095 -0.126667    
-0.0825 -0.126667    
-0.08 -0.126667    
-0.0875 -0.133333    
-0.1025 -0.143333    
-0.135 -0.18    
-0.18 -0.24    
-0.2275 -0.316667    
-0.2725 -0.4    
-0.295 -0.436667    
-0.34 -0.506667    
-0.3675 -0.55    
-0.375 -0.556667    
-0.3975 -0.583333    
-0.4125 -0.603333    
-0.4175 -0.613333    
-0.4225 -0.623333    
-0.4225 -0.626667    
-0.4075 -0.62    
-0.395 -0.613333    
-0.3575 -0.593333    
-0.31 -0.576667    
-0.27 -0.566667    
-0.2275 -0.56    
-0.1825 -0.55    
-0.105 -0.54    
-0.06 -0.53    
-0.0175 -0.523333    
0.0375 -0.523333    
0.0725 -0.523333    
0.115 -0.526667    
0.15 -0.536667    
0.17 -0.54    
0.195 -0.543333    
0.2075 -0.546667    
0.225 -0.546667    
0.24 -0.546667    
0.245 -0.546667    
0.2525 -0.556667    
0.2575 -0.566667    
0.2625 -0.573333    
0.27 -0.58    
0.2725 -0.58    
0.275 -0.58    
0.275 -0.58    
0.2775 -0.583333    
0.2775 -0.586667    
0.28 -0.59    
0.285 -0.596667    
0.29 -0.603333    
0.3025 -0.616667    
