81
-0.265 0.416667    
-0.2575 0.41    
-0.24 0.396667    
-0.205 0.386667    
-0.1675 0.38    
-0.0825 0.376667    
-0.0425 0.376667    
0.035 0.386667    
0.09 0.396667    
0.1475 0.41    
0.1575 0.413333    
0.19 0.426667    
0.1925 0.426667    
0.18 0.423333    
0.1425 0.413333    
0.0725 0.406667    
0.0425 0.406667    
-0.0175 0.413333    
-0.06 0.423333    
-0.125 0.446667    
-0.15 0.453333    
-0.19 0.466667    
-0.215 0.473333    
-0.2375 0.473333    
-0.25 0.466667    
-0.2525 0.45    
-0.245 0.403333    
-0.23 0.346667    
-0.215 0.293333    
-0.1975 0.233333    
-0.18 0.136667    
-0.17 0.05    
-0.165 -0.08    
-0.165 -0.183333    
-0.1725 -0.343333    
-0.18 -0.413333    
-0.1875 -0.466667    
-0.195 -0.496667    
-0.2 -0.493333    
-0.2075 -0.45    
-0.215 -0.35    
-0.2175 -0.303333    
-0.215 -0.21    
-0.2075 -0.136667    
-0.1975 -0.09    
-0.1925 -0.0766667    
-0.165 -0.03    
-0.1375 0.00333333    
-0.09 0.0433333    
-0.035 0.0766667    
0.005 0.0966667    
0.0525 0.116667    
0.09 0.126667    
0.1075 0.126667    
0.115 0.113333    
0.1075 0.09    
0.08 0.0433333    
0.05 0    
0.0025 -0.0566667    
-0.0575 -0.123333    
-0.09 -0.156667    
-0.12 -0.19    
-0.15 -0.226667    
-0.165 -0.246667    
-0.1775 -0.276667    
-0.1825 -0.3    
-0.18 -0.323333    
-0.17 -0.343333    
-0.155 -0.35    
-0.1325 -0.343333    
-0.0625 -0.316667    
-0.03 -0.306667    
0.03 -0.29    
0.1375 -0.26    
0.2025 -0.253333    
0.26 -0.25    
0.3225 -0.256667    
0.355 -0.266667    
0.38 -0.28    
0.385 -0.296667    
0.3825 -0.31    
