84
-0.13 0.283333    
-0.1275 0.306667    
-0.12 0.33    
-0.1175 0.34    
-0.1125 0.34    
-0.1125 0.33    
-0.115 0.3    
-0.12 0.263333    
-0.13 0.203333    
-0.145 0.113333    
-0.1625 0.03    
-0.185 -0.106667    
-0.2075 -0.24    
-0.2175 -0.35    
-0.2175 -0.406667    
-0.21 -0.446667    
-0.17 -0.48    
-0.1325 -0.486667    
-0.065 -0.483333    
-0.0425 -0.483333    
0.025 -0.47    
0.1125 -0.446667    
0.19 -0.42    
0.2325 -0.4    
0.2675 -0.363333    
0.275 -0.336667    
0.2725 -0.303333    
0.2525 -0.243333    
0.215 -0.16    
0.1775 -0.0866667    
0.1325 0.0166667    
0.1025 0.09    
0.08 0.153333    
0.05 0.233333    
0.035 0.266667    
0.0175 0.293333    
-0.0025 0.313333    
-0.02 0.316667    
-0.0275 0.313333    
-0.0275 0.306667    
-0.015 0.303333    
0 0.306667    
0.03 0.313333    
0.075 0.326667    
0.11 0.34    
0.1425 0.35    
0.1775 0.363333    
0.2 0.37    
0.2025 0.373333    
0.19 0.366667    
0.165 0.353333    
0.1175 0.32    
0.0575 0.27    
0.01 0.22    
-0.0225 0.186667    
-0.0775 0.123333    
-0.1425 0.04    
-0.2 -0.0333333    
-0.245 -0.0933333    
-0.2625 -0.123333    
-0.28 -0.15    
-0.285 -0.16    
-0.2825 -0.166667    
-0.2725 -0.163333    
-0.2575 -0.156667    
-0.2375 -0.146667    
-0.1925 -0.133333    
-0.1575 -0.126667    
-0.1175 -0.12    
-0.06 -0.113333    
0.0025 -0.1    
0.0475 -0.09    
0.1075 -0.0766667    
0.16 -0.0633333    
0.1925 -0.0566667    
0.225 -0.0533333    
0.245 -0.0533333    
0.26 -0.0566667    
0.265 -0.06    
0.265 -0.06    
0.265 -0.0633333    
0.26 -0.0666667    
0.255 -0.07    
0.2525 -0.0733333    
