47
-0.345 0.623333    
-0.27 0.616667    
-0.1375 0.603333    
-0.0125 0.603333    
0.1225 0.61    
0.2025 0.626667    
0.2575 0.653333    
0.2875 0.696667    
0.29 0.726667    
0.275 0.75    
0.2475 0.77    
0.175 0.783333    
0.1175 0.773333    
0.05 0.746667    
-0.0425 0.706667    
-0.11 0.666667    
-0.1675 0.623333    
-0.2125 0.58    
-0.255 0.503333    
-0.2725 0.406667    
-0.2775 0.313333    
-0.2775 0.216667    
-0.2725 0.03    
-0.2625 -0.173333    
-0.2425 -0.433333    
-0.22 -0.656667    
-0.2075 -0.736667    
-0.2025 -0.763333    
-0.2075 -0.73    
-0.225 -0.603333    
-0.2425 -0.466667    
-0.2575 -0.323333    
-0.2725 -0.13    
-0.27 -0.0133333    
-0.245 0.0666667    
-0.1775 0.14    
-0.095 0.163333    
0.0425 0.153333    
0.1575 0.133333    
0.295 0.113333    
0.3775 0.11    
0.435 0.123333    
0.4625 0.16    
0.4475 0.2    
0.41 0.23    
0.3625 0.253333    
0.285 0.273333    
