70
-0.1525 0.61    
-0.14 0.613333    
-0.125 0.616667    
-0.11 0.62    
-0.085 0.626667    
-0.0525 0.636667    
-0.02 0.64    
0.0225 0.646667    
0.1 0.646667    
0.1575 0.643333    
0.215 0.64    
0.285 0.633333    
0.3325 0.623333    
0.3575 0.613333    
0.3725 0.596667    
0.375 0.586667    
0.365 0.576667    
0.3375 0.576667    
0.3075 0.58    
0.2575 0.583333    
0.2075 0.586667    
0.1625 0.583333    
0.135 0.58    
0.1025 0.57    
0.0825 0.563333    
0.0625 0.55    
0.0375 0.52    
0.025 0.493333    
0.0125 0.453333    
0 0.39    
-0.01 0.303333    
-0.0175 0.226667    
-0.03 0.106667    
-0.04 0.00333333    
-0.0475 -0.103333    
-0.055 -0.233333    
-0.06 -0.356667    
-0.06 -0.506667    
-0.06 -0.633333    
-0.0575 -0.696667    
-0.0575 -0.736667    
-0.0575 -0.766667    
-0.0575 -0.763333    
-0.0575 -0.743333    
-0.065 -0.666667    
-0.075 -0.6    
-0.09 -0.513333    
-0.11 -0.39    
-0.12 -0.3    
-0.13 -0.19    
-0.135 -0.12    
-0.1375 -0.0233333    
-0.135 0.0233333    
-0.1325 0.0766667    
-0.1225 0.116667    
-0.105 0.156667    
-0.0875 0.183333    
-0.045 0.203333    
-0.01 0.206667    
0.0325 0.206667    
0.0825 0.203333    
0.17 0.186667    
0.225 0.17    
0.29 0.146667    
0.3325 0.133333    
0.38 0.113333    
0.405 0.1    
0.4275 0.09    
0.44 0.0766667    
0.445 0.07    
