77
0.0125 0.43    
0.01 0.45    
0.005 0.466667    
0.0025 0.486667    
0 0.503333    
-0.0025 0.51    
-0.005 0.5    
-0.005 0.473333    
-0.0075 0.433333    
-0.0125 0.39    
-0.0175 0.333333    
-0.025 0.276667    
-0.035 0.216667    
-0.04 0.173333    
-0.0475 0.116667    
-0.0575 0.0666667    
-0.0625 0.0466667    
-0.08 -0.0733333    
-0.0925 -0.156667    
-0.1075 -0.27    
-0.12 -0.363333    
-0.125 -0.41    
-0.1275 -0.443333    
-0.1275 -0.456667    
-0.1225 -0.44    
-0.1125 -0.39    
-0.1 -0.313333    
-0.0925 -0.246667    
-0.08 -0.153333    
-0.0675 -0.06    
-0.0575 0.00333333    
-0.05 0.07    
-0.04 0.16    
-0.03 0.21    
-0.025 0.26    
-0.015 0.316667    
-0.005 0.366667    
0.0025 0.406667    
0.0125 0.43    
0.025 0.446667    
0.0525 0.47    
0.1025 0.49    
0.125 0.493333    
0.175 0.503333    
0.225 0.51    
0.255 0.513333    
0.29 0.513333    
0.315 0.506667    
0.3275 0.496667    
0.3375 0.476667    
0.34 0.45    
0.335 0.44    
0.32 0.416667    
0.285 0.383333    
0.24 0.36    
0.1875 0.34    
0.155 0.33    
0.1275 0.316667    
0.095 0.3    
0.0675 0.283333    
0.05 0.28    
0.03 0.273333    
0.02 0.27    
0.0125 0.263333    
0.0125 0.25    
0.025 0.24    
0.0625 0.23    
0.0925 0.223333    
0.1275 0.213333    
0.165 0.2    
0.2325 0.183333    
0.2725 0.173333    
0.3075 0.166667    
0.35 0.163333    
0.3825 0.16    
0.405 0.16    
0.415 0.163333    
