30
-0.165 0.466667    
-0.1475 0.483333    
-0.11 0.5    
-0.035 0.526667    
0.045 0.556667    
0.085 0.57    
0.105 0.57    
0.085 0.51    
0.0525 0.423333    
0.01 0.25    
-0.01 0.143333    
-0.035 -0.126667    
-0.04 -0.31    
-0.04 -0.413333    
-0.0425 -0.5    
-0.045 -0.52    
-0.05 -0.5    
-0.065 -0.426667    
-0.0825 -0.32    
-0.1 -0.196667    
-0.1075 -0.116667    
-0.1 -0.0233333    
-0.0825 0.0133333    
-0.02 0.06    
0.09 0.0933333    
0.1875 0.106667    
0.3175 0.106667    
0.405 0.103333    
0.4475 0.1    
0.4775 0.1    
