173
-0.155 0.53    
-0.165 0.533333    
-0.1825 0.54    
-0.2 0.546667    
-0.2075 0.55    
-0.2125 0.553333    
-0.2175 0.556667    
-0.22 0.556667    
-0.2225 0.556667    
-0.225 0.556667    
-0.2275 0.556667    
-0.2275 0.553333    
-0.2275 0.546667    
-0.225 0.523333    
-0.2225 0.503333    
-0.2175 0.45    
-0.215 0.41    
-0.215 0.366667    
-0.215 0.263333    
-0.215 0.21    
-0.2125 0.153333    
-0.205 0.04    
-0.1975 -0.01    
-0.19 -0.0633333    
-0.175 -0.153333    
-0.1675 -0.193333    
-0.1525 -0.253333    
-0.1425 -0.3    
-0.1425 -0.3    
-0.1425 -0.343333    
-0.145 -0.363333    
-0.1475 -0.39    
-0.1475 -0.4    
-0.1475 -0.406667    
-0.15 -0.413333    
-0.1525 -0.413333    
-0.155 -0.406667    
-0.1575 -0.403333    
-0.16 -0.376667    
-0.16 -0.376667    
-0.165 -0.333333    
-0.17 -0.28    
-0.1725 -0.25    
-0.175 -0.22    
-0.18 -0.19    
-0.1875 -0.14    
-0.19 -0.116667    
-0.2 -0.0666667    
-0.2075 -0.04    
-0.2125 -0.01    
-0.225 0.0366667    
-0.2325 0.06    
-0.245 0.106667    
-0.25 0.13    
-0.26 0.18    
-0.2625 0.203333    
-0.2625 0.223333    
-0.2625 0.223333    
-0.2625 0.246667    
-0.26 0.266667    
-0.26 0.283333    
-0.2525 0.313333    
-0.24 0.336667    
-0.2325 0.346667    
-0.2275 0.356667    
-0.22 0.366667    
-0.21 0.386667    
-0.2075 0.396667    
-0.2075 0.403333    
-0.2025 0.42    
-0.2025 0.43    
-0.2 0.446667    
-0.2 0.45    
-0.1975 0.456667    
-0.195 0.466667    
-0.1925 0.473333    
-0.19 0.48    
-0.1825 0.493333    
-0.1775 0.5    
-0.1725 0.506667    
-0.1575 0.52    
-0.145 0.523333    
-0.105 0.53    
-0.0775 0.53    
-0.045 0.533333    
-0.01 0.533333    
0.0625 0.53    
0.13 0.523333    
0.16 0.52    
0.2075 0.506667    
0.2075 0.506667    
0.2425 0.496667    
0.2575 0.49    
0.275 0.483333    
0.28 0.486667    
0.2775 0.486667    
0.2625 0.496667    
0.2475 0.503333    
0.2025 0.513333    
0.1775 0.516667    
0.1525 0.52    
0.105 0.526667    
0.085 0.526667    
0.045 0.526667    
0.0225 0.526667    
0.0025 0.523333    
-0.0375 0.513333    
-0.0525 0.51    
-0.0675 0.506667    
-0.08 0.5    
-0.1025 0.49    
-0.1275 0.48    
-0.14 0.476667    
-0.15 0.473333    
-0.16 0.47    
-0.1725 0.46    
-0.1775 0.456667    
-0.185 0.453333    
-0.185 0.453333    
-0.1875 0.45    
-0.1875 0.436667    
-0.1875 0.426667    
-0.185 0.396667    
-0.185 0.38    
-0.185 0.366667    
-0.1825 0.34    
-0.1825 0.32    
-0.1825 0.273333    
-0.18 0.246667    
-0.1825 0.213333    
-0.1875 0.153333    
-0.19 0.126667    
-0.1925 0.106667    
-0.195 0.0866667    
-0.1975 0.0566667    
-0.1975 0.0466667    
-0.2 0.0266667    
-0.2 0.0166667    
-0.2 0.00666667    
-0.2 -0.0133333    
-0.2 -0.02    
-0.2 -0.0266667    
-0.195 -0.0333333    
-0.1925 -0.0366667    
-0.17 -0.0333333    
-0.1525 -0.0266667    
-0.1325 -0.0133333    
-0.075 0.02    
-0.0425 0.04    
-0.01 0.0633333    
-0.01 0.0633333    
0.035 0.0866667    
0.1225 0.123333    
0.1625 0.136667    
0.1975 0.146667    
0.24 0.153333    
0.25 0.153333    
0.26 0.15    
0.27 0.143333    
0.275 0.136667    
0.275 0.136667    
0.28 0.126667    
0.28 0.123333    
0.2825 0.113333    
0.2825 0.11    
0.285 0.106667    
0.285 0.1    
0.2875 0.1    
0.2875 0.1    
0.2875 0.0966667    
0.29 0.0966667    
0.2875 0.0966667    
0.2875 0.0933333    
