48
-0.1175 0.506667    
-0.115 0.543333    
-0.115 0.546667    
-0.1175 0.546667    
-0.12 0.54    
-0.115 0.536667    
-0.0975 0.536667    
-0.02 0.543333    
0.0375 0.556667    
0.105 0.576667    
0.215 0.626667    
0.25 0.653333    
0.265 0.683333    
0.24 0.673333    
0.1975 0.633333    
0.0825 0.446667    
0.0225 0.303333    
-0.065 0    
-0.09 -0.136667    
-0.1075 -0.24    
-0.125 -0.366667    
-0.1275 -0.393333    
-0.1275 -0.4    
-0.11 -0.323333    
-0.0925 -0.253333    
-0.0725 -0.173333    
-0.0275 -0.0133333    
-0.005 0.0433333    
-0.005 0.0433333    
0.06 0.0866667    
0.225 0.123333    
0.325 0.12    
0.4325 0.106667    
0.51 0.0933333    
0.63 0.0766667    
0.6675 0.08    
0.71 0.0933333    
0.72 0.103333    
0.7275 0.11    
0.73 0.13    
0.725 0.14    
0.7075 0.15    
0.6975 0.153333    
0.69 0.156667    
0.6825 0.156667    
0.6675 0.166667    
0.66 0.17    
0.645 0.18    
