44
-0.3175 0.67    
-0.33 0.683333    
-0.29 0.686667    
-0.2475 0.69    
-0.1875 0.69    
-0.0525 0.69    
0.0075 0.69    
0.0475 0.69    
0.06 0.69    
0.005 0.68    
-0.0525 0.67    
-0.1775 0.626667    
-0.235 0.58    
-0.3025 0.413333    
-0.3025 0.413333    
-0.3075 0.136667    
-0.2725 -0.18    
-0.245 -0.323333    
-0.22 -0.446667    
-0.2 -0.54    
-0.1725 -0.623333    
-0.1675 -0.62    
-0.1775 -0.58    
-0.2075 -0.41    
-0.225 -0.303333    
-0.255 -0.0766667    
-0.2625 0.0333333    
-0.255 0.17    
-0.245 0.203333    
-0.2275 0.22    
-0.175 0.213333    
-0.14 0.196667    
-0.0975 0.176667    
-0.0525 0.153333    
0.0325 0.116667    
0.065 0.106667    
0.1025 0.0933333    
0.1075 0.0866667    
0.105 0.08    
0.0825 0.07    
0.065 0.0666667    
0.0325 0.06    
0.02 0.06    
0.0075 0.0566667    
