73
-0.4425 0.503333    
-0.4425 0.503333    
-0.4425 0.506667    
-0.4425 0.506667    
-0.4425 0.51    
-0.4425 0.513333    
-0.445 0.516667    
-0.445 0.52    
-0.4475 0.526667    
-0.4475 0.533333    
-0.4475 0.536667    
-0.4475 0.543333    
-0.4475 0.543333    
-0.445 0.546667    
-0.4375 0.55    
-0.425 0.553333    
-0.415 0.553333    
-0.4025 0.553333    
-0.3875 0.55    
-0.33 0.53    
-0.2825 0.516667    
-0.1525 0.48    
-0.07 0.466667    
0.02 0.45    
0.18 0.423333    
0.235 0.406667    
0.27 0.376667    
0.2375 0.35    
0.08 0.266667    
-0.04 0.213333    
-0.175 0.156667    
-0.305 0.0933333    
-0.42 0.0333333    
-0.575 -0.0833333    
-0.61 -0.133333    
-0.625 -0.183333    
-0.6025 -0.196667    
-0.5625 -0.2    
-0.425 -0.183333    
-0.225 -0.156667    
-0.115 -0.136667    
-0.005 -0.116667    
0.0925 -0.106667    
0.2275 -0.0866667    
0.26 -0.08    
0.265 -0.0633333    
0.2025 0.00666667    
0.145 0.0466667    
0.075 0.0833333    
-0.065 0.136667    
-0.155 0.17    
-0.22 0.22    
-0.2575 0.256667    
-0.2875 0.3    
-0.3275 0.376667    
-0.3425 0.443333    
-0.3425 0.466667    
-0.34 0.483333    
-0.3375 0.496667    
-0.335 0.503333    
-0.3325 0.506667    
-0.335 0.483333    
-0.34 0.46    
-0.3475 0.426667    
-0.3625 0.33    
-0.375 0.263333    
-0.405 0.09    
-0.4175 -0.0266667    
-0.43 -0.153333    
-0.4425 -0.29    
-0.4575 -0.57    
-0.4625 -0.69    
-0.47 -0.813333    
