46
-0.2675 0.583333    
-0.18 0.58    
-0.1175 0.58    
0.0075 0.596667    
0.055 0.61    
0.09 0.623333    
0.1175 0.643333    
0.1075 0.65    
0.0875 0.656667    
0.015 0.663333    
-0.03 0.66    
-0.075 0.653333    
-0.1525 0.626667    
-0.18 0.603333    
-0.2025 0.576667    
-0.23 0.496667    
-0.2325 0.433333    
-0.2225 0.226667    
-0.21 0.09    
-0.1925 -0.193333    
-0.1925 -0.32    
-0.195 -0.426667    
-0.2175 -0.55    
-0.225 -0.58    
-0.23 -0.583333    
-0.235 -0.566667    
-0.23 -0.493333    
-0.2175 -0.34    
-0.2125 -0.253333    
-0.205 -0.166667    
-0.1975 -0.09    
-0.1675 0.0266667    
-0.1425 0.0733333    
-0.0625 0.13    
-0.01 0.143333    
0.05 0.153333    
0.1575 0.153333    
0.1975 0.15    
0.24 0.143333    
0.2475 0.143333    
0.2475 0.136667    
0.245 0.133333    
0.23 0.126667    
0.2225 0.123333    
0.2025 0.113333    
0.195 0.106667    
