75
-0.1675 0.49    
-0.1675 0.493333    
-0.17 0.5    
-0.17 0.5    
-0.17 0.5    
-0.17 0.473333    
-0.1675 0.45    
-0.165 0.39    
-0.1625 0.313333    
-0.1625 0.263333    
-0.165 0.2    
-0.165 0.13    
-0.17 -0.04    
-0.1725 -0.13    
-0.1725 -0.226667    
-0.17 -0.413333    
-0.165 -0.496667    
-0.155 -0.636667    
-0.1475 -0.693333    
-0.14 -0.736667    
-0.13 -0.796667    
-0.13 -0.81    
-0.13 -0.816667    
-0.135 -0.803333    
-0.1425 -0.77    
-0.15 -0.716667    
-0.17 -0.53    
-0.1775 -0.41    
-0.185 -0.28    
-0.1875 -0.0466667    
-0.18 0.133333    
-0.175 0.203333    
-0.1675 0.26    
-0.155 0.36    
-0.1475 0.4    
-0.14 0.436667    
-0.1325 0.463333    
-0.1175 0.506667    
-0.0925 0.53    
-0.0725 0.533333    
-0.0475 0.54    
0.015 0.543333    
0.045 0.543333    
0.0725 0.54    
0.0975 0.536667    
0.1275 0.526667    
0.135 0.516667    
0.14 0.506667    
0.1225 0.46    
0.1 0.43    
0.0325 0.356667    
-0.0075 0.323333    
-0.045 0.29    
-0.1125 0.226667    
-0.165 0.163333    
-0.185 0.133333    
-0.205 0.103333    
-0.2175 0.08    
-0.2325 0.04    
-0.2325 0.0266667    
-0.225 0.02    
-0.1925 0.00666667    
-0.1675 0.00666667    
-0.105 0.00333333    
-0.07 0.00333333    
-0.0325 0.00333333    
0.04 0    
0.0725 -0.00666667    
0.1225 -0.0133333    
0.1425 -0.02    
0.155 -0.0233333    
0.1625 -0.0266667    
0.1675 -0.0266667    
0.1675 -0.0266667    
0.1725 -0.0333333    
