55
-0.365 0.426667    
-0.3775 0.46    
-0.3825 0.496667    
-0.3775 0.503333    
-0.335 0.503333    
-0.3 0.496667    
-0.195 0.476667    
-0.12 0.466667    
-0.04 0.463333    
0.0375 0.456667    
0.18 0.453333    
0.2225 0.45    
0.25 0.446667    
0.27 0.436667    
0.265 0.423333    
0.215 0.363333    
0.215 0.363333    
0.215 0.363333    
0.065 0.226667    
-0.015 0.163333    
-0.165 0.0533333    
-0.195 0.0366667    
-0.2175 0.0233333    
-0.23 0.0133333    
-0.2375 -0.00333333    
-0.235 -0.0133333    
-0.2125 -0.0366667    
-0.1575 -0.05    
-0.1575 -0.05    
-0.0875 -0.0533333    
-0.03 -0.05    
-0.025 -0.05    
0.0025 -0.0466667    
0.0075 -0.04    
0.0025 -0.0266667    
-0.0375 0.0266667    
-0.065 0.06    
-0.1275 0.14    
-0.15 0.183333    
-0.1875 0.283333    
-0.1975 0.326667    
-0.2025 0.366667    
-0.21 0.416667    
-0.2125 0.44    
-0.2175 0.46    
-0.22 0.46    
-0.2275 0.446667    
-0.235 0.42    
-0.26 0.303333    
-0.2775 0.223333    
-0.32 -0.00666667    
-0.3425 -0.146667    
-0.365 -0.303333    
-0.395 -0.633333    
-0.4 -0.783333    
