61
-0.22 0.416667    
-0.2125 0.43    
-0.1925 0.45    
-0.1625 0.466667    
-0.1525 0.47    
-0.1325 0.476667    
-0.1175 0.473333    
-0.0975 0.466667    
-0.08 0.463333    
-0.05 0.463333    
-0.0025 0.466667    
0.0175 0.47    
0.055 0.48    
0.0775 0.483333    
0.0975 0.49    
0.105 0.493333    
0.1 0.493333    
0.08 0.5    
0.06 0.503333    
0.035 0.51    
0.0075 0.513333    
-0.04 0.516667    
-0.065 0.52    
-0.105 0.516667    
-0.125 0.513333    
-0.1425 0.503333    
-0.1625 0.486667    
-0.18 0.463333    
-0.205 0.39    
-0.2125 0.356667    
-0.2175 0.296667    
-0.2225 0.21    
-0.2225 0.12    
-0.2225 0.0533333    
-0.2225 0.01    
-0.225 -0.0633333    
-0.2325 -0.156667    
-0.24 -0.233333    
-0.2475 -0.296667    
-0.2475 -0.303333    
-0.2425 -0.293333    
-0.2425 -0.273333    
-0.2375 -0.193333    
-0.235 -0.153333    
-0.2325 -0.0633333    
-0.2275 0    
-0.2175 0.09    
-0.2125 0.133333    
-0.2025 0.166667    
-0.1775 0.206667    
-0.1475 0.223333    
-0.1175 0.226667    
-0.0725 0.223333    
-0.05 0.216667    
0.01 0.193333    
0.0575 0.163333    
0.09 0.14    
0.115 0.116667    
0.145 0.08    
0.155 0.0666667    
0.16 0.0566667    
