86
-0.245 0.693333    
-0.2775 0.673333    
-0.3075 0.64    
-0.32 0.616667    
-0.3175 0.59    
-0.31 0.583333    
-0.2625 0.573333    
-0.21 0.573333    
-0.1225 0.586667    
-0.005 0.6    
0.0375 0.606667    
0.14 0.613333    
0.1975 0.616667    
0.2425 0.62    
0.2875 0.62    
0.3075 0.623333    
0.32 0.633333    
0.3075 0.64    
0.27 0.653333    
0.2075 0.656667    
0.1525 0.656667    
0.085 0.663333    
0.0125 0.683333    
-0.01 0.69    
-0.05 0.703333    
-0.075 0.703333    
-0.0975 0.693333    
-0.1125 0.676667    
-0.1175 0.653333    
-0.115 0.596667    
-0.115 0.503333    
-0.115 0.37    
-0.1175 0.283333    
-0.1225 0.0933333    
-0.13 -0.163333    
-0.1325 -0.316667    
-0.1275 -0.493333    
-0.125 -0.57    
-0.1125 -0.723333    
-0.105 -0.81    
-0.105 -0.81    
-0.1 -0.863333    
-0.095 -0.89    
-0.0925 -0.903333    
-0.0925 -0.886667    
-0.1 -0.843333    
-0.1125 -0.743333    
-0.13 -0.606667    
-0.14 -0.5    
-0.1525 -0.376667    
-0.16 -0.31    
-0.1675 -0.233333    
-0.1725 -0.2    
-0.175 -0.166667    
-0.1775 -0.146667    
-0.1775 -0.11    
-0.1775 -0.0633333    
-0.175 -0.03    
-0.175 -0.0166667    
-0.17 0.01    
-0.1675 0.02    
-0.16 0.0233333    
-0.145 0.0266667    
-0.11 0.0333333    
-0.035 0.0333333    
0 0.0366667    
0.0775 0.0466667    
0.1325 0.05    
0.2 0.0533333    
0.2425 0.0533333    
0.2875 0.0466667    
0.32 0.0366667    
0.3275 0.0333333    
0.34 0.03    
0.3425 0.0266667    
0.3475 0.0266667    
0.3475 0.0233333    
0.3475 0.0166667    
0.3475 0.01    
0.3475 0.00666667    
0.3475 -0.00333333    
0.35 -0.0166667    
0.35 -0.02    
0.3525 -0.0266667    
0.3525 -0.03    
0.355 -0.0333333    
