50
-0.095 0.346667    
-0.0525 0.35    
0.03 0.356667    
0.125 0.363333    
0.2 0.36    
0.2825 0.363333    
0.3425 0.366667    
0.375 0.366667    
0.39 0.366667    
0.38 0.356667    
0.355 0.333333    
0.3025 0.31    
0.2525 0.3    
0.205 0.29    
0.145 0.303333    
0.0925 0.323333    
0.065 0.323333    
0.04 0.303333    
0.0325 0.27    
0.0325 0.183333    
0.0375 0.0866667    
0.045 -0.15    
0.045 -0.3    
0.0425 -0.393333    
0.04 -0.566667    
0.035 -0.65    
0.0275 -0.716667    
0.0275 -0.74    
0.0275 -0.743333    
0.0275 -0.713333    
0.025 -0.656667    
0.0175 -0.6    
0 -0.493333    
-0.02 -0.376667    
-0.0325 -0.283333    
-0.04 -0.196667    
-0.0175 -0.0866667    
0.015 -0.0366667    
0.065 0    
0.1575 0.03    
0.235 0.0366667    
0.3575 0.0266667    
0.4375 0.01    
0.48 0    
0.5175 -0.00666667    
0.535 -0.00333333    
0.54 0.00333333    
0.5325 0.01    
0.52 0.0133333    
0.4975 0.02    
