122
-0.31 0.383333    
-0.3025 0.4    
-0.2825 0.406667    
-0.2375 0.413333    
-0.1725 0.413333    
-0.12 0.413333    
-0.035 0.416667    
0.005 0.42    
0.0425 0.426667    
0.0725 0.433333    
0.1025 0.44    
0.125 0.443333    
0.14 0.45    
0.1575 0.453333    
0.16 0.456667    
0.1525 0.456667    
0.14 0.456667    
0.1025 0.45    
0.0725 0.45    
0.045 0.446667    
0 0.44    
-0.03 0.43    
-0.05 0.42    
-0.0725 0.41    
-0.085 0.4    
-0.0975 0.396667    
-0.115 0.39    
-0.125 0.39    
-0.1375 0.39    
-0.145 0.39    
-0.1575 0.39    
-0.175 0.39    
-0.1825 0.39    
-0.19 0.39    
-0.2025 0.386667    
-0.2175 0.386667    
-0.23 0.386667    
-0.2475 0.383333    
-0.2575 0.383333    
-0.2625 0.383333    
-0.2675 0.38    
-0.2725 0.376667    
-0.2725 0.37    
-0.2675 0.36    
-0.2575 0.343333    
-0.2475 0.313333    
-0.2325 0.25    
-0.2325 0.126667    
-0.2575 -0.00333333    
-0.285 -0.103333    
-0.3025 -0.17    
-0.3575 -0.333333    
-0.3725 -0.39    
-0.385 -0.426667    
-0.395 -0.456667    
-0.4 -0.476667    
-0.4025 -0.496667    
-0.4025 -0.496667    
-0.4 -0.5    
-0.3975 -0.496667    
-0.395 -0.496667    
-0.3975 -0.5    
-0.3975 -0.496667    
-0.3975 -0.49    
-0.3975 -0.476667    
-0.3925 -0.433333    
-0.3825 -0.386667    
-0.375 -0.363333    
-0.3625 -0.323333    
-0.345 -0.283333    
-0.3225 -0.233333    
-0.305 -0.193333    
-0.2875 -0.153333    
-0.2725 -0.113333    
-0.265 -0.0933333    
-0.2525 -0.0633333    
-0.2375 -0.0366667    
-0.2325 -0.0266667    
-0.225 -0.0166667    
-0.22 -0.01    
-0.215 -0.00666667    
-0.205 0    
-0.1975 0.00333333    
-0.1875 -0.00333333    
-0.1825 -0.0166667    
-0.1825 -0.0366667    
-0.1825 -0.06    
-0.185 -0.09    
-0.18 -0.1    
-0.175 -0.1    
-0.1625 -0.1    
-0.1475 -0.1    
-0.12 -0.1    
-0.085 -0.1    
-0.0575 -0.1    
-0.03 -0.103333    
0.0075 -0.106667    
0.0375 -0.11    
0.0625 -0.11    
0.08 -0.11    
0.1 -0.113333    
0.13 -0.116667    
0.1475 -0.12    
0.16 -0.123333    
0.165 -0.126667    
0.17 -0.133333    
0.175 -0.14    
0.175 -0.146667    
0.1725 -0.153333    
0.17 -0.156667    
0.165 -0.16    
0.16 -0.16    
0.1575 -0.16    
0.1575 -0.156667    
0.1575 -0.156667    
0.155 -0.156667    
0.155 -0.16    
0.155 -0.166667    
0.155 -0.173333    
0.155 -0.18    
0.16 -0.183333    
0.165 -0.19    
