67
-0.36 0.44    
-0.35 0.443333    
-0.34 0.446667    
-0.3225 0.446667    
-0.2875 0.453333    
-0.24 0.46    
-0.17 0.463333    
-0.1125 0.46    
-0.0525 0.46    
0.025 0.46    
0.09 0.466667    
0.1275 0.473333    
0.1625 0.48    
0.18 0.483333    
0.1875 0.483333    
0.1825 0.483333    
0.1625 0.476667    
0.125 0.466667    
0.0725 0.46    
0.03 0.456667    
-0.0225 0.46    
-0.06 0.463333    
-0.1075 0.466667    
-0.165 0.466667    
-0.1875 0.47    
-0.23 0.47    
-0.2575 0.47    
-0.2825 0.473333    
-0.3 0.476667    
-0.305 0.48    
-0.305 0.48    
-0.3 0.476667    
-0.2825 0.466667    
-0.26 0.443333    
-0.24 0.413333    
-0.22 0.373333    
-0.1975 0.303333    
-0.18 0.21    
-0.17 0.0933333    
-0.1625 0    
-0.1625 -0.14    
-0.1675 -0.24    
-0.1775 -0.353333    
-0.19 -0.436667    
-0.2 -0.47    
-0.205 -0.483333    
-0.2125 -0.47    
-0.2225 -0.413333    
-0.23 -0.36    
-0.235 -0.3    
-0.235 -0.26    
-0.23 -0.173333    
-0.22 -0.113333    
-0.205 -0.0633333    
-0.1775 0    
-0.1475 0.0433333    
-0.12 0.0733333    
-0.0775 0.106667    
-0.0125 0.136667    
0.015 0.143333    
0.07 0.15    
0.1075 0.15    
0.1425 0.146667    
0.1675 0.136667    
0.1775 0.126667    
0.1825 0.106667    
0.1825 0.1    
