70
-0.205 0.36    
-0.2125 0.356667    
-0.215 0.353333    
-0.22 0.35    
-0.2225 0.346667    
-0.225 0.346667    
-0.2275 0.343333    
-0.2325 0.34    
-0.2325 0.336667    
-0.2275 0.33    
-0.2175 0.323333    
-0.1925 0.32    
-0.14 0.316667    
-0.0875 0.32    
-0.0125 0.333333    
0.06 0.346667    
0.12 0.36    
0.1525 0.363333    
0.1875 0.37    
0.195 0.37    
0.1925 0.366667    
0.18 0.366667    
0.15 0.36    
0.105 0.35    
0.05 0.336667    
0.035 0.333333    
-0.0075 0.313333    
-0.07 0.273333    
-0.0975 0.243333    
-0.1175 0.213333    
-0.1325 0.156667    
-0.14 0.0966667    
-0.1475 0    
-0.1525 -0.13    
-0.1575 -0.276667    
-0.1625 -0.383333    
-0.17 -0.496667    
-0.18 -0.583333    
-0.1925 -0.646667    
-0.21 -0.673333    
-0.2225 -0.68    
-0.2375 -0.67    
-0.245 -0.65    
-0.2525 -0.61    
-0.255 -0.57    
-0.25 -0.503333    
-0.245 -0.433333    
-0.24 -0.38    
-0.23 -0.306667    
-0.2225 -0.26    
-0.21 -0.203333    
-0.1975 -0.163333    
-0.185 -0.136667    
-0.17 -0.113333    
-0.1475 -0.0966667    
-0.125 -0.0866667    
-0.0875 -0.07    
-0.045 -0.06    
0.035 -0.04    
0.0825 -0.0266667    
0.1 -0.0233333    
0.16 -0.01    
0.195 0    
0.225 0.01    
0.24 0.0133333    
0.2475 0.02    
0.25 0.0266667    
0.25 0.03    
0.2475 0.0333333    
0.2475 0.0366667    
