43
0 0.48    
0.0025 0.48    
0.0025 0.483333    
0.0025 0.483333    
-0.0025 0.48    
-0.0225 0.466667    
-0.04 0.46    
-0.09 0.43    
-0.1225 0.406667    
-0.155 0.376667    
-0.22 0.296667    
-0.25 0.243333    
-0.2775 0.18    
-0.32 0.02    
-0.36 -0.176667    
-0.36 -0.176667    
-0.3775 -0.373333    
-0.3725 -0.456667    
-0.325 -0.596667    
-0.2775 -0.63    
-0.22 -0.636667    
-0.1 -0.586667    
-0.0475 -0.533333    
0.0325 -0.373333    
0.06 -0.28    
0.0825 -0.186667    
0.115 -0.04    
0.1275 0.0133333    
0.1375 0.04    
0.15 0.0166667    
0.155 -0.03    
0.16 -0.0833333    
0.175 -0.196667    
0.1825 -0.26    
0.1975 -0.343333    
0.2025 -0.37    
0.2025 -0.396667    
0.2025 -0.433333    
0.2025 -0.436667    
0.205 -0.436667    
0.21 -0.433333    
0.22 -0.426667    
0.22 -0.426667    
