39
0.0475 0.573333    
0.01 0.58    
-0.0425 0.57    
-0.165 0.503333    
-0.24 0.433333    
-0.3225 0.31    
-0.36 0.203333    
-0.375 0.09    
-0.3625 -0.0133333    
-0.31 -0.13    
-0.2475 -0.206667    
-0.145 -0.276667    
-0.0375 -0.316667    
0.015 -0.32    
0.06 -0.306667    
0.1175 -0.233333    
0.125 -0.11    
0.0975 -0.01    
0.0275 0.11    
-0.0325 0.173333    
-0.0825 0.206667    
-0.125 0.216667    
-0.1325 0.203333    
-0.1125 0.173333    
-0.045 0.11    
0.06 0.0266667    
0.1475 -0.0366667    
0.2275 -0.103333    
0.2925 -0.166667    
0.34 -0.256667    
0.3325 -0.363333    
0.2975 -0.46    
0.2425 -0.56    
0.1425 -0.726667    
0.0975 -0.813333    
0.0675 -0.876667    
0.0525 -0.923333    
0.045 -0.963333    
0.0425 -0.98    
