67
0.4375 -0.04    
0.4275 -0.0266667    
0.425 -0.0266667    
0.4175 -0.02    
0.41 -0.01    
0.4 0    
0.395 0.0133333    
0.39 0.04    
0.385 0.0733333    
0.3775 0.106667    
0.37 0.156667    
0.3625 0.196667    
0.345 0.246667    
0.3225 0.293333    
0.295 0.326667    
0.2475 0.36    
0.185 0.383333    
0.1275 0.39    
0.0675 0.39    
-0.0325 0.366667    
-0.0875 0.336667    
-0.1525 0.28    
-0.1925 0.23    
-0.22 0.173333    
-0.245 0.0933333    
-0.2525 0.00666667    
-0.25 -0.0566667    
-0.235 -0.143333    
-0.2125 -0.206667    
-0.1675 -0.293333    
-0.1075 -0.37    
-0.0575 -0.416667    
0.0125 -0.453333    
0.0775 -0.463333    
0.13 -0.453333    
0.2025 -0.416667    
0.2375 -0.383333    
0.2475 -0.37    
0.2775 -0.303333    
0.2925 -0.25    
0.2975 -0.193333    
0.295 -0.12    
0.2775 -0.0466667    
0.26 -0.0133333    
0.24 0.0133333    
0.2125 0.03    
0.1925 0.04    
0.1725 0.05    
0.1575 0.0466667    
0.155 0.03    
0.16 0    
0.175 -0.04    
0.2125 -0.11    
0.26 -0.196667    
0.315 -0.28    
0.3575 -0.346667    
0.41 -0.43    
0.45 -0.49    
0.485 -0.546667    
0.5225 -0.613333    
0.5625 -0.676667    
0.5775 -0.7    
0.5875 -0.716667    
0.595 -0.723333    
0.5975 -0.723333    
0.595 -0.706667    
0.5875 -0.686667    
