83
-0.005 0.496667    
-0.0025 0.503333    
0.005 0.503333    
0.0125 0.5    
0.0175 0.496667    
0.0125 0.496667    
0 0.503333    
-0.0175 0.516667    
-0.05 0.536667    
-0.09 0.556667    
-0.13 0.576667    
-0.165 0.59    
-0.2125 0.596667    
-0.2575 0.593333    
-0.295 0.583333    
-0.3325 0.553333    
-0.3575 0.516667    
-0.38 0.456667    
-0.3875 0.406667    
-0.385 0.333333    
-0.38 0.246667    
-0.375 0.196667    
-0.3625 0.103333    
-0.35 0.01    
-0.3175 -0.106667    
-0.285 -0.186667    
-0.2175 -0.273333    
-0.175 -0.306667    
-0.1325 -0.333333    
-0.0725 -0.35    
-0.04 -0.34    
-0.0125 -0.32    
0.0075 -0.286667    
0.03 -0.226667    
0.045 -0.16    
0.0525 -0.0966667    
0.055 -0.0533333    
0.0575 -0.01    
0.0575 0.02    
0.055 0.05    
0.0575 0.0733333    
0.0575 0.0866667    
0.06 0.09    
0.065 0.08    
0.0725 0.0666667    
0.0825 0.04    
0.095 -0.00666667    
0.11 -0.0933333    
0.1175 -0.15    
0.1225 -0.206667    
0.1275 -0.26    
0.1325 -0.33    
0.135 -0.36    
0.1375 -0.383333    
0.1375 -0.403333    
0.135 -0.406667    
0.1275 -0.396667    
0.12 -0.383333    
0.1025 -0.353333    
0.0725 -0.296667    
0.035 -0.223333    
0.005 -0.166667    
-0.035 -0.1    
-0.0625 -0.0533333    
-0.0975 0    
-0.1225 0.0333333    
-0.14 0.0566667    
-0.15 0.0666667    
-0.1525 0.07    
-0.1525 0.0733333    
-0.145 0.07    
-0.115 0.0666667    
-0.085 0.0666667    
-0.035 0.0666667    
0.0075 0.0666667    
0.065 0.0733333    
0.1125 0.0766667    
0.175 0.08    
0.2325 0.08    
0.27 0.08    
0.3075 0.08    
0.3275 0.08    
0.34 0.0766667    
