33
-0.045 0.446667    
-0.045 0.47    
-0.0575 0.493333    
-0.0825 0.5    
-0.1475 0.486667    
-0.215 0.446667    
-0.265 0.393333    
-0.355 0.26    
-0.3975 0.133333    
-0.4075 -0.0433333    
-0.3725 -0.156667    
-0.2775 -0.256667    
-0.1575 -0.29    
-0.0675 -0.276667    
0.0275 -0.213333    
0.065 -0.133333    
0.0475 -0.0766667    
-0.01 -0.0166667    
-0.0675 0.0166667    
-0.1375 0.0366667    
-0.1675 0.05    
-0.1625 0.07    
-0.1075 0.0933333    
-0.0125 0.126667    
0.07 0.146667    
0.165 0.163333    
0.22 0.16    
0.25 0.136667    
0.2575 0.04    
0.245 -0.0533333    
0.2275 -0.156667    
0.2075 -0.286667    
0.195 -0.386667    
