122
0.2075 0.516667    
0.2 0.52    
0.2 0.52    
0.1925 0.52    
0.1875 0.526667    
0.185 0.526667    
0.1825 0.53    
0.1775 0.53    
0.17 0.53    
0.1675 0.526667    
0.1625 0.526667    
0.1475 0.53    
0.1375 0.533333    
0.1075 0.543333    
0.085 0.55    
0.0275 0.556667    
-0.01 0.556667    
-0.0475 0.553333    
-0.09 0.546667    
-0.1675 0.52    
-0.2025 0.503333    
-0.265 0.453333    
-0.29 0.423333    
-0.3125 0.386667    
-0.345 0.3    
-0.3625 0.21    
-0.3675 0.186667    
-0.385 0.0733333    
-0.3925 0.02    
-0.4025 -0.0733333    
-0.4025 -0.0733333    
-0.4025 -0.0733333    
-0.385 -0.176667    
-0.37 -0.226667    
-0.325 -0.323333    
-0.295 -0.373333    
-0.235 -0.436667    
-0.205 -0.463333    
-0.17 -0.486667    
-0.1025 -0.503333    
-0.07 -0.503333    
-0.04 -0.5    
-0.01 -0.493333    
0.035 -0.48    
0.0525 -0.476667    
0.08 -0.47    
0.09 -0.466667    
0.0975 -0.46    
0.1025 -0.456667    
0.11 -0.43    
0.1175 -0.386667    
0.1225 -0.36    
0.1275 -0.33    
0.1375 -0.276667    
0.14 -0.253333    
0.1425 -0.23    
0.1475 -0.186667    
0.1475 -0.163333    
0.1475 -0.143333    
0.1475 -0.103333    
0.1475 -0.07    
0.1475 -0.07    
0.1475 -0.0433333    
0.1475 -0.0333333    
0.1475 -0.02    
0.145 -0.0166667    
0.1375 -0.0133333    
0.1325 -0.01    
0.125 -0.01    
0.1075 -0.01    
0.0925 -0.01    
0.08 -0.00666667    
0.045 0.00333333    
0.0275 0.01    
-0.005 0.0233333    
-0.0175 0.03    
-0.0325 0.0366667    
-0.0425 0.0433333    
-0.0575 0.0533333    
-0.065 0.06    
-0.07 0.0666667    
-0.0725 0.0766667    
-0.07 0.08    
-0.055 0.09    
-0.0425 0.0966667    
-0.0275 0.1    
0.01 0.113333    
0.03 0.12    
0.075 0.126667    
0.095 0.126667    
0.1375 0.123333    
0.155 0.12    
0.1725 0.113333    
0.185 0.106667    
0.2075 0.0933333    
0.225 0.0766667    
0.225 0.0766667    
0.24 0.06    
0.245 0.0566667    
0.2525 0.0466667    
0.255 0.0433333    
0.26 0.0433333    
0.2625 0.0433333    
0.265 0.0433333    
0.2675 0.0433333    
0.2675 0.0433333    
0.2725 0.0433333    
0.2725 0.0433333    
0.2775 0.0433333    
0.2825 0.0433333    
0.2875 0.0466667    
0.2925 0.05    
0.3 0.05    
0.3175 0.0633333    
0.325 0.07    
0.34 0.0833333    
0.3475 0.09    
0.3525 0.0966667    
0.3625 0.103333    
0.37 0.106667    
0.375 0.106667    
0.3775 0.106667    
