49
0.295 0.613333    
0.28 0.65    
0.2675 0.666667    
0.2475 0.68    
0.22 0.69    
0.1325 0.686667    
0.0725 0.656667    
0.01 0.596667    
-0.095 0.4    
-0.1225 0.286667    
-0.1125 0.08    
-0.08 0.01    
-0.035 -0.0333333    
0.08 -0.0333333    
0.1325 0.00666667    
0.1725 0.06    
0.21 0.17    
0.21 0.216667    
0.2 0.28    
0.195 0.3    
0.19 0.313333    
0.19 0.313333    
0.2025 0.3    
0.2225 0.28    
0.2875 0.226667    
0.325 0.193333    
0.365 0.153333    
0.4275 0.0633333    
0.46 -0.0433333    
0.4625 -0.09    
0.455 -0.133333    
0.4425 -0.173333    
0.4125 -0.223333    
0.4 -0.236667    
0.3875 -0.25    
0.3725 -0.27    
0.365 -0.28    
0.3575 -0.3    
0.3575 -0.31    
0.3575 -0.323333    
0.3575 -0.326667    
0.3575 -0.33    
0.3575 -0.333333    
0.3575 -0.336667    
0.3575 -0.336667    
0.355 -0.34    
0.3525 -0.34    
0.3525 -0.34    
0.3475 -0.343333    
