71
0.0275 0.893333    
0.0325 0.92    
0.03 0.933333    
0.005 0.933333    
-0.06 0.906667    
-0.1125 0.876667    
-0.175 0.833333    
-0.315 0.71    
-0.385 0.636667    
-0.5 0.466667    
-0.54 0.366667    
-0.5675 0.263333    
-0.58 0.153333    
-0.5675 -0.0566667    
-0.545 -0.16    
-0.5075 -0.27    
-0.4125 -0.47    
-0.35 -0.556667    
-0.205 -0.666667    
-0.1225 -0.693333    
-0.0375 -0.71    
0.1075 -0.7    
0.155 -0.666667    
0.1875 -0.53    
0.175 -0.436667    
0.1425 -0.333333    
0.095 -0.233333    
-0.03 -0.0633333    
-0.0975 0    
-0.2175 0.0866667    
-0.2625 0.11    
-0.295 0.126667    
-0.33 0.143333    
-0.3175 0.15    
-0.29 0.143333    
-0.245 0.14    
-0.185 0.136667    
-0.0325 0.12    
0.0575 0.116667    
0.1475 0.106667    
0.315 0.0766667    
0.385 0.06    
0.435 0.0433333    
0.49 0    
0.4925 -0.0266667    
0.48 -0.0566667    
0.415 -0.136667    
0.3125 -0.253333    
0.2525 -0.333333    
0.195 -0.423333    
0.1375 -0.52    
0.045 -0.753333    
0.0075 -0.866667    
0.0225 -0.976667    
0.015 -0.903333    
0.01 -0.873333    
0.0075 -0.853333    
0.0075 -0.836667    
0.01 -0.816667    
0.015 -0.82    
0.015 -0.836667    
0.0175 -0.86    
0.0175 -0.89    
0.0175 -0.936667    
0.0175 -0.943333    
0.0175 -0.946667    
0.0175 -0.94    
0.015 -0.92    
0.015 -0.906667    
0.015 -0.896667    
0.015 -0.89    
