60
0.305 0.496667    
0.29 0.53    
0.27 0.56    
0.2075 0.62    
0.165 0.643333    
0.11 0.666667    
-0.0325 0.666667    
-0.17 0.573333    
-0.225 0.486667    
-0.26 0.386667    
-0.28 0.276667    
-0.2575 0.0666667    
-0.22 -0.0166667    
-0.11 -0.12    
-0.05 -0.146667    
0.0475 -0.163333    
0.08 -0.156667    
0.1025 -0.133333    
0.1125 -0.0966667    
0.115 -0.0533333    
0.0975 0.0566667    
0.0825 0.11    
0.0475 0.21    
0.0375 0.253333    
0.035 0.316667    
0.05 0.34    
0.0775 0.356667    
0.16 0.383333    
0.2075 0.393333    
0.255 0.4    
0.325 0.41    
0.3675 0.406667    
0.38 0.403333    
0.3875 0.396667    
0.395 0.373333    
0.395 0.356667    
0.3925 0.323333    
0.39 0.28    
0.3825 0.14    
0.3775 0.0466667    
0.3725 -0.153333    
0.37 -0.243333    
0.37 -0.366667    
0.37 -0.403333    
0.37 -0.426667    
0.37 -0.44    
0.3675 -0.45    
0.3625 -0.45    
0.36 -0.45    
0.3575 -0.443333    
0.3525 -0.44    
0.3475 -0.433333    
0.34 -0.426667    
0.335 -0.42    
0.3325 -0.416667    
0.33 -0.413333    
0.33 -0.413333    
0.33 -0.413333    
0.3275 -0.41    
0.3275 -0.406667    
