83
-0.0175 0.516667    
-0.015 0.516667    
-0.015 0.513333    
-0.015 0.513333    
-0.015 0.516667    
-0.015 0.516667    
-0.02 0.516667    
-0.0275 0.516667    
-0.0525 0.516667    
-0.0725 0.516667    
-0.095 0.513333    
-0.12 0.51    
-0.1725 0.503333    
-0.2 0.5    
-0.23 0.493333    
-0.28 0.476667    
-0.305 0.463333    
-0.345 0.42    
-0.36 0.386667    
-0.375 0.346667    
-0.4 0.25    
-0.4125 0.14    
-0.4125 0.0833333    
-0.4125 0.03    
-0.41 -0.0233333    
-0.405 -0.07    
-0.39 -0.163333    
-0.38 -0.206667    
-0.35 -0.29    
-0.3325 -0.323333    
-0.2925 -0.38    
-0.27 -0.4    
-0.245 -0.413333    
-0.22 -0.423333    
-0.165 -0.423333    
-0.1375 -0.416667    
-0.0825 -0.386667    
-0.0575 -0.366667    
-0.0325 -0.346667    
0.0125 -0.306667    
0.0275 -0.293333    
0.05 -0.273333    
0.0575 -0.27    
0.06 -0.27    
0.06 -0.27    
0.0575 -0.266667    
0.0475 -0.26    
0.035 -0.25    
0.015 -0.236667    
-0.01 -0.216667    
-0.07 -0.16    
-0.1375 -0.0933333    
-0.17 -0.0633333    
-0.1975 -0.04    
-0.22 -0.0166667    
-0.2475 0.01    
-0.255 0.02    
-0.2525 0.03    
-0.2425 0.03    
-0.225 0.03    
-0.2 0.0266667    
-0.1275 0.0166667    
-0.0875 0.0133333    
-0.01 0.00666667    
0.02 0.01    
0.0675 0.0166667    
0.0825 0.02    
0.095 0.0233333    
0.105 0.0233333    
0.1075 0.0166667    
0.1075 0.01    
0.1075 -0.02    
0.105 -0.0466667    
0.1025 -0.0833333    
0.105 -0.183333    
0.1075 -0.303333    
0.1075 -0.303333    
0.1125 -0.42    
0.115 -0.473333    
0.115 -0.57    
0.115 -0.613333    
0.115 -0.646667    
0.115 -0.69    
