72
-0.205 0.376667    
-0.2125 0.373333    
-0.2275 0.366667    
-0.24 0.36    
-0.2675 0.34    
-0.3 0.316667    
-0.3225 0.296667    
-0.38 0.243333    
-0.44 0.17    
-0.47 0.113333    
-0.51 0.0266667    
-0.5375 -0.0733333    
-0.5475 -0.246667    
-0.535 -0.34    
-0.5075 -0.42    
-0.4625 -0.506667    
-0.42 -0.553333    
-0.3575 -0.593333    
-0.2775 -0.603333    
-0.23 -0.593333    
-0.19 -0.566667    
-0.145 -0.496667    
-0.1275 -0.436667    
-0.1175 -0.34    
-0.115 -0.263333    
-0.12 -0.166667    
-0.1225 -0.1    
-0.13 -0.0366667    
-0.145 0.05    
-0.1525 0.0933333    
-0.1625 0.133333    
-0.1675 0.146667    
-0.1775 0.156667    
-0.18 0.136667    
-0.1775 0.113333    
-0.17 0.0533333    
-0.16 -0.0133333    
-0.1375 -0.143333    
-0.125 -0.23    
-0.1125 -0.313333    
-0.1 -0.42    
-0.0925 -0.503333    
-0.0925 -0.556667    
-0.095 -0.603333    
-0.095 -0.613333    
-0.1025 -0.636667    
-0.115 -0.636667    
-0.125 -0.613333    
-0.14 -0.573333    
-0.1575 -0.516667    
-0.185 -0.423333    
-0.2275 -0.296667    
-0.245 -0.246667    
-0.28 -0.153333    
-0.3125 -0.07    
-0.3325 -0.01    
-0.3475 0.04    
-0.365 0.11    
-0.3725 0.146667    
-0.375 0.163333    
-0.3675 0.183333    
-0.3525 0.193333    
-0.315 0.206667    
-0.2625 0.216667    
-0.2 0.22    
-0.14 0.22    
-0.115 0.22    
-0.075 0.22    
-0.0375 0.223333    
-0.0275 0.223333    
-0.015 0.226667    
-0.0075 0.226667    
