93
0.1225 0.8    
0.0725 0.803333    
0.0225 0.796667    
-0.045 0.776667    
-0.115 0.736667    
-0.1675 0.706667    
-0.2325 0.656667    
-0.3 0.58    
-0.32 0.54    
-0.34 0.463333    
-0.35 0.33    
-0.3475 0.163333    
-0.33 0.02    
-0.295 -0.156667    
-0.2575 -0.28    
-0.2 -0.406667    
-0.15 -0.47    
-0.05 -0.543333    
-0.0225 -0.553333    
0.01 -0.55    
0.0575 -0.533333    
0.1 -0.5    
0.1625 -0.426667    
0.1875 -0.393333    
0.2375 -0.303333    
0.25 -0.273333    
0.27 -0.216667    
0.285 -0.17    
0.3 -0.11    
0.3075 -0.0633333    
0.3175 0.0133333    
0.3225 0.0733333    
0.325 0.0966667    
0.325 0.14    
0.325 0.16    
0.32 0.176667    
0.315 0.173333    
0.31 0.166667    
0.2975 0.153333    
0.275 0.14    
0.2525 0.13    
0.2125 0.113333    
0.1775 0.1    
0.1325 0.0766667    
0.105 0.0633333    
0.08 0.0433333    
0.0725 0.0366667    
0.07 0.0333333    
0.075 0.0366667    
0.1025 0.0466667    
0.1175 0.0566667    
0.1575 0.0733333    
0.19 0.09    
0.2325 0.11    
0.26 0.12    
0.2825 0.126667    
0.3125 0.13    
0.3325 0.13    
0.3575 0.13    
0.3725 0.133333    
0.385 0.133333    
0.395 0.136667    
0.4075 0.136667    
0.4125 0.133333    
0.415 0.126667    
0.42 0.103333    
0.4275 0.0266667    
0.4325 -0.0166667    
0.44 -0.12    
0.4425 -0.196667    
0.4425 -0.29    
0.4375 -0.37    
0.435 -0.416667    
0.4325 -0.463333    
0.43 -0.54    
0.43 -0.58    
0.4325 -0.623333    
0.4325 -0.65    
0.435 -0.666667    
0.44 -0.676667    
0.445 -0.68    
0.45 -0.68    
0.455 -0.68    
0.4575 -0.68    
0.46 -0.676667    
0.4625 -0.676667    
0.465 -0.676667    
0.4725 -0.673333    
0.4775 -0.67    
0.4825 -0.666667    
0.485 -0.663333    
0.485 -0.656667    
0.485 -0.653333    
