58
-0.115 0.573333    
-0.0775 0.61    
-0.045 0.643333    
-0.0075 0.673333    
-0.0075 0.67    
-0.0225 0.66    
-0.085 0.596667    
-0.1325 0.543333    
-0.1875 0.473333    
-0.305 0.276667    
-0.3975 0.04    
-0.42 -0.0766667    
-0.4225 -0.186667    
-0.4225 -0.186667    
-0.3875 -0.306667    
-0.28 -0.513333    
-0.2125 -0.593333    
-0.1375 -0.66    
-0.0225 -0.703333    
0.0325 -0.713333    
0.085 -0.703333    
0.1325 -0.68    
0.1975 -0.6    
0.2175 -0.546667    
0.23 -0.496667    
0.2275 -0.393333    
0.22 -0.34    
0.1825 -0.236667    
0.1575 -0.19    
0.09 -0.116667    
0.0525 -0.09    
0.0125 -0.0733333    
-0.03 -0.0633333    
-0.1125 -0.0633333    
-0.1775 -0.08    
-0.1975 -0.0933333    
-0.215 -0.106667    
-0.225 -0.12    
-0.2325 -0.14    
-0.2225 -0.156667    
-0.2225 -0.156667    
-0.1825 -0.17    
-0.15 -0.173333    
-0.0625 -0.173333    
-0.015 -0.17    
0.0375 -0.163333    
0.135 -0.146667    
0.1825 -0.14    
0.265 -0.126667    
0.2975 -0.123333    
0.355 -0.12    
0.355 -0.12    
0.395 -0.123333    
0.4225 -0.13    
0.43 -0.133333    
0.4375 -0.136667    
0.4425 -0.14    
0.45 -0.146667    
