63
0.27 0.543333    
0.2675 0.55    
0.2575 0.566667    
0.24 0.57    
0.205 0.566667    
0.15 0.556667    
0.0875 0.546667    
0.0225 0.546667    
-0.0325 0.533333    
-0.105 0.503333    
-0.1725 0.456667    
-0.2175 0.41    
-0.275 0.343333    
-0.325 0.28    
-0.3625 0.216667    
-0.3775 0.18    
-0.3925 0.0966667    
-0.3975 0.00666667    
-0.38 -0.1    
-0.345 -0.2    
-0.305 -0.27    
-0.2375 -0.353333    
-0.1875 -0.4    
-0.1375 -0.433333    
-0.055 -0.463333    
-0.01 -0.453333    
0.045 -0.433333    
0.0775 -0.41    
0.1075 -0.356667    
0.125 -0.303333    
0.13 -0.26    
0.1275 -0.21    
0.1175 -0.146667    
0.095 -0.0866667    
0.0725 -0.0433333    
0.0425 0.01    
0.0375 0.02    
0.01 0.06    
-0.0075 0.08    
-0.02 0.103333    
-0.01 0.116667    
0.0225 0.123333    
0.0925 0.113333    
0.16 0.0966667    
0.2525 0.0766667    
0.3275 0.06    
0.3675 0.0533333    
0.405 0.0533333    
0.42 0.05    
0.4175 0.0166667    
0.4025 -0.01    
0.38 -0.0366667    
0.3425 -0.0733333    
0.3175 -0.12    
0.29 -0.203333    
0.2725 -0.31    
0.27 -0.43    
0.275 -0.513333    
0.2825 -0.59    
0.295 -0.69    
0.3 -0.736667    
0.305 -0.773333    
0.305 -0.783333    
