83
-0.0875 0.516667    
-0.08 0.51    
-0.0775 0.5    
-0.08 0.49    
-0.085 0.48    
-0.095 0.47    
-0.1225 0.466667    
-0.145 0.463333    
-0.19 0.453333    
-0.2475 0.436667    
-0.28 0.41    
-0.305 0.366667    
-0.33 0.323333    
-0.375 0.233333    
-0.4125 0.15    
-0.4325 0.113333    
-0.47 0.0266667    
-0.5225 -0.0966667    
-0.5375 -0.146667    
-0.5575 -0.233333    
-0.565 -0.296667    
-0.555 -0.356667    
-0.5325 -0.403333    
-0.505 -0.426667    
-0.4675 -0.44    
-0.4075 -0.446667    
-0.3475 -0.436667    
-0.3075 -0.413333    
-0.2625 -0.36    
-0.23 -0.3    
-0.2075 -0.253333    
-0.175 -0.193333    
-0.155 -0.163333    
-0.1175 -0.08    
-0.0875 -0.0133333    
-0.07 0.03    
-0.0575 0.0533333    
-0.04 0.0933333    
-0.03 0.12    
-0.03 0.126667    
-0.0275 0.143333    
-0.0275 0.153333    
-0.0275 0.156667    
-0.0275 0.16    
-0.0275 0.143333    
-0.0325 0.123333    
-0.035 0.0966667    
-0.0425 0.0666667    
-0.0475 0.0233333    
-0.0525 -0.0233333    
-0.0525 -0.0466667    
-0.0525 -0.0866667    
-0.0525 -0.12    
-0.0525 -0.16    
-0.0475 -0.213333    
-0.0425 -0.25    
-0.03 -0.303333    
-0.0225 -0.326667    
-0.0025 -0.38    
0.015 -0.406667    
0.025 -0.416667    
0.0425 -0.436667    
0.055 -0.45    
0.07 -0.466667    
0.0775 -0.476667    
0.085 -0.48    
0.0875 -0.483333    
0.095 -0.493333    
0.0975 -0.503333    
0.1 -0.513333    
0.105 -0.523333    
0.105 -0.526667    
0.105 -0.526667    
0.1025 -0.52    
0.1 -0.513333    
0.0975 -0.503333    
0.095 -0.486667    
0.095 -0.483333    
0.1 -0.47    
0.105 -0.46    
0.105 -0.463333    
0.1075 -0.463333    
0.11 -0.466667    
