63
-0.1025 0.453333    
-0.095 0.453333    
-0.0875 0.456667    
-0.0875 0.46    
-0.095 0.466667    
-0.1175 0.48    
-0.145 0.483333    
-0.19 0.483333    
-0.24 0.463333    
-0.2525 0.456667    
-0.305 0.41    
-0.3575 0.33    
-0.375 0.293333    
-0.395 0.23    
-0.4175 0.126667    
-0.4225 0.0633333    
-0.425 -0.00666667    
-0.4175 -0.0866667    
-0.3925 -0.156667    
-0.35 -0.206667    
-0.31 -0.233333    
-0.2675 -0.25    
-0.2125 -0.263333    
-0.1625 -0.263333    
-0.1325 -0.26    
-0.0925 -0.243333    
-0.0825 -0.236667    
-0.0675 -0.223333    
-0.0625 -0.206667    
-0.065 -0.2    
-0.0775 -0.186667    
-0.095 -0.18    
-0.1125 -0.173333    
-0.13 -0.17    
-0.1575 -0.16    
-0.185 -0.15    
-0.2075 -0.14    
-0.2225 -0.13    
-0.23 -0.123333    
-0.23 -0.113333    
-0.2175 -0.11    
-0.195 -0.11    
-0.145 -0.116667    
-0.1125 -0.116667    
-0.0925 -0.113333    
-0.055 -0.0866667    
-0.025 -0.0533333    
0.005 -0.0166667    
0.0225 0.00333333    
0.025 0    
0.0175 -0.0266667    
0.01 -0.0566667    
-0.0025 -0.1    
-0.015 -0.16    
-0.02 -0.183333    
-0.0275 -0.226667    
-0.03 -0.256667    
-0.0325 -0.29    
-0.03 -0.31    
-0.025 -0.34    
-0.0125 -0.366667    
-0.0075 -0.376667    
0 -0.383333    
