56
0.0675 0.263333    
0.0675 0.273333    
0.07 0.286667    
0.0625 0.296667    
0.045 0.306667    
0.005 0.31    
-0.0625 0.296667    
-0.14 0.266667    
-0.2 0.236667    
-0.2675 0.186667    
-0.3075 0.143333    
-0.34 0.0866667    
-0.3525 0.0266667    
-0.3525 -0.0533333    
-0.3325 -0.14    
-0.3075 -0.203333    
-0.2725 -0.26    
-0.215 -0.313333    
-0.15 -0.333333    
-0.1025 -0.333333    
-0.0475 -0.313333    
-0.0025 -0.283333    
0.02 -0.256667    
0.0425 -0.21    
0.0475 -0.183333    
0.045 -0.16    
0.0325 -0.126667    
0.0125 -0.106667    
-0.0075 -0.0933333    
-0.0475 -0.0833333    
-0.0775 -0.0833333    
-0.1075 -0.09    
-0.115 -0.0966667    
-0.0975 -0.1    
-0.07 -0.0966667    
-0.035 -0.09    
0.02 -0.0733333    
0.0775 -0.0566667    
0.1125 -0.0433333    
0.14 -0.0333333    
0.17 -0.0233333    
0.1775 -0.0233333    
0.18 -0.0366667    
0.1775 -0.0566667    
0.1725 -0.106667    
0.165 -0.18    
0.165 -0.243333    
0.165 -0.306667    
0.1725 -0.383333    
0.18 -0.446667    
0.1875 -0.486667    
0.1975 -0.526667    
0.2 -0.55    
0.2025 -0.566667    
0.2 -0.573333    
0.1975 -0.573333    
