62
-0.495 0.0466667    
-0.5025 0.08    
-0.5025 0.106667    
-0.5025 0.116667    
-0.5 0.126667    
-0.5 0.136667    
-0.4975 0.15    
-0.495 0.16    
-0.495 0.166667    
-0.4925 0.166667    
-0.495 0.153333    
-0.4975 0.13    
-0.5 0.06    
-0.4975 -0.05    
-0.49 -0.106667    
-0.48 -0.156667    
-0.4625 -0.243333    
-0.4525 -0.276667    
-0.4475 -0.296667    
-0.4425 -0.31    
-0.44 -0.323333    
-0.44 -0.323333    
-0.4425 -0.32    
-0.4475 -0.306667    
-0.4525 -0.29    
-0.455 -0.276667    
-0.46 -0.263333    
-0.4625 -0.243333    
-0.465 -0.18    
-0.465 -0.143333    
-0.465 -0.103333    
-0.465 -0.0233333    
-0.4575 0.0366667    
-0.45 0.06    
-0.4425 0.08    
-0.425 0.103333    
-0.3625 0.13    
-0.31 0.146667    
-0.2525 0.16    
-0.2525 0.16    
-0.1975 0.173333    
-0.105 0.2    
-0.0725 0.223333    
-0.0525 0.253333    
-0.0575 0.323333    
-0.0675 0.393333    
-0.0675 0.393333    
-0.07 0.426667    
-0.06 0.326667    
-0.0525 0.233333    
-0.0475 0.113333    
-0.0475 -0.0266667    
-0.0475 -0.316667    
-0.05 -0.433333    
-0.0525 -0.523333    
-0.0575 -0.633333    
-0.055 -0.65    
-0.055 -0.633333    
-0.0625 -0.613333    
-0.08 -0.566667    
-0.0875 -0.543333    
-0.0925 -0.523333    
