41
-0.2975 0.43    
-0.31 0.413333    
-0.3175 0.356667    
-0.3225 0.243333    
-0.3225 0.05    
-0.315 -0.106667    
-0.305 -0.246667    
-0.2925 -0.333333    
-0.2825 -0.3    
-0.2775 -0.223333    
-0.27 -0.123333    
-0.2625 0.03    
-0.2525 0.126667    
-0.2375 0.226667    
-0.22 0.273333    
-0.2125 0.286667    
-0.15 0.313333    
-0.0575 0.31    
0.025 0.296667    
0.1375 0.28    
0.2025 0.28    
0.25 0.303333    
0.28 0.376667    
0.2725 0.473333    
0.2525 0.556667    
0.2225 0.633333    
0.1775 0.703333    
0.14 0.743333    
0.12 0.743333    
0.1 0.666667    
0.1 0.6    
0.1125 0.416667    
0.1325 0.226667    
0.165 -0.0433333    
0.195 -0.29    
0.21 -0.45    
0.2175 -0.576667    
0.215 -0.703333    
0.2 -0.79    
0.1825 -0.836667    
0.155 -0.873333    
