64
-0.0375 0.43    
-0.04 0.346667    
-0.04 0.273333    
-0.04 0.153333    
-0.0425 0.0233333    
-0.045 -0.113333    
-0.0475 -0.22    
-0.0475 -0.32    
-0.055 -0.45    
-0.0575 -0.546667    
-0.0625 -0.66    
-0.065 -0.71    
-0.0675 -0.756667    
-0.07 -0.776667    
-0.0725 -0.78    
-0.0775 -0.773333    
-0.085 -0.74    
-0.09 -0.683333    
-0.095 -0.62    
-0.1 -0.52    
-0.1025 -0.436667    
-0.105 -0.32    
-0.1025 -0.213333    
-0.1 -0.14    
-0.0975 -0.0566667    
-0.09 0.01    
-0.0775 0.05    
-0.0525 0.0966667    
-0.0225 0.12    
0.0175 0.136667    
0.105 0.146667    
0.1275 0.146667    
0.2125 0.136667    
0.28 0.126667    
0.3575 0.113333    
0.4025 0.106667    
0.44 0.11    
0.4625 0.126667    
0.4725 0.14    
0.4775 0.176667    
0.47 0.216667    
0.46 0.263333    
0.445 0.336667    
0.43 0.406667    
0.4225 0.456667    
0.415 0.506667    
0.4125 0.53    
0.41 0.546667    
0.41 0.546667    
0.415 0.526667    
0.4225 0.48    
0.435 0.383333    
0.4425 0.25    
0.4475 0.126667    
0.4525 -0.0466667    
0.4525 -0.23    
0.4525 -0.356667    
0.45 -0.506667    
0.445 -0.6    
0.435 -0.713333    
0.43 -0.76    
0.425 -0.796667    
0.42 -0.823333    
0.4125 -0.846667    
