83
-0.0275 0.426667    
-0.04 0.446667    
-0.0525 0.47    
-0.065 0.483333    
-0.0775 0.49    
-0.0825 0.483333    
-0.09 0.46    
-0.095 0.426667    
-0.095 0.383333    
-0.0925 0.32    
-0.09 0.27    
-0.0925 0.196667    
-0.1 0.136667    
-0.12 0.0233333    
-0.13 -0.0533333    
-0.1425 -0.153333    
-0.1475 -0.22    
-0.1525 -0.28    
-0.15 -0.35    
-0.1375 -0.4    
-0.12 -0.426667    
-0.115 -0.43    
-0.095 -0.396667    
-0.0775 -0.343333    
-0.05 -0.25    
-0.025 -0.173333    
0.0175 -0.0766667    
0.065 0.01    
0.1025 0.07    
0.15 0.14    
0.1825 0.196667    
0.2275 0.293333    
0.2525 0.356667    
0.2725 0.42    
0.2975 0.5    
0.315 0.563333    
0.325 0.603333    
0.335 0.64    
0.3375 0.656667    
0.34 0.66    
0.3425 0.643333    
0.3425 0.586667    
0.3425 0.496667    
0.345 0.406667    
0.35 0.283333    
0.3525 0.19    
0.355 0.0666667    
0.3575 -0.0566667    
0.3575 -0.183333    
0.36 -0.27    
0.365 -0.356667    
0.3775 -0.446667    
0.3875 -0.53    
0.3925 -0.596667    
0.39 -0.633333    
0.37 -0.66    
0.3475 -0.646667    
0.3275 -0.623333    
0.295 -0.57    
0.245 -0.47    
0.2075 -0.393333    
0.1525 -0.296667    
0.1 -0.216667    
0.06 -0.17    
0.01 -0.113333    
-0.025 -0.0766667    
-0.0475 -0.0466667    
-0.065 -0.0233333    
-0.0725 0    
-0.07 0.0233333    
-0.0625 0.04    
-0.05 0.0566667    
-0.015 0.07    
0.0125 0.0733333    
0.045 0.0766667    
0.09 0.0733333    
0.125 0.0733333    
0.17 0.0733333    
0.2025 0.07    
0.2425 0.07    
0.275 0.0666667    
0.3 0.06    
0.315 0.0566667    
