30
-0.27 0.506667    
-0.2775 0.473333    
-0.275 0.4    
-0.27 0.29    
-0.265 0.1    
-0.2625 -0.08    
-0.2675 -0.21    
-0.275 -0.253333    
-0.28 -0.236667    
-0.2775 -0.16    
-0.2675 -0.0833333    
-0.2275 0.0233333    
-0.18 0.0933333    
-0.0925 0.17    
0.0025 0.236667    
0.065 0.283333    
0.12 0.36    
0.135 0.416667    
0.13 0.496667    
0.125 0.516667    
0.1075 0.57    
0.1 0.55    
0.105 0.476667    
0.12 0.303333    
0.1375 0.136667    
0.1575 -0.11    
0.1725 -0.283333    
0.1875 -0.476667    
0.195 -0.62    
0.1975 -0.7    
