143
-0.3525 0.57    
-0.3675 0.573333    
-0.375 0.573333    
-0.38 0.573333    
-0.385 0.573333    
-0.3875 0.57    
-0.395 0.566667    
-0.3975 0.563333    
-0.4025 0.556667    
-0.405 0.553333    
-0.4075 0.55    
-0.4075 0.546667    
-0.4125 0.536667    
-0.415 0.526667    
-0.425 0.5    
-0.43 0.48    
-0.4325 0.45    
-0.44 0.356667    
-0.4425 0.296667    
-0.445 0.23    
-0.4525 0.08    
-0.4575 -0.0566667    
-0.4575 -0.0566667    
-0.4575 -0.17    
-0.455 -0.22    
-0.4525 -0.313333    
-0.455 -0.356667    
-0.4575 -0.423333    
-0.46 -0.45    
-0.46 -0.466667    
-0.465 -0.49    
-0.465 -0.5    
-0.465 -0.51    
-0.465 -0.52    
-0.465 -0.52    
-0.4675 -0.52    
-0.4725 -0.51    
-0.475 -0.496667    
-0.4825 -0.45    
-0.4875 -0.423333    
-0.49 -0.393333    
-0.495 -0.363333    
-0.505 -0.3    
-0.5125 -0.243333    
-0.515 -0.213333    
-0.52 -0.186667    
-0.53 -0.126667    
-0.535 -0.0966667    
-0.5375 -0.07    
-0.5475 -0.0266667    
-0.55 -0.00666667    
-0.55 0.0133333    
-0.545 0.0466667    
-0.5275 0.07    
-0.5275 0.07    
-0.5 0.0866667    
-0.485 0.0933333    
-0.47 0.1    
-0.4375 0.113333    
-0.405 0.13    
-0.3925 0.14    
-0.3825 0.146667    
-0.375 0.156667    
-0.365 0.173333    
-0.3575 0.186667    
-0.3575 0.186667    
-0.35 0.196667    
-0.3375 0.206667    
-0.325 0.213333    
-0.3125 0.22    
-0.2925 0.226667    
-0.245 0.243333    
-0.22 0.25    
-0.17 0.263333    
-0.1475 0.27    
-0.13 0.273333    
-0.1075 0.28    
-0.1 0.28    
-0.0925 0.283333    
-0.0925 0.283333    
-0.0925 0.283333    
-0.09 0.283333    
-0.0875 0.283333    
-0.085 0.286667    
-0.08 0.29    
-0.0725 0.296667    
-0.0625 0.303333    
-0.04 0.323333    
-0.0275 0.336667    
-0.0175 0.35    
-0.005 0.393333    
0 0.42    
0.0075 0.473333    
0.01 0.5    
0.0125 0.52    
0.015 0.563333    
0.015 0.583333    
0.015 0.6    
0.015 0.633333    
0.015 0.643333    
0.015 0.653333    
0.015 0.66    
0.015 0.663333    
0.015 0.666667    
0.0175 0.666667    
0.0175 0.666667    
0.0175 0.66    
0.0175 0.653333    
0.0175 0.636667    
0.0175 0.623333    
0.0175 0.606667    
0.015 0.563333    
0.0125 0.516667    
0.0075 0.43    
0.0025 0.383333    
0 0.34    
-0.005 0.296667    
-0.015 0.213333    
-0.02 0.166667    
-0.025 0.0666667    
-0.0275 -0.04    
-0.0275 -0.04    
-0.0225 -0.15    
-0.02 -0.203333    
-0.0075 -0.293333    
-0.0025 -0.333333    
-0.0025 -0.333333    
0.005 -0.37    
0.015 -0.4    
0.025 -0.423333    
0.0375 -0.45    
0.0425 -0.456667    
0.0475 -0.453333    
0.05 -0.446667    
0.0575 -0.423333    
0.0575 -0.423333    
0.065 -0.4    
0.075 -0.37    
0.08 -0.36    
0.0825 -0.353333    
0.0875 -0.346667    
0.09 -0.343333    
0.09 -0.343333    
