43
0.12 0.36    
0.09 0.43    
0.075 0.463333    
0.0625 0.49    
0.0375 0.53    
0.0275 0.536667    
0.01 0.47    
0.01 0.366667    
0.01 0.366667    
0.02 0.203333    
0.0325 0.04    
0.0475 -0.106667    
0.0725 -0.246667    
0.0775 -0.203333    
0.0825 -0.143333    
0.1125 0.0133333    
0.14 0.09    
0.225 0.2    
0.28 0.233333    
0.3925 0.276667    
0.445 0.29    
0.4875 0.3    
0.5225 0.316667    
0.56 0.35    
0.5625 0.4    
0.5575 0.426667    
0.5475 0.45    
0.5325 0.463333    
0.51 0.333333    
0.5225 -0.0466667    
0.5225 -0.0466667    
0.565 -0.54    
0.5875 -0.73    
0.6075 -0.953333    
0.595 -0.99    
0.595 -0.99    
0.595 -0.956667    
0.5925 -0.95    
0.5875 -0.946667    
0.585 -0.94    
0.58 -0.94    
0.575 -0.94    
0.5725 -0.94    
