97
-0.1525 0.23    
-0.1525 0.236667    
-0.1525 0.236667    
-0.155 0.24    
-0.155 0.25    
-0.155 0.253333    
-0.155 0.256667    
-0.155 0.263333    
-0.155 0.266667    
-0.155 0.266667    
-0.1525 0.263333    
-0.15 0.25    
-0.15 0.236667    
-0.15 0.216667    
-0.1475 0.19    
-0.145 0.113333    
-0.145 0.06    
-0.145 0.00666667    
-0.1475 -0.11    
-0.1475 -0.166667    
-0.1475 -0.26    
-0.1425 -0.336667    
-0.14 -0.37    
-0.14 -0.4    
-0.1375 -0.426667    
-0.135 -0.453333    
-0.1325 -0.486667    
-0.13 -0.496667    
-0.13 -0.496667    
-0.125 -0.48    
-0.1225 -0.453333    
-0.1 -0.34    
-0.0825 -0.256667    
-0.0625 -0.18    
-0.02 -0.0333333    
0.0275 0.0866667    
0.05 0.133333    
0.0725 0.176667    
0.115 0.26    
0.13 0.293333    
0.1425 0.323333    
0.15 0.346667    
0.16 0.37    
0.1675 0.376667    
0.1675 0.376667    
0.17 0.34    
0.1725 0.266667    
0.1775 0.226667    
0.185 0.19    
0.1925 0.16    
0.21 0.103333    
0.2225 0.0666667    
0.2375 0.0266667    
0.265 -0.0633333    
0.2775 -0.113333    
0.3 -0.216667    
0.31 -0.266667    
0.325 -0.36    
0.33 -0.403333    
0.34 -0.48    
0.345 -0.516667    
0.3475 -0.55    
0.35 -0.576667    
0.3525 -0.623333    
0.3525 -0.64    
0.35 -0.65    
0.3425 -0.653333    
0.335 -0.646667    
0.3225 -0.633333    
0.2825 -0.573333    
0.255 -0.526667    
0.1925 -0.416667    
0.16 -0.356667    
0.1275 -0.303333    
0.075 -0.21    
0.0525 -0.176667    
0.035 -0.15    
0.0075 -0.113333    
-0.01 -0.0933333    
-0.015 -0.09    
-0.02 -0.0833333    
-0.02 -0.08    
-0.0125 -0.07    
-0.0025 -0.0633333    
0.0325 -0.0566667    
0.0575 -0.05    
0.085 -0.0466667    
0.1125 -0.04    
0.1625 -0.0233333    
0.1825 -0.0166667    
0.205 -0.00333333    
0.2125 0    
0.2175 0.00333333    
0.225 0.00666667    
0.225 0.00666667    
0.225 0.00666667    
0.2275 0.00666667    
