85
-0.0475 0.573333    
-0.045 0.573333    
-0.045 0.576667    
-0.045 0.576667    
-0.0425 0.58    
-0.0425 0.58    
-0.0425 0.58    
-0.0425 0.583333    
-0.0425 0.583333    
-0.0425 0.583333    
-0.0425 0.576667    
-0.0425 0.57    
-0.0425 0.556667    
-0.0475 0.493333    
-0.0525 0.44    
-0.0575 0.373333    
-0.07 0.193333    
-0.0825 -0.0166667    
-0.0825 -0.0166667    
-0.0925 -0.223333    
-0.1 -0.396667    
-0.1025 -0.46    
-0.1025 -0.506667    
-0.1025 -0.536667    
-0.105 -0.553333    
-0.105 -0.54    
-0.1075 -0.506667    
-0.1075 -0.37    
-0.1025 -0.273333    
-0.08 -0.06    
-0.0625 0.04    
-0.0225 0.21    
-0.0025 0.283333    
0.02 0.353333    
0.0675 0.483333    
0.09 0.536667    
0.1125 0.583333    
0.135 0.616667    
0.1725 0.663333    
0.1875 0.676667    
0.215 0.68    
0.23 0.666667    
0.245 0.64    
0.275 0.536667    
0.2925 0.456667    
0.3075 0.36    
0.3275 0.126667    
0.3325 0    
0.3375 -0.123333    
0.3425 -0.343333    
0.345 -0.43    
0.3475 -0.543333    
0.3475 -0.606667    
0.3475 -0.606667    
0.3325 -0.63    
0.3125 -0.63    
0.285 -0.616667    
0.1925 -0.56    
0.0775 -0.476667    
0.0225 -0.43    
-0.0225 -0.39    
-0.0875 -0.32    
-0.105 -0.296667    
-0.1125 -0.276667    
-0.1175 -0.26    
-0.115 -0.233333    
-0.0975 -0.216667    
-0.08 -0.21    
-0.0575 -0.206667    
-0.0325 -0.203333    
0.0325 -0.203333    
0.07 -0.2    
0.11 -0.193333    
0.19 -0.18    
0.225 -0.173333    
0.28 -0.16    
0.3 -0.153333    
0.3175 -0.146667    
0.3375 -0.136667    
0.345 -0.13    
0.3475 -0.126667    
0.3475 -0.123333    
0.35 -0.12    
0.3475 -0.12    
0.3475 -0.116667    
