66
-0.3125 0.23    
-0.3125 0.243333    
-0.31 0.256667    
-0.31 0.253333    
-0.3125 0.24    
-0.3225 0.18    
-0.3325 0.116667    
-0.3475 0.02    
-0.355 -0.07    
-0.36 -0.153333    
-0.36 -0.186667    
-0.36 -0.213333    
-0.36 -0.23    
-0.36 -0.23    
-0.35 -0.196667    
-0.3325 -0.156667    
-0.3025 -0.0733333    
-0.2725 0.00666667    
-0.2375 0.1    
-0.17 0.263333    
-0.1275 0.353333    
-0.07 0.46    
-0.04 0.5    
0.025 0.576667    
0.075 0.59    
0.0975 0.58    
0.1375 0.523333    
0.1625 0.446667    
0.1825 0.243333    
0.1825 0.14    
0.17 -0.0866667    
0.1525 -0.26    
0.1225 -0.47    
0.085 -0.633333    
0.035 -0.763333    
0 -0.803333    
0 -0.803333    
-0.06 -0.79    
-0.1475 -0.7    
-0.2 -0.623333    
-0.265 -0.51    
-0.315 -0.416667    
-0.34 -0.363333    
-0.3575 -0.31    
-0.3525 -0.273333    
-0.3225 -0.25    
-0.2975 -0.24    
-0.2375 -0.223333    
-0.17 -0.223333    
-0.095 -0.233333    
-0.0725 -0.24    
-0.04 -0.253333    
-0.025 -0.263333    
-0.0175 -0.27    
-0.0225 -0.27    
-0.04 -0.266667    
-0.0575 -0.263333    
-0.085 -0.253333    
-0.1075 -0.24    
-0.125 -0.223333    
-0.1275 -0.216667    
-0.13 -0.203333    
-0.1275 -0.193333    
-0.125 -0.18    
-0.1175 -0.166667    
-0.1075 -0.156667    
