88
-0.2025 0.596667    
-0.2075 0.583333    
-0.21 0.566667    
-0.215 0.54    
-0.22 0.51    
-0.2225 0.45    
-0.225 0.39    
-0.2275 0.32    
-0.23 0.15    
-0.2325 0.05    
-0.235 -0.02    
-0.2375 -0.203333    
-0.2425 -0.35    
-0.2425 -0.446667    
-0.24 -0.55    
-0.2375 -0.62    
-0.2375 -0.653333    
-0.24 -0.67    
-0.2425 -0.673333    
-0.2475 -0.666667    
-0.255 -0.613333    
-0.26 -0.58    
-0.27 -0.503333    
-0.275 -0.44    
-0.2825 -0.36    
-0.2875 -0.3    
-0.2925 -0.23    
-0.295 -0.153333    
-0.2975 -0.123333    
-0.295 -0.07    
-0.2925 -0.04    
-0.2875 -0.00333333    
-0.2825 0.02    
-0.275 0.0366667    
-0.26 0.0433333    
-0.245 0.05    
-0.1975 0.0566667    
-0.14 0.0633333    
-0.105 0.0666667    
-0.0275 0.0833333    
0.035 0.09    
0.1325 0.1    
0.1825 0.1    
0.2375 0.09    
0.2975 0.08    
0.3275 0.0866667    
0.345 0.106667    
0.355 0.14    
0.3575 0.206667    
0.35 0.286667    
0.345 0.416667    
0.3425 0.49    
0.34 0.556667    
0.34 0.62    
0.34 0.663333    
0.34 0.703333    
0.3425 0.72    
0.345 0.74    
0.3575 0.736667    
0.3625 0.723333    
0.37 0.69    
0.3825 0.613333    
0.395 0.536667    
0.4025 0.396667    
0.4075 0.22    
0.4075 0.07    
0.3975 -0.14    
0.3875 -0.283333    
0.3725 -0.446667    
0.3575 -0.6    
0.3525 -0.65    
0.345 -0.726667    
0.34 -0.773333    
0.3375 -0.82    
0.335 -0.843333    
0.335 -0.85    
0.335 -0.86    
0.335 -0.863333    
0.3375 -0.863333    
0.3375 -0.863333    
0.335 -0.866667    
0.3325 -0.866667    
0.3275 -0.87    
0.32 -0.88    
0.315 -0.883333    
0.3125 -0.886667    
0.3125 -0.89    
0.3125 -0.89    
