47
0 0.466667    
-0.0025 0.46    
-0.005 0.43    
-0.0175 0.303333    
-0.03 0.186667    
-0.05 0    
-0.0625 -0.16    
-0.0775 -0.31    
-0.0975 -0.47    
-0.1125 -0.58    
-0.12 -0.62    
-0.125 -0.623333    
-0.1225 -0.59    
-0.125 -0.506667    
-0.125 -0.416667    
-0.1225 -0.29    
-0.1175 -0.203333    
-0.0975 -0.1    
-0.055 -0.0266667    
0.0075 0.02    
0.07 0.0433333    
0.12 0.05    
0.1975 0.0533333    
0.2875 0.0566667    
0.3375 0.06    
0.3825 0.08    
0.3875 0.11    
0.385 0.146667    
0.3725 0.203333    
0.37 0.276667    
0.375 0.39    
0.38 0.47    
0.39 0.496667    
0.405 0.456667    
0.4125 0.333333    
0.42 0.21    
0.4225 0    
0.415 -0.166667    
0.4025 -0.39    
0.395 -0.576667    
0.39 -0.673333    
0.39 -0.746667    
0.3925 -0.773333    
0.39 -0.773333    
0.3875 -0.743333    
0.385 -0.713333    
0.38 -0.663333    
