107
-0.2 0.573333    
-0.195 0.56    
-0.1875 0.526667    
-0.18 0.496667    
-0.1775 0.443333    
-0.1725 0.37    
-0.1675 0.3    
-0.165 0.203333    
-0.165 0.136667    
-0.17 0.0533333    
-0.18 0.0133333    
-0.185 -0.05    
-0.1875 -0.06    
-0.1875 -0.1    
-0.1875 -0.143333    
-0.1925 -0.173333    
-0.205 -0.18    
-0.2225 -0.186667    
-0.2325 -0.18    
-0.2475 -0.17    
-0.2525 -0.166667    
-0.2575 -0.146667    
-0.2575 -0.126667    
-0.2525 -0.106667    
-0.24 -0.0633333    
-0.2225 0    
-0.215 0.0266667    
-0.2 0.0766667    
-0.1875 0.11    
-0.1725 0.146667    
-0.16 0.18    
-0.1525 0.203333    
-0.145 0.22    
-0.1375 0.23    
-0.13 0.236667    
-0.1275 0.236667    
-0.12 0.236667    
-0.11 0.233333    
-0.09 0.226667    
-0.06 0.223333    
-0.04 0.223333    
-0.0025 0.233333    
0.0525 0.253333    
0.075 0.26    
0.1125 0.276667    
0.1375 0.286667    
0.165 0.3    
0.17 0.303333    
0.18 0.313333    
0.19 0.326667    
0.195 0.336667    
0.1975 0.353333    
0.1975 0.366667    
0.1975 0.38    
0.1975 0.39    
0.195 0.42    
0.195 0.44    
0.1975 0.463333    
0.2025 0.496667    
0.21 0.52    
0.2175 0.536667    
0.2225 0.55    
0.225 0.563333    
0.225 0.566667    
0.225 0.573333    
0.225 0.573333    
0.225 0.57    
0.23 0.56    
0.2375 0.53    
0.2475 0.5    
0.2525 0.473333    
0.26 0.443333    
0.2675 0.403333    
0.2725 0.323333    
0.2725 0.29    
0.28 0.21    
0.2825 0.143333    
0.2825 0.07    
0.2825 0.0433333    
0.2725 -0.00333333    
0.2625 -0.0433333    
0.2575 -0.0933333    
0.2525 -0.13    
0.2525 -0.163333    
0.2525 -0.206667    
0.25 -0.23    
0.2425 -0.276667    
0.2375 -0.313333    
0.2275 -0.37    
0.22 -0.386667    
0.2125 -0.393333    
0.2025 -0.39    
0.1925 -0.383333    
0.1875 -0.386667    
0.185 -0.393333    
0.1825 -0.41    
0.18 -0.416667    
0.175 -0.42    
0.17 -0.42    
0.165 -0.42    
0.1525 -0.413333    
0.1475 -0.413333    
0.145 -0.413333    
0.145 -0.416667    
0.1425 -0.42    
0.14 -0.423333    
0.1325 -0.42    
