53
-0.2525 0.453333    
-0.255 0.45    
-0.2575 0.443333    
-0.2625 0.413333    
-0.2675 0.386667    
-0.2725 0.346667    
-0.28 0.27    
-0.285 0.203333    
-0.28 0.106667    
-0.275 -0.00333333    
-0.2775 -0.103333    
-0.2775 -0.146667    
-0.2925 -0.24    
-0.3 -0.266667    
-0.3075 -0.276667    
-0.31 -0.26    
-0.31 -0.233333    
-0.31 -0.203333    
-0.3075 -0.16    
-0.3025 -0.11    
-0.3 -0.09    
-0.29 -0.0633333    
-0.28 -0.05    
-0.26 -0.0366667    
-0.2225 -0.03    
-0.2 -0.0333333    
-0.155 -0.0366667    
-0.1175 -0.0466667    
-0.06 -0.0566667    
-0.04 -0.06    
-0.0075 -0.0533333    
0.0225 -0.04    
0.03 -0.0233333    
0.035 -0.00333333    
0.035 0.00666667    
0.035 0.0766667    
0.035 0.116667    
0.035 0.206667    
0.035 0.296667    
0.04 0.373333    
0.0425 0.416667    
0.045 0.45    
0.0475 0.453333    
0.0475 0.423333    
0.0475 0.33    
0.0475 0.21    
0.045 0.0133333    
0.0425 -0.146667    
0.04 -0.35    
0.0375 -0.473333    
0.0375 -0.606667    
0.035 -0.713333    
0.0325 -0.766667    
