57
0.015 0.346667    
0 0.356667    
-0.02 0.356667    
-0.025 0.34    
-0.0275 0.313333    
-0.02 0.253333    
-0.005 0.166667    
0.015 0.0533333    
0.03 -0.05    
0.04 -0.193333    
0.04 -0.293333    
0.0375 -0.406667    
0.0325 -0.453333    
0.0275 -0.503333    
0.02 -0.536667    
0.015 -0.54    
0.01 -0.53    
0 -0.486667    
-0.0125 -0.43    
-0.0225 -0.376667    
-0.035 -0.296667    
-0.0425 -0.223333    
-0.04 -0.17    
-0.0275 -0.11    
-0.005 -0.06    
0.0175 -0.0266667    
0.06 0.00666667    
0.1 0.0233333    
0.18 0.04    
0.235 0.0533333    
0.29 0.0766667    
0.345 0.113333    
0.4 0.173333    
0.44 0.246667    
0.46 0.3    
0.48 0.383333    
0.4875 0.43    
0.4925 0.48    
0.495 0.503333    
0.495 0.516667    
0.495 0.513333    
0.495 0.5    
0.5 0.44    
0.5075 0.386667    
0.5175 0.303333    
0.525 0.223333    
0.5325 0.133333    
0.535 0.0366667    
0.54 -0.0766667    
0.545 -0.23    
0.545 -0.333333    
0.545 -0.446667    
0.545 -0.523333    
0.5425 -0.556667    
0.54 -0.586667    
0.535 -0.6    
0.5325 -0.603333    
