41
-0.275 0.416667    
-0.24 0.473333    
-0.1825 0.503333    
-0.1075 0.54    
-0.02 0.563333    
0.085 0.583333    
0.1425 0.596667    
0.175 0.613333    
0.1725 0.626667    
0.16 0.636667    
0.1075 0.636667    
0.0475 0.596667    
0.0075 0.54    
-0.0225 0.443333    
-0.035 0.276667    
-0.0325 0.136667    
-0.025 -0.0133333    
-0.01 -0.23    
-0.0025 -0.33    
0.0025 -0.393333    
-0.005 -0.41    
-0.0375 -0.386667    
-0.0775 -0.346667    
-0.15 -0.293333    
-0.21 -0.266667    
-0.2875 -0.273333    
-0.3375 -0.293333    
-0.385 -0.34    
-0.395 -0.38    
-0.365 -0.44    
-0.2975 -0.486667    
-0.1925 -0.53    
0.0325 -0.59    
0.1775 -0.603333    
0.3025 -0.6    
0.395 -0.59    
0.4625 -0.563333    
0.4725 -0.54    
0.4175 -0.5    
0.365 -0.473333    
0.3075 -0.446667    
