52
-0.0525 0.613333    
-0.045 0.613333    
-0.0325 0.613333    
-0.0125 0.61    
0.0375 0.606667    
0.075 0.606667    
0.1125 0.603333    
0.1575 0.6    
0.1875 0.593333    
0.2125 0.59    
0.225 0.583333    
0.225 0.583333    
0.2175 0.583333    
0.2025 0.58    
0.1725 0.573333    
0.1525 0.563333    
0.135 0.553333    
0.11 0.533333    
0.085 0.49    
0.07 0.453333    
0.0575 0.406667    
0.0475 0.346667    
0.04 0.24    
0.04 0.11    
0.045 -0.00666667    
0.055 -0.18    
0.0625 -0.316667    
0.07 -0.486667    
0.0725 -0.633333    
0.0675 -0.716667    
0.06 -0.766667    
0.0425 -0.843333    
0.0275 -0.886667    
0 -0.926667    
-0.0125 -0.936667    
-0.0225 -0.936667    
-0.035 -0.926667    
-0.0475 -0.91    
-0.0575 -0.886667    
-0.05 -0.86    
-0.03 -0.84    
0.005 -0.82    
0.075 -0.803333    
0.165 -0.796667    
0.235 -0.793333    
0.33 -0.793333    
0.395 -0.796667    
0.4875 -0.81    
0.53 -0.82    
0.57 -0.833333    
0.59 -0.843333    
0.6025 -0.85    
