73
0.035 0.383333    
0.025 0.393333    
0.02 0.403333    
0.0125 0.416667    
0.0125 0.43    
0.01 0.443333    
0.0125 0.45    
0.015 0.453333    
0.0225 0.45    
0.035 0.443333    
0.05 0.44    
0.0775 0.433333    
0.105 0.423333    
0.1125 0.42    
0.1425 0.41    
0.1625 0.403333    
0.185 0.393333    
0.2 0.39    
0.21 0.39    
0.215 0.386667    
0.215 0.39    
0.21 0.393333    
0.205 0.393333    
0.2 0.393333    
0.19 0.39    
0.18 0.38    
0.175 0.373333    
0.1675 0.353333    
0.1625 0.34    
0.16 0.32    
0.1625 0.283333    
0.165 0.253333    
0.1675 0.206667    
0.17 0.163333    
0.17 0.0966667    
0.17 0.0266667    
0.1675 -0.0266667    
0.17 -0.1    
0.17 -0.153333    
0.1725 -0.223333    
0.17 -0.29    
0.1675 -0.333333    
0.1625 -0.373333    
0.15 -0.41    
0.1275 -0.446667    
0.11 -0.463333    
0.09 -0.473333    
0.0575 -0.49    
0.05 -0.493333    
0.02 -0.503333    
-0.005 -0.513333    
-0.035 -0.526667    
-0.055 -0.533333    
-0.075 -0.54    
-0.085 -0.536667    
-0.09 -0.533333    
-0.085 -0.52    
-0.0725 -0.503333    
-0.0525 -0.493333    
-0.0025 -0.476667    
0.0325 -0.476667    
0.0725 -0.48    
0.125 -0.49    
0.175 -0.5    
0.215 -0.51    
0.25 -0.516667    
0.2925 -0.523333    
0.33 -0.53    
0.355 -0.533333    
0.3825 -0.533333    
0.4 -0.533333    
0.4175 -0.53    
0.4275 -0.526667    
