123
-0.2175 0.586667    
-0.22 0.593333    
-0.2225 0.596667    
-0.225 0.596667    
-0.2275 0.603333    
-0.23 0.606667    
-0.235 0.61    
-0.235 0.613333    
-0.2375 0.616667    
-0.235 0.623333    
-0.2325 0.626667    
-0.23 0.626667    
-0.2075 0.626667    
-0.19 0.623333    
-0.1425 0.623333    
-0.1075 0.613333    
-0.0725 0.613333    
0.0025 0.603333    
0.0375 0.596667    
0.0675 0.59    
0.11 0.593333    
0.125 0.593333    
0.1375 0.596667    
0.1525 0.603333    
0.1575 0.606667    
0.1625 0.62    
0.16 0.626667    
0.155 0.633333    
0.155 0.633333    
0.14 0.643333    
0.1075 0.656667    
0.085 0.666667    
0.065 0.673333    
0.0275 0.686667    
0.01 0.69    
-0.0075 0.69    
-0.035 0.686667    
-0.05 0.683333    
-0.0625 0.68    
-0.0825 0.66    
-0.0975 0.643333    
-0.105 0.636667    
-0.11 0.63    
-0.1175 0.626667    
-0.12 0.623333    
-0.1225 0.623333    
-0.1225 0.62    
-0.12 0.61    
-0.115 0.596667    
-0.115 0.596667    
-0.115 0.57    
-0.1175 0.526667    
-0.1225 0.493333    
-0.1275 0.45    
-0.1475 0.34    
-0.16 0.273333    
-0.175 0.146667    
-0.18 0.0866667    
-0.1825 0.0333333    
-0.1825 -0.0133333    
-0.1775 -0.0966667    
-0.175 -0.133333    
-0.1725 -0.206667    
-0.1725 -0.243333    
-0.1725 -0.28    
-0.175 -0.35    
-0.1775 -0.383333    
-0.1825 -0.416667    
-0.185 -0.476667    
-0.1875 -0.503333    
-0.1875 -0.526667    
-0.19 -0.566667    
-0.195 -0.596667    
-0.195 -0.596667    
-0.2025 -0.623333    
-0.2075 -0.633333    
-0.2175 -0.646667    
-0.22 -0.65    
-0.225 -0.646667    
-0.235 -0.643333    
-0.245 -0.64    
-0.2575 -0.636667    
-0.285 -0.636667    
-0.3 -0.64    
-0.33 -0.65    
-0.345 -0.66    
-0.36 -0.67    
-0.3825 -0.696667    
-0.3925 -0.71    
-0.4075 -0.736667    
-0.41 -0.746667    
-0.4125 -0.76    
-0.4125 -0.776667    
-0.4075 -0.786667    
-0.3975 -0.79    
-0.3625 -0.796667    
-0.34 -0.8    
-0.2825 -0.796667    
-0.2525 -0.793333    
-0.22 -0.79    
-0.19 -0.783333    
-0.13 -0.766667    
-0.1025 -0.756667    
-0.0775 -0.75    
-0.0375 -0.726667    
-0.0225 -0.716667    
0.0025 -0.703333    
0.0125 -0.696667    
0.0225 -0.693333    
0.04 -0.69    
0.065 -0.683333    
0.0775 -0.68    
0.09 -0.676667    
0.115 -0.673333    
0.1275 -0.673333    
0.1375 -0.673333    
0.1475 -0.673333    
0.165 -0.68    
0.17 -0.683333    
0.18 -0.686667    
0.18 -0.686667    
0.1825 -0.683333    
0.185 -0.676667    
