40
-0.185 0.316667    
-0.1975 0.383333    
-0.1975 0.413333    
-0.1675 0.48    
-0.135 0.513333    
-0.09 0.543333    
0.0025 0.59    
0.04 0.596667    
0.0625 0.6    
0.0525 0.54    
0.0225 0.463333    
-0.0575 0.236667    
-0.0925 0.106667    
-0.1175 -0.01    
-0.1325 -0.183333    
-0.13 -0.246667    
-0.1225 -0.296667    
-0.0875 -0.38    
-0.065 -0.41    
-0.04 -0.433333    
0.0125 -0.463333    
0.06 -0.463333    
0.085 -0.456667    
0.11 -0.45    
0.1375 -0.436667    
0.2025 -0.403333    
0.24 -0.386667    
0.2825 -0.366667    
0.2825 -0.366667    
0.3275 -0.353333    
0.395 -0.333333    
0.415 -0.33    
0.4275 -0.323333    
0.425 -0.316667    
0.4225 -0.313333    
0.4175 -0.31    
0.4125 -0.303333    
0.41 -0.303333    
0.4075 -0.3    
0.4075 -0.3    
