53
-0.3925 0.56    
-0.3925 0.57    
-0.3875 0.586667    
-0.38 0.593333    
-0.3675 0.603333    
-0.33 0.62    
-0.2975 0.633333    
-0.2625 0.646667    
-0.195 0.666667    
-0.165 0.67    
-0.1125 0.663333    
-0.095 0.65    
-0.08 0.636667    
-0.05 0.603333    
-0.0375 0.586667    
-0.0275 0.573333    
-0.0225 0.563333    
-0.0275 0.543333    
-0.05 0.523333    
-0.065 0.52    
-0.0775 0.513333    
-0.09 0.503333    
-0.1025 0.476667    
-0.1025 0.45    
-0.09 0.36    
-0.08 0.296667    
-0.07 0.223333    
-0.055 0.0633333    
-0.05 -0.0133333    
-0.0475 -0.08    
-0.045 -0.163333    
-0.0475 -0.183333    
-0.0525 -0.19    
-0.07 -0.17    
-0.085 -0.15    
-0.085 -0.15    
-0.1075 -0.126667    
-0.13 -0.106667    
-0.1725 -0.0866667    
-0.1925 -0.09    
-0.2075 -0.103333    
-0.215 -0.146667    
-0.2025 -0.173333    
-0.1825 -0.2    
-0.1125 -0.23    
-0.02 -0.22    
-0.02 -0.22    
0.0625 -0.183333    
0.1125 -0.136667    
0.1125 -0.136667    
0.12 -0.09    
0.12 -0.09    
0.0975 -0.0733333    
