53
-0.15 0.366667    
-0.16 0.363333    
-0.175 0.363333    
-0.1825 0.366667    
-0.195 0.38    
-0.1975 0.393333    
-0.1975 0.406667    
-0.195 0.42    
-0.1775 0.446667    
-0.1575 0.453333    
-0.09 0.453333    
-0.0375 0.45    
0.0225 0.45    
0.155 0.46    
0.2175 0.476667    
0.32 0.506667    
0.355 0.52    
0.3875 0.543333    
0.3875 0.553333    
0.3775 0.563333    
0.3625 0.57    
0.315 0.566667    
0.2575 0.503333    
0.2575 0.503333    
0.2 0.37    
0.1775 0.286667    
0.155 0.196667    
0.1225 -0.00333333    
0.085 -0.266667    
0.065 -0.413333    
0.0475 -0.556667    
0.035 -0.686667    
0.0275 -0.926667    
0.05 -0.986667    
0.0875 -0.963333    
0.205 -0.943333    
0.275 -0.943333    
0.345 -0.943333    
0.4625 -0.926667    
0.5325 -0.893333    
0.55 -0.88    
0.555 -0.873333    
0.5375 -0.863333    
0.52 -0.853333    
0.4975 -0.84    
0.4725 -0.826667    
0.425 -0.803333    
0.3825 -0.776667    
0.3825 -0.776667    
0.345 -0.746667    
0.31 -0.713333    
0.2925 -0.696667    
0.28 -0.683333    
