53
-0.15 0.69    
-0.145 0.693333    
-0.14 0.69    
-0.11 0.67    
-0.0875 0.66    
-0.0525 0.65    
-0.0175 0.643333    
0.06 0.626667    
0.095 0.623333    
0.1425 0.613333    
0.155 0.613333    
0.165 0.616667    
0.1625 0.62    
0.1525 0.623333    
0.12 0.62    
0.1025 0.606667    
0.0825 0.59    
0.0475 0.536667    
0.0325 0.503333    
0.0225 0.463333    
0.005 0.363333    
0 0.303333    
-0.0075 0.23    
-0.02 0.0633333    
-0.03 -0.0266667    
-0.05 -0.193333    
-0.06 -0.266667    
-0.0725 -0.33    
-0.0825 -0.38    
-0.1075 -0.45    
-0.125 -0.466667    
-0.1725 -0.48    
-0.235 -0.486667    
-0.2675 -0.493333    
-0.295 -0.5    
-0.315 -0.506667    
-0.34 -0.523333    
-0.34 -0.53    
-0.34 -0.53    
-0.31 -0.536667    
-0.27 -0.54    
-0.22 -0.546667    
-0.0975 -0.55    
-0.0475 -0.546667    
0.0475 -0.54    
0.085 -0.543333    
0.14 -0.556667    
0.155 -0.57    
0.1675 -0.58    
0.1775 -0.586667    
0.1875 -0.59    
0.19 -0.586667    
0.19 -0.586667    
