55
-0.2175 0.516667    
-0.2075 0.513333    
-0.18 0.506667    
-0.1325 0.493333    
-0.105 0.486667    
-0.05 0.48    
-0.0125 0.476667    
0.035 0.48    
0.06 0.48    
0.0825 0.473333    
0.1075 0.453333    
0.1175 0.436667    
0.125 0.416667    
0.13 0.4    
0.13 0.376667    
0.125 0.36    
0.1175 0.33    
0.1025 0.276667    
0.08 0.196667    
0.0625 0.123333    
0.04 0.0133333    
0.015 -0.133333    
0.005 -0.193333    
-0.0075 -0.32    
-0.0175 -0.42    
-0.0275 -0.553333    
-0.0375 -0.64    
-0.06 -0.763333    
-0.0925 -0.826667    
-0.1125 -0.846667    
-0.165 -0.866667    
-0.2075 -0.863333    
-0.2675 -0.836667    
-0.335 -0.776667    
-0.3675 -0.733333    
-0.395 -0.68    
-0.4025 -0.653333    
-0.4 -0.626667    
-0.3825 -0.586667    
-0.3125 -0.54    
-0.2475 -0.526667    
-0.1725 -0.523333    
-0.065 -0.533333    
0.0375 -0.54    
0.1175 -0.546667    
0.2175 -0.556667    
0.26 -0.56    
0.2925 -0.566667    
0.32 -0.566667    
0.33 -0.553333    
0.335 -0.53    
0.3325 -0.506667    
0.32 -0.456667    
0.3075 -0.423333    
0.3 -0.4    
