53
-0.4825 0.226667    
-0.4825 0.226667    
-0.485 0.226667    
-0.485 0.226667    
-0.4875 0.226667    
-0.4875 0.226667    
-0.4875 0.226667    
-0.4875 0.226667    
-0.4875 0.226667    
-0.4875 0.226667    
-0.4875 0.226667    
-0.4875 0.226667    
-0.4875 0.226667    
-0.4875 0.23    
-0.485 0.23    
-0.485 0.23    
-0.4825 0.233333    
-0.4775 0.236667    
-0.46 0.243333    
-0.4325 0.25    
-0.3625 0.26    
-0.3075 0.27    
-0.25 0.276667    
-0.1575 0.286667    
-0.12 0.293333    
-0.035 0.306667    
0.025 0.313333    
0.0525 0.316667    
0.0975 0.32    
0.125 0.32    
0.1575 0.313333    
0.1725 0.306667    
0.18 0.303333    
0.19 0.296667    
0.1925 0.293333    
0.195 0.286667    
0.1975 0.283333    
0.2 0.276667    
0.2 0.27    
0.2025 0.263333    
0.205 0.26    
0.2075 0.256667    
0.2125 0.253333    
0.22 0.246667    
0.225 0.243333    
0.2325 0.236667    
0.24 0.23    
0.245 0.223333    
0.25 0.213333    
0.2525 0.206667    
0.2575 0.196667    
0.2625 0.19    
0.2625 0.19    
