46
-0.175 0.686667    
-0.2 0.7    
-0.21 0.7    
-0.1925 0.693333    
-0.15 0.696667    
-0.0675 0.71    
0.0225 0.723333    
0.105 0.74    
0.1475 0.743333    
0.1775 0.74    
0.18 0.733333    
0.17 0.733333    
0.15 0.736667    
0.115 0.716667    
0.085 0.663333    
0.07 0.596667    
0.0525 0.443333    
0.045 0.26    
0.0375 0.11    
0.0275 -0.0833333    
0.0175 -0.256667    
0.005 -0.353333    
-0.0125 -0.433333    
-0.035 -0.516667    
-0.0525 -0.56    
-0.07 -0.6    
-0.0825 -0.61    
-0.0875 -0.606667    
-0.095 -0.59    
-0.0975 -0.566667    
-0.0975 -0.56    
-0.09 -0.543333    
-0.06 -0.526667    
-0.035 -0.52    
0.05 -0.506667    
0.1375 -0.5    
0.18 -0.5    
0.27 -0.5    
0.3125 -0.506667    
0.34 -0.513333    
0.3675 -0.513333    
0.3875 -0.51    
0.3975 -0.5    
0.4125 -0.483333    
0.4175 -0.47    
0.4225 -0.45    
