127
-0.2575 0.196667    
-0.2575 0.196667    
-0.2575 0.196667    
-0.2575 0.196667    
-0.255 0.2    
-0.2525 0.203333    
-0.2475 0.206667    
-0.2425 0.21    
-0.2375 0.216667    
-0.2325 0.22    
-0.23 0.223333    
-0.22 0.23    
-0.21 0.236667    
-0.1925 0.24    
-0.1725 0.246667    
-0.135 0.25    
-0.1075 0.253333    
-0.0875 0.256667    
-0.06 0.256667    
-0.0125 0.266667    
0.055 0.28    
0.095 0.29    
0.1325 0.3    
0.1675 0.31    
0.22 0.33    
0.245 0.336667    
0.265 0.346667    
0.285 0.35    
0.2975 0.35    
0.3025 0.346667    
0.305 0.343333    
0.2975 0.343333    
0.2775 0.35    
0.245 0.363333    
0.2175 0.37    
0.18 0.373333    
0.1525 0.37    
0.12 0.366667    
0.0975 0.36    
0.0725 0.356667    
0.0525 0.353333    
0.0375 0.346667    
0.0325 0.343333    
0.0275 0.343333    
0.025 0.343333    
0.0225 0.343333    
0.02 0.343333    
0.0175 0.34    
0.0175 0.336667    
0.0175 0.33    
0.02 0.316667    
0.0275 0.303333    
0.0275 0.3    
0.0325 0.28    
0.0375 0.266667    
0.0425 0.24    
0.045 0.216667    
0.0475 0.17    
0.0525 0.13    
0.055 0.07    
0.0575 0.01    
0.0575 -0.0366667    
0.0575 -0.1    
0.055 -0.18    
0.055 -0.213333    
0.0525 -0.286667    
0.05 -0.323333    
0.0475 -0.356667    
0.0475 -0.386667    
0.045 -0.42    
0.04 -0.456667    
0.0375 -0.466667    
0.0325 -0.483333    
0.0225 -0.496667    
0.015 -0.503333    
0.0025 -0.51    
-0.01 -0.52    
-0.04 -0.536667    
-0.0575 -0.546667    
-0.0975 -0.556667    
-0.1475 -0.566667    
-0.1875 -0.57    
-0.25 -0.576667    
-0.295 -0.583333    
-0.3225 -0.586667    
-0.34 -0.583333    
-0.3825 -0.566667    
-0.3875 -0.566667    
-0.4 -0.556667    
-0.405 -0.55    
-0.3875 -0.546667    
-0.365 -0.546667    
-0.3325 -0.546667    
-0.265 -0.55    
-0.2175 -0.55    
-0.17 -0.55    
-0.1175 -0.55    
-0.0475 -0.546667    
0.0425 -0.54    
0.0775 -0.536667    
0.1425 -0.53    
0.1925 -0.523333    
0.2525 -0.516667    
0.31 -0.513333    
0.35 -0.513333    
0.39 -0.513333    
0.44 -0.51    
0.48 -0.51    
0.5225 -0.506667    
0.5325 -0.506667    
0.5525 -0.506667    
0.5625 -0.506667    
0.5725 -0.506667    
0.5775 -0.506667    
0.5775 -0.503333    
0.5775 -0.503333    
0.575 -0.5    
0.57 -0.496667    
0.5675 -0.496667    
0.5625 -0.493333    
0.56 -0.493333    
0.5575 -0.493333    
0.555 -0.493333    
0.5525 -0.493333    
0.555 -0.493333    
0.56 -0.493333    
0.5625 -0.493333    
