57
-0.2225 0.1    
-0.2175 0.11    
-0.195 0.13    
-0.18 0.14    
-0.13 0.15    
-0.065 0.163333    
-0.0125 0.17    
0.07 0.176667    
0.1075 0.18    
0.1375 0.183333    
0.1575 0.186667    
0.175 0.19    
0.18 0.19    
0.1775 0.183333    
0.17 0.176667    
0.155 0.166667    
0.14 0.156667    
0.115 0.146667    
0.0975 0.136667    
0.075 0.126667    
0.06 0.11    
0.0525 0.0966667    
0.0475 0.0666667    
0.045 0.0233333    
0.045 -0.02    
0.045 -0.09    
0.04 -0.146667    
0.03 -0.22    
0.0225 -0.273333    
0.01 -0.333333    
0.0025 -0.376667    
-0.01 -0.423333    
-0.015 -0.443333    
-0.03 -0.476667    
-0.0425 -0.493333    
-0.0575 -0.506667    
-0.0775 -0.52    
-0.105 -0.533333    
-0.1175 -0.54    
-0.13 -0.546667    
-0.135 -0.55    
-0.1375 -0.55    
-0.1275 -0.546667    
-0.11 -0.543333    
-0.06 -0.53    
-0.0075 -0.516667    
0.0375 -0.503333    
0.08 -0.49    
0.1225 -0.48    
0.18 -0.466667    
0.205 -0.463333    
0.225 -0.46    
0.24 -0.456667    
0.245 -0.456667    
0.245 -0.46    
0.24 -0.463333    
0.2325 -0.466667    
