57
-0.135 0.463333    
-0.14 0.486667    
-0.145 0.503333    
-0.15 0.51    
-0.155 0.51    
-0.155 0.506667    
-0.145 0.5    
-0.1275 0.493333    
-0.0925 0.49    
-0.0575 0.49    
-0.0125 0.49    
0.0275 0.493333    
0.0675 0.496667    
0.095 0.503333    
0.1075 0.51    
0.115 0.51    
0.115 0.51    
0.105 0.51    
0.095 0.503333    
0.07 0.483333    
0.055 0.46    
0.0375 0.403333    
0.0275 0.336667    
0.0175 0.223333    
0.0175 0.19    
0.015 0.00333333    
0.015 -0.106667    
0.015 -0.206667    
0.0125 -0.313333    
0.0075 -0.366667    
0 -0.41    
-0.01 -0.426667    
-0.025 -0.436667    
-0.0375 -0.44    
-0.06 -0.443333    
-0.08 -0.45    
-0.095 -0.456667    
-0.1125 -0.466667    
-0.125 -0.48    
-0.1325 -0.486667    
-0.1375 -0.496667    
-0.1375 -0.506667    
-0.1225 -0.513333    
-0.105 -0.516667    
-0.075 -0.51    
-0.015 -0.496667    
0.025 -0.486667    
0.065 -0.476667    
0.105 -0.47    
0.15 -0.466667    
0.195 -0.47    
0.2125 -0.47    
0.225 -0.473333    
0.2325 -0.476667    
0.2375 -0.476667    
0.2375 -0.476667    
0.235 -0.476667    
