47
-0.2625 0.64    
-0.2675 0.643333    
-0.27 0.643333    
-0.2725 0.643333    
-0.2725 0.646667    
-0.27 0.653333    
-0.27 0.656667    
-0.2675 0.66    
-0.2625 0.666667    
-0.2425 0.683333    
-0.2225 0.693333    
-0.16 0.726667    
-0.12 0.743333    
-0.08 0.76    
-0.01 0.783333    
0.0125 0.79    
0.025 0.793333    
0.01 0.79    
-0.01 0.78    
-0.0375 0.763333    
-0.1 0.726667    
-0.155 0.673333    
-0.155 0.673333    
-0.175 0.603333    
-0.165 0.516667    
-0.1525 0.473333    
-0.135 0.423333    
-0.12 0.373333    
-0.0975 0.256667    
-0.1 0.193333    
-0.14 0.02    
-0.175 -0.0766667    
-0.175 -0.0766667    
-0.175 -0.0766667    
-0.2825 -0.23    
-0.3875 -0.306667    
-0.43 -0.3    
-0.4625 -0.263333    
-0.4875 -0.203333    
-0.4925 -0.08    
-0.49 -0.02    
-0.4775 0.0666667    
-0.47 0.0933333    
-0.4625 0.106667    
-0.455 0.1    
-0.4525 0.0766667    
-0.4525 0.0666667    
