26
-0.2 0.703333    
-0.1925 0.696667    
-0.185 0.683333    
-0.18 0.67    
-0.1775 0.643333    
-0.165 0.563333    
-0.1475 0.463333    
-0.1275 0.326667    
-0.1025 0.143333    
-0.075 -0.113333    
-0.065 -0.333333    
-0.065 -0.463333    
-0.0775 -0.56    
-0.1 -0.626667    
-0.125 -0.65    
-0.165 -0.65    
-0.1975 -0.633333    
-0.2525 -0.583333    
-0.31 -0.506667    
-0.35 -0.44    
-0.3825 -0.37    
-0.4025 -0.303333    
-0.41 -0.236667    
-0.4025 -0.193333    
-0.3925 -0.173333    
-0.3825 -0.163333    
