42
0.0475 0.653333    
0.0875 0.653333    
0.1175 0.656667    
0.1475 0.653333    
0.1775 0.646667    
0.2175 0.646667    
0.2475 0.65    
0.29 0.656667    
0.3225 0.666667    
0.36 0.676667    
0.3825 0.68    
0.4075 0.683333    
0.4175 0.68    
0.415 0.67    
0.4025 0.66    
0.3725 0.643333    
0.345 0.623333    
0.305 0.593333    
0.27 0.553333    
0.25 0.516667    
0.2275 0.45    
0.2175 0.39    
0.2125 0.3    
0.2125 0.223333    
0.2175 0.08    
0.22 -0.0133333    
0.2225 -0.113333    
0.2225 -0.253333    
0.22 -0.353333    
0.205 -0.506667    
0.195 -0.56    
0.17 -0.656667    
0.1375 -0.73    
0.105 -0.763333    
0.06 -0.79    
0.025 -0.79    
-0.035 -0.763333    
-0.0625 -0.736667    
-0.0825 -0.706667    
-0.115 -0.633333    
-0.135 -0.57    
-0.145 -0.506667    
