54
0.025 0.333333    
0.035 0.323333    
0.0425 0.32    
0.055 0.32    
0.065 0.326667    
0.08 0.343333    
0.1 0.376667    
0.115 0.4    
0.145 0.44    
0.16 0.46    
0.1775 0.476667    
0.1925 0.486667    
0.205 0.496667    
0.2125 0.503333    
0.2225 0.51    
0.24 0.52    
0.2475 0.523333    
0.2525 0.526667    
0.2575 0.523333    
0.26 0.513333    
0.2575 0.496667    
0.255 0.48    
0.25 0.453333    
0.245 0.433333    
0.2375 0.41    
0.2275 0.366667    
0.225 0.336667    
0.225 0.29    
0.225 0.246667    
0.2225 0.203333    
0.2175 0.116667    
0.215 0.06    
0.21 -0.0233333    
0.21 -0.0933333    
0.2125 -0.186667    
0.2125 -0.253333    
0.2175 -0.336667    
0.215 -0.393333    
0.205 -0.476667    
0.1975 -0.52    
0.18 -0.566667    
0.1625 -0.596667    
0.14 -0.626667    
0.1225 -0.643333    
0.0875 -0.663333    
0.0625 -0.67    
0.0375 -0.673333    
0.0075 -0.666667    
-0.015 -0.653333    
-0.055 -0.626667    
-0.125 -0.543333    
-0.1625 -0.483333    
-0.1925 -0.426667    
-0.2125 -0.363333    
