63
0.0075 0.336667    
-0.0025 0.35    
-0.0125 0.36    
-0.0175 0.386667    
-0.01 0.4    
0.0325 0.443333    
0.0675 0.466667    
0.1125 0.496667    
0.1575 0.526667    
0.235 0.593333    
0.2625 0.623333    
0.29 0.67    
0.2925 0.68    
0.285 0.676667    
0.2425 0.61    
0.2175 0.526667    
0.1975 0.416667    
0.1675 0.15    
0.1625 -0.0966667    
0.16 -0.2    
0.155 -0.283333    
0.1525 -0.356667    
0.1425 -0.463333    
0.135 -0.5    
0.1275 -0.52    
0.105 -0.536667    
0.065 -0.506667    
0.035 -0.48    
0.005 -0.443333    
-0.0275 -0.403333    
-0.0575 -0.363333    
-0.11 -0.286667    
-0.13 -0.25    
-0.1625 -0.196667    
-0.1725 -0.176667    
-0.1775 -0.16    
-0.175 -0.156667    
-0.17 -0.15    
-0.17 -0.15    
-0.1625 -0.14    
-0.16 -0.136667    
-0.1575 -0.136667    
-0.155 -0.133333    
-0.155 -0.13    
-0.1525 -0.123333    
-0.15 -0.12    
-0.15 -0.113333    
-0.15 -0.113333    
-0.15 -0.113333    
-0.1475 -0.113333    
-0.1475 -0.113333    
-0.1475 -0.11    
-0.145 -0.11    
-0.145 -0.11    
-0.145 -0.106667    
-0.145 -0.106667    
-0.145 -0.106667    
-0.145 -0.103333    
-0.145 -0.103333    
-0.145 -0.1    
-0.145 -0.1    
-0.145 -0.1    
-0.145 -0.1    
