73
-0.355 0.496667    
-0.32 0.503333    
-0.31 0.5    
-0.29 0.49    
-0.2775 0.48    
-0.2625 0.466667    
-0.2025 0.44    
-0.1575 0.423333    
-0.0975 0.413333    
0.0575 0.393333    
0.14 0.386667    
0.22 0.383333    
0.345 0.386667    
0.42 0.393333    
0.4425 0.393333    
0.455 0.393333    
0.4625 0.396667    
0.445 0.403333    
0.425 0.406667    
0.3625 0.39    
0.325 0.373333    
0.285 0.353333    
0.21 0.303333    
0.1775 0.276667    
0.1225 0.216667    
0.1225 0.216667    
0.075 0.143333    
0.0425 0.0466667    
0.0325 -0.0166667    
0.03 -0.0866667    
0.0425 -0.26    
0.055 -0.36    
0.0675 -0.463333    
0.0825 -0.67    
0.0825 -0.773333    
0.075 -0.893333    
-0.415 -0.84    
-0.44 -0.74    
-0.4575 -0.646667    
-0.49 -0.496667    
-0.4975 -0.43    
-0.4975 -0.43    
-0.495 -0.366667    
-0.4875 -0.31    
-0.4575 -0.22    
-0.4375 -0.176667    
-0.4225 -0.15    
-0.3975 -0.106667    
-0.3875 -0.1    
-0.3825 -0.0966667    
-0.37 -0.113333    
-0.3625 -0.126667    
-0.3475 -0.156667    
-0.3425 -0.173333    
-0.34 -0.186667    
-0.3325 -0.2    
-0.3275 -0.203333    
-0.3225 -0.206667    
-0.3125 -0.21    
-0.3075 -0.216667    
-0.3025 -0.23    
-0.3025 -0.233333    
-0.3025 -0.236667    
-0.305 -0.24    
-0.305 -0.226667    
-0.3325 -0.193333    
-0.35 -0.176667    
-0.37 -0.163333    
-0.3975 -0.16    
-0.4025 -0.163333    
-0.4075 -0.166667    
-0.4075 -0.166667    
-0.415 -0.143333    
