55
-0.22 0.603333    
-0.17 0.576667    
-0.1375 0.566667    
-0.0975 0.556667    
-0.0525 0.55    
0.045 0.536667    
0.1275 0.53    
0.1425 0.526667    
0.18 0.526667    
0.1975 0.523333    
0.2225 0.523333    
0.23 0.523333    
0.235 0.523333    
0.235 0.523333    
0.2275 0.523333    
0.195 0.516667    
0.1675 0.51    
0.14 0.503333    
0.09 0.48    
0.0725 0.466667    
0.0575 0.456667    
0.035 0.43    
0.0275 0.416667    
0.02 0.4    
0.0075 0.373333    
0 0.346667    
-0.0025 0.336667    
-0.005 0.323333    
-0.005 0.306667    
-0.01 0.256667    
-0.015 0.18    
-0.015 0.18    
-0.02 0.0733333    
-0.025 0.00333333    
-0.03 -0.0733333    
-0.03 -0.0733333    
-0.0425 -0.2    
-0.07 -0.44    
-0.0825 -0.546667    
-0.0925 -0.633333    
-0.105 -0.69    
-0.1125 -0.703333    
-0.12 -0.706667    
-0.1475 -0.676667    
-0.19 -0.6    
-0.215 -0.546667    
-0.24 -0.49    
-0.2825 -0.376667    
-0.2975 -0.33    
-0.31 -0.283333    
-0.3275 -0.206667    
-0.3325 -0.176667    
-0.3325 -0.146667    
-0.33 -0.1    
-0.3275 -0.0833333    
