38
-0.1875 0.33    
-0.1775 0.326667    
-0.165 0.33    
-0.15 0.34    
-0.1325 0.356667    
-0.105 0.383333    
-0.0775 0.4    
-0.0525 0.406667    
-0.0225 0.4    
0.0025 0.38    
0.025 0.36    
0.0425 0.346667    
0.075 0.316667    
0.1075 0.273333    
0.125 0.25    
0.1375 0.21    
0.1425 0.163333    
0.1425 0.12    
0.1325 0.05    
0.125 0.01    
0.1025 -0.0666667    
0.065 -0.15    
0.02 -0.233333    
-0.005 -0.276667    
-0.0575 -0.366667    
-0.105 -0.45    
-0.14 -0.506667    
-0.1925 -0.573333    
-0.23 -0.596667    
-0.245 -0.596667    
-0.275 -0.57    
-0.295 -0.533333    
-0.3075 -0.466667    
-0.3075 -0.383333    
-0.2975 -0.32    
-0.28 -0.246667    
-0.2575 -0.18    
-0.2475 -0.163333    
