81
-0.22 0.553333    
-0.22 0.553333    
-0.2225 0.553333    
-0.2225 0.553333    
-0.225 0.55    
-0.2275 0.546667    
-0.2275 0.543333    
-0.2275 0.536667    
-0.23 0.536667    
-0.23 0.536667    
-0.2325 0.533333    
-0.235 0.533333    
-0.235 0.533333    
-0.2375 0.53    
-0.2375 0.53    
-0.2375 0.526667    
-0.235 0.526667    
-0.2275 0.523333    
-0.2175 0.52    
-0.19 0.513333    
-0.13 0.51    
-0.0825 0.51    
-0.0175 0.51    
0.05 0.513333    
0.095 0.516667    
0.15 0.513333    
0.175 0.51    
0.2175 0.506667    
0.2575 0.503333    
0.27 0.503333    
0.275 0.503333    
0.2725 0.513333    
0.2525 0.523333    
0.2275 0.533333    
0.21 0.54    
0.1825 0.543333    
0.1475 0.546667    
0.125 0.54    
0.1125 0.536667    
0.1 0.53    
0.0925 0.523333    
0.0875 0.52    
0.085 0.513333    
0.08 0.496667    
0.08 0.483333    
0.085 0.426667    
0.09 0.37    
0.0975 0.296667    
0.105 0.21    
0.1175 0.06    
0.125 -0.06    
0.125 -0.113333    
0.125 -0.226667    
0.1175 -0.373333    
0.1125 -0.433333    
0.0975 -0.546667    
0.08 -0.616667    
0.0525 -0.693333    
0.0275 -0.733333    
-0.0175 -0.763333    
-0.055 -0.763333    
-0.0725 -0.753333    
-0.1175 -0.703333    
-0.15 -0.643333    
-0.1625 -0.61    
-0.185 -0.55    
-0.1975 -0.506667    
-0.2075 -0.463333    
-0.215 -0.426667    
-0.2175 -0.416667    
-0.22 -0.386667    
-0.2225 -0.376667    
-0.2225 -0.37    
-0.2225 -0.356667    
-0.22 -0.35    
-0.22 -0.346667    
-0.22 -0.34    
-0.22 -0.336667    
-0.22 -0.33    
-0.22 -0.326667    
-0.22 -0.32    
