43
-0.1025 0.503333    
-0.0625 0.523333    
-0.015 0.543333    
0.0725 0.58    
0.1575 0.61    
0.2125 0.63    
0.2675 0.653333    
0.2875 0.67    
0.295 0.686667    
0.2725 0.686667    
0.24 0.683333    
0.2125 0.67    
0.1875 0.646667    
0.1675 0.62    
0.16 0.603333    
0.14 0.523333    
0.13 0.453333    
0.1225 0.37    
0.115 0.276667    
0.11 0.11    
0.11 0.0133333    
0.105 -0.11    
0.095 -0.196667    
0.0775 -0.3    
0.0525 -0.403333    
0.0375 -0.486667    
0.015 -0.573333    
0 -0.62    
-0.0225 -0.67    
-0.04 -0.683333    
-0.075 -0.69    
-0.0975 -0.69    
-0.1325 -0.673333    
-0.1625 -0.65    
-0.1975 -0.613333    
-0.2225 -0.58    
-0.25 -0.536667    
-0.2675 -0.513333    
-0.2825 -0.496667    
-0.2875 -0.493333    
-0.2825 -0.476667    
-0.27 -0.45    
-0.2525 -0.416667    
