119
-0.2075 0.37    
-0.2025 0.37    
-0.185 0.366667    
-0.17 0.366667    
-0.1275 0.36    
-0.055 0.356667    
-0.005 0.356667    
0.045 0.36    
0.0975 0.366667    
0.1875 0.38    
0.22 0.38    
0.2725 0.38    
0.285 0.38    
0.3175 0.383333    
0.3525 0.386667    
0.3825 0.39    
0.4025 0.393333    
0.41 0.393333    
0.415 0.39    
0.4175 0.39    
0.4125 0.386667    
0.405 0.383333    
0.39 0.376667    
0.37 0.366667    
0.36 0.363333    
0.3425 0.36    
0.3075 0.346667    
0.2875 0.34    
0.2725 0.336667    
0.245 0.33    
0.2125 0.33    
0.2 0.326667    
0.18 0.326667    
0.165 0.323333    
0.145 0.323333    
0.135 0.326667    
0.13 0.33    
0.125 0.333333    
0.125 0.333333    
0.1225 0.333333    
0.1225 0.333333    
0.1225 0.333333    
0.1225 0.333333    
0.1225 0.33    
0.125 0.326667    
0.13 0.32    
0.135 0.31    
0.1425 0.296667    
0.145 0.286667    
0.1525 0.253333    
0.155 0.223333    
0.16 0.153333    
0.16 0.13    
0.1625 0.0966667    
0.1675 0.0566667    
0.1725 0.00333333    
0.175 -0.02    
0.175 -0.08    
0.1725 -0.123333    
0.17 -0.143333    
0.1625 -0.18    
0.1575 -0.206667    
0.1525 -0.233333    
0.15 -0.25    
0.1475 -0.273333    
0.145 -0.286667    
0.145 -0.3    
0.1475 -0.323333    
0.1475 -0.353333    
0.1475 -0.373333    
0.145 -0.386667    
0.1425 -0.41    
0.1375 -0.443333    
0.13 -0.46    
0.1225 -0.476667    
0.1125 -0.493333    
0.1025 -0.506667    
0.0975 -0.513333    
0.0925 -0.52    
0.085 -0.526667    
0.0825 -0.533333    
0.08 -0.536667    
0.0775 -0.543333    
0.0725 -0.546667    
0.0725 -0.55    
0.0675 -0.556667    
0.0625 -0.556667    
0.055 -0.556667    
0.0475 -0.553333    
0.0375 -0.546667    
0.0225 -0.533333    
0.0175 -0.526667    
0.0025 -0.516667    
-0.0075 -0.506667    
-0.0225 -0.493333    
-0.0325 -0.486667    
-0.0475 -0.473333    
-0.0675 -0.463333    
-0.0775 -0.456667    
-0.0875 -0.45    
-0.095 -0.443333    
-0.105 -0.433333    
-0.1125 -0.43    
-0.1175 -0.426667    
-0.12 -0.426667    
-0.125 -0.426667    
-0.1275 -0.426667    
-0.13 -0.426667    
-0.1325 -0.426667    
-0.135 -0.43    
-0.1375 -0.433333    
-0.1425 -0.433333    
-0.145 -0.436667    
-0.1475 -0.44    
-0.15 -0.443333    
-0.15 -0.446667    
-0.15 -0.45    
-0.1475 -0.453333    
-0.1475 -0.456667    
