47
-0.1025 0.443333    
-0.095 0.433333    
-0.0925 0.43    
-0.09 0.416667    
-0.085 0.403333    
-0.0825 0.396667    
-0.0725 0.386667    
-0.0625 0.38    
-0.0425 0.37    
-0.03 0.363333    
-0.0175 0.36    
0.005 0.36    
0.0125 0.36    
0.0275 0.366667    
0.04 0.37    
0.055 0.373333    
0.07 0.38    
0.08 0.383333    
0.0825 0.39    
0.085 0.396667    
0.0875 0.403333    
0.0875 0.413333    
0.0875 0.416667    
0.0875 0.413333    
0.0875 0.403333    
0.09 0.376667    
0.09 0.343333    
0.0875 0.25    
0.085 0.213333    
0.08 0.153333    
0.075 0.113333    
0.0625 0.0233333    
0.0525 -0.0433333    
0.035 -0.133333    
0.005 -0.25    
-0.0175 -0.313333    
-0.0575 -0.396667    
-0.095 -0.443333    
-0.1375 -0.473333    
-0.1825 -0.483333    
-0.26 -0.466667    
-0.3025 -0.436667    
-0.34 -0.4    
-0.375 -0.343333    
-0.3925 -0.29    
-0.395 -0.256667    
-0.385 -0.226667    
