62
-0.1925 0.266667    
-0.2025 0.296667    
-0.2075 0.316667    
-0.21 0.336667    
-0.21 0.343333    
-0.205 0.356667    
-0.1875 0.373333    
-0.1675 0.383333    
-0.1275 0.4    
-0.0875 0.41    
0 0.423333    
0.0575 0.43    
0.1125 0.436667    
0.1825 0.453333    
0.2 0.456667    
0.2175 0.466667    
0.215 0.47    
0.2 0.47    
0.1775 0.463333    
0.145 0.453333    
0.115 0.433333    
0.0825 0.403333    
0.05 0.356667    
0.0325 0.316667    
0.0125 0.256667    
0 0.2    
-0.005 0.123333    
-0.005 0.0366667    
-0.005 -0.0366667    
-0.005 -0.113333    
-0.0075 -0.226667    
-0.015 -0.333333    
-0.0225 -0.433333    
-0.03 -0.54    
-0.0375 -0.61    
-0.05 -0.676667    
-0.07 -0.72    
-0.0875 -0.736667    
-0.1125 -0.746667    
-0.1325 -0.746667    
-0.145 -0.743333    
-0.165 -0.74    
-0.18 -0.733333    
-0.195 -0.72    
-0.2075 -0.706667    
-0.22 -0.69    
-0.2375 -0.666667    
-0.2475 -0.65    
-0.26 -0.63    
-0.2725 -0.61    
-0.2875 -0.576667    
-0.3 -0.54    
-0.3075 -0.513333    
-0.3125 -0.486667    
-0.315 -0.47    
-0.3125 -0.45    
-0.3075 -0.433333    
-0.3025 -0.423333    
-0.295 -0.413333    
-0.29 -0.406667    
-0.285 -0.403333    
-0.2825 -0.4    
