36
-0.35 0.46    
-0.35 0.476667    
-0.3475 0.456667    
-0.3425 0.393333    
-0.325 0.226667    
-0.305 0.05    
-0.28 -0.186667    
-0.2675 -0.333333    
-0.2575 -0.43    
-0.2525 -0.483333    
-0.2475 -0.473333    
-0.2425 -0.43    
-0.2275 -0.356667    
-0.195 -0.233333    
-0.1725 -0.163333    
-0.1275 -0.0433333    
-0.0775 0.0666667    
-0.01 0.193333    
0.0325 0.273333    
0.065 0.34    
0.0625 0.366667    
0.0275 0.366667    
-0.015 0.35    
-0.09 0.303333    
-0.1475 0.256667    
-0.1925 0.206667    
-0.2325 0.136667    
-0.2325 0.05    
-0.195 -0.02    
-0.135 -0.0866667    
-0.0575 -0.15    
0.065 -0.226667    
0.185 -0.286667    
0.2675 -0.33    
0.3625 -0.393333    
0.42 -0.45    
