68
0.075 0.626667    
0.065 0.59    
0.0575 0.53    
0.05 0.466667    
0.045 0.393333    
0.035 0.286667    
0.0225 0.143333    
0.0125 0.0566667    
0.0025 -0.0266667    
-0.0075 -0.116667    
-0.0225 -0.23    
-0.035 -0.336667    
-0.0475 -0.44    
-0.0525 -0.503333    
-0.0575 -0.56    
-0.065 -0.63    
-0.065 -0.66    
-0.065 -0.68    
-0.0575 -0.693333    
-0.045 -0.683333    
-0.0225 -0.64    
0.0125 -0.566667    
0.0525 -0.473333    
0.115 -0.316667    
0.185 -0.15    
0.2375 -0.04    
0.31 0.1    
0.3675 0.2    
0.44 0.313333    
0.4875 0.383333    
0.54 0.453333    
0.575 0.486667    
0.59 0.486667    
0.58 0.466667    
0.555 0.433333    
0.49 0.373333    
0.3975 0.29    
0.32 0.23    
0.2175 0.15    
0.1275 0.0866667    
0.055 0.04    
0.0175 0.0166667    
-0.02 0    
-0.035 -0.00333333    
-0.0425 -0.00666667    
-0.035 -0.0133333    
-0.0075 -0.0266667    
0.025 -0.0466667    
0.085 -0.0866667    
0.1375 -0.123333    
0.2125 -0.193333    
0.29 -0.273333    
0.3625 -0.366667    
0.415 -0.436667    
0.4825 -0.523333    
0.515 -0.563333    
0.5575 -0.616667    
0.595 -0.656667    
0.63 -0.693333    
0.645 -0.706667    
0.65 -0.71    
0.645 -0.703333    
0.635 -0.693333    
0.6175 -0.673333    
0.5975 -0.656667    
0.5825 -0.646667    
0.5675 -0.64    
0.5575 -0.643333    
