93
0.03 0.39    
0.02 0.4    
0.01 0.406667    
0.0075 0.413333    
0.0025 0.423333    
0 0.43    
-0.005 0.44    
-0.01 0.436667    
-0.015 0.433333    
-0.0175 0.423333    
-0.0175 0.406667    
-0.0175 0.376667    
-0.02 0.346667    
-0.025 0.293333    
-0.03 0.26    
-0.035 0.216667    
-0.0425 0.156667    
-0.05 0.08    
-0.055 0.0166667    
-0.06 -0.08    
-0.065 -0.156667    
-0.0725 -0.263333    
-0.0775 -0.37    
-0.08 -0.446667    
-0.0775 -0.556667    
-0.0775 -0.606667    
-0.075 -0.646667    
-0.0725 -0.66    
-0.0725 -0.656667    
-0.07 -0.626667    
-0.07 -0.586667    
-0.065 -0.526667    
-0.05 -0.456667    
-0.035 -0.406667    
-0.015 -0.353333    
0.0125 -0.3    
0.05 -0.233333    
0.0825 -0.183333    
0.115 -0.136667    
0.165 -0.0766667    
0.215 -0.0166667    
0.255 0.03    
0.3125 0.103333    
0.34 0.14    
0.3575 0.17    
0.37 0.193333    
0.38 0.216667    
0.3875 0.233333    
0.3875 0.24    
0.39 0.243333    
0.39 0.243333    
0.385 0.24    
0.3775 0.233333    
0.3675 0.223333    
0.3425 0.203333    
0.31 0.176667    
0.28 0.156667    
0.235 0.123333    
0.2025 0.103333    
0.145 0.0733333    
0.11 0.0633333    
0.075 0.0533333    
0.0325 0.04    
-0.005 0.0266667    
-0.0275 0.02    
-0.0475 0.0166667    
-0.0625 0.0133333    
-0.07 0.0133333    
-0.075 0.01    
-0.0775 0.01    
-0.08 0.00333333    
-0.075 -0.00666667    
-0.0675 -0.0133333    
-0.055 -0.0233333    
-0.03 -0.04    
0.005 -0.0633333    
0.0225 -0.0733333    
0.055 -0.1    
0.085 -0.126667    
0.14 -0.173333    
0.1725 -0.203333    
0.2225 -0.246667    
0.26 -0.28    
0.3075 -0.323333    
0.345 -0.356667    
0.405 -0.4    
0.4375 -0.423333    
0.4675 -0.446667    
0.4925 -0.46    
0.515 -0.473333    
0.5325 -0.48    
0.5375 -0.483333    
0.5425 -0.48    
