27
-0.24 0.516667    
-0.2325 0.426667    
-0.2325 0.226667    
-0.235 0.05    
-0.245 -0.17    
-0.2525 -0.316667    
-0.25 -0.36    
-0.2275 -0.32    
-0.2075 -0.266667    
-0.14 -0.0766667    
-0.125 -0.0333333    
-0.06 0.14    
-0.025 0.236667    
-0.0125 0.31    
-0.0525 0.323333    
-0.135 0.286667    
-0.21 0.25    
-0.295 0.196667    
-0.33 0.166667    
-0.3275 0.14    
-0.265 0.123333    
-0.185 0.113333    
-0.0425 0.103333    
0.0725 0.09    
0.2125 0.0633333    
0.32 0.03    
0.3775 0.00666667    
