135
-0.14 0.526667    
-0.1425 0.526667    
-0.145 0.523333    
-0.145 0.523333    
-0.1475 0.523333    
-0.15 0.52    
-0.15 0.52    
-0.155 0.516667    
-0.1625 0.513333    
-0.1625 0.513333    
-0.17 0.513333    
-0.1725 0.513333    
-0.18 0.506667    
-0.1825 0.496667    
-0.1875 0.483333    
-0.1975 0.44    
-0.21 0.353333    
-0.2175 0.296667    
-0.225 0.233333    
-0.2325 0.08    
-0.235 -0.00333333    
-0.235 -0.0833333    
-0.2325 -0.166667    
-0.23 -0.326667    
-0.2225 -0.403333    
-0.2225 -0.47    
-0.2225 -0.58    
-0.2225 -0.58    
-0.2275 -0.626667    
-0.2275 -0.666667    
-0.2375 -0.693333    
-0.2475 -0.74    
-0.2525 -0.753333    
-0.255 -0.763333    
-0.255 -0.766667    
-0.2575 -0.763333    
-0.2575 -0.76    
-0.26 -0.756667    
-0.26 -0.753333    
-0.2675 -0.736667    
-0.27 -0.723333    
-0.2775 -0.683333    
-0.2825 -0.656667    
-0.29 -0.59    
-0.295 -0.553333    
-0.2975 -0.51    
-0.3 -0.466667    
-0.305 -0.37    
-0.305 -0.326667    
-0.305 -0.286667    
-0.3025 -0.216667    
-0.3 -0.183333    
-0.285 -0.113333    
-0.275 -0.0766667    
-0.265 -0.04    
-0.2325 0.0333333    
-0.215 0.0666667    
-0.1975 0.0966667    
-0.17 0.146667    
-0.1625 0.163333    
-0.1525 0.18    
-0.1475 0.183333    
-0.145 0.186667    
-0.1425 0.186667    
-0.14 0.19    
-0.135 0.19    
-0.1275 0.193333    
-0.1125 0.2    
-0.0675 0.223333    
-0.035 0.243333    
0.0025 0.263333    
0.045 0.29    
0.1225 0.336667    
0.1525 0.356667    
0.2 0.393333    
0.225 0.413333    
0.23 0.416667    
0.2325 0.423333    
0.2325 0.423333    
0.23 0.42    
0.2175 0.413333    
0.2075 0.41    
0.1825 0.393333    
0.165 0.383333    
0.1475 0.373333    
0.1025 0.34    
0.0475 0.3    
0.0475 0.3    
-0.0175 0.253333    
-0.05 0.23    
-0.1125 0.173333    
-0.1425 0.143333    
-0.17 0.116667    
-0.21 0.0633333    
-0.2275 0.0433333    
-0.2575 0.00666667    
-0.27 -0.00666667    
-0.28 -0.0166667    
-0.29 -0.03    
-0.2925 -0.03    
-0.2925 -0.0266667    
-0.285 -0.0233333    
-0.28 -0.0233333    
-0.2725 -0.0266667    
-0.245 -0.0366667    
-0.225 -0.0466667    
-0.1725 -0.0833333    
-0.1425 -0.106667    
-0.11 -0.136667    
-0.045 -0.213333    
0.0275 -0.303333    
0.07 -0.35    
0.11 -0.393333    
0.1475 -0.43    
0.185 -0.463333    
0.2475 -0.513333    
0.27 -0.53    
0.3075 -0.556667    
0.32 -0.57    
0.33 -0.576667    
0.33 -0.576667    
0.3425 -0.59    
0.345 -0.593333    
0.3475 -0.596667    
0.3525 -0.596667    
0.355 -0.596667    
0.3575 -0.596667    
0.3575 -0.593333    
0.3575 -0.583333    
0.3575 -0.576667    
0.35 -0.563333    
0.3475 -0.556667    
0.345 -0.55    
0.3375 -0.536667    
0.335 -0.533333    
