78
-0.1125 0.643333    
-0.11 0.653333    
-0.105 0.66    
-0.105 0.666667    
-0.1075 0.653333    
-0.1275 0.51    
-0.1325 0.36    
-0.135 0.17    
-0.13 -0.23    
-0.1225 -0.39    
-0.1225 -0.573333    
-0.125 -0.616667    
-0.1275 -0.636667    
-0.1175 -0.603333    
-0.11 -0.553333    
-0.0975 -0.476667    
-0.0725 -0.283333    
-0.0625 -0.183333    
-0.05 -0.09    
-0.0225 0.0666667    
0 0.133333    
0.0625 0.24    
0.1025 0.283333    
0.1475 0.323333    
0.2275 0.386667    
0.2575 0.41    
0.2825 0.43    
0.305 0.463333    
0.3075 0.48    
0.305 0.493333    
0.28 0.503333    
0.26 0.5    
0.21 0.466667    
0.1825 0.436667    
0.155 0.403333    
0.1025 0.316667    
0.0775 0.273333    
0.055 0.233333    
0.0175 0.156667    
-0.01 0.0833333    
-0.02 0.0466667    
-0.0225 0.01    
-0.0225 -0.03    
-0.0025 -0.116667    
0.02 -0.166667    
0.055 -0.213333    
0.18 -0.31    
0.3775 -0.436667    
0.3775 -0.436667    
0.5925 -0.606667    
0.74 -0.756667    
0.7775 -0.796667    
0.795 -0.813333    
0.8025 -0.816667    
0.795 -0.79    
0.785 -0.776667    
0.785 -0.776667    
0.7675 -0.76    
0.7525 -0.746667    
0.725 -0.726667    
0.7125 -0.72    
0.7025 -0.71    
0.7 -0.706667    
0.6975 -0.703333    
0.6975 -0.7    
0.695 -0.696667    
0.6925 -0.693333    
0.69 -0.686667    
0.6875 -0.683333    
0.685 -0.68    
0.6825 -0.673333    
0.6825 -0.67    
0.68 -0.666667    
0.6775 -0.66    
0.675 -0.66    
0.6725 -0.656667    
0.6725 -0.656667    
0.67 -0.653333    
