56
-0.1725 0.72    
-0.18 0.673333    
-0.1725 0.59    
-0.165 0.46    
-0.1575 0.293333    
-0.1475 0.0966667    
-0.1275 -0.313333    
-0.135 -0.476667    
-0.15 -0.686667    
-0.16 -0.736667    
-0.1775 -0.78    
-0.18 -0.796667    
-0.18 -0.81    
-0.175 -0.813333    
-0.17 -0.8    
-0.1625 -0.773333    
-0.145 -0.686667    
-0.13 -0.626667    
-0.11 -0.566667    
-0.0625 -0.43    
-0.035 -0.366667    
0.015 -0.266667    
0.0375 -0.223333    
0.06 -0.19    
0.0925 -0.146667    
0.105 -0.13    
0.1225 -0.1    
0.125 -0.09    
0.1 -0.113333    
0.0725 -0.15    
0.04 -0.203333    
-0.0375 -0.316667    
-0.08 -0.376667    
-0.1175 -0.43    
-0.1475 -0.47    
-0.1875 -0.506667    
-0.2025 -0.516667    
-0.21 -0.523333    
-0.2125 -0.53    
-0.2125 -0.53    
-0.1825 -0.53    
-0.1625 -0.533333    
-0.1025 -0.54    
-0.0675 -0.543333    
-0.005 -0.563333    
0.03 -0.583333    
0.075 -0.603333    
0.12 -0.623333    
0.2075 -0.666667    
0.255 -0.683333    
0.2975 -0.696667    
0.3575 -0.71    
0.385 -0.716667    
0.3825 -0.716667    
0.39 -0.713333    
0.385 -0.71    
