66
-0.165 0.493333    
-0.17 0.48    
-0.175 0.45    
-0.1775 0.433333    
-0.1825 0.386667    
-0.185 0.346667    
-0.1925 0.263333    
-0.195 0.226667    
-0.2 0.143333    
-0.205 0.0766667    
-0.2125 -0.0233333    
-0.2175 -0.123333    
-0.225 -0.24    
-0.225 -0.306667    
-0.2275 -0.346667    
-0.2275 -0.416667    
-0.2275 -0.483333    
-0.225 -0.51    
-0.225 -0.523333    
-0.2275 -0.523333    
-0.2325 -0.503333    
-0.2375 -0.47    
-0.245 -0.426667    
-0.26 -0.33    
-0.2675 -0.286667    
-0.28 -0.183333    
-0.285 -0.106667    
-0.285 -0.0366667    
-0.285 -0.01    
-0.28 0.04    
-0.2775 0.0633333    
-0.2725 0.09    
-0.2675 0.116667    
-0.2575 0.14    
-0.2425 0.156667    
-0.235 0.16    
-0.2175 0.16    
-0.185 0.163333    
-0.165 0.163333    
-0.1325 0.17    
-0.0675 0.203333    
-0.0075 0.236667    
0.025 0.26    
0.0825 0.3    
0.1175 0.323333    
0.1525 0.35    
0.175 0.366667    
0.1825 0.37    
0.1675 0.346667    
0.14 0.313333    
0.0875 0.253333    
0.0225 0.186667    
-0.0075 0.153333    
-0.06 0.09    
-0.095 0.05    
-0.1425 -0.00333333    
-0.165 -0.03    
-0.1825 -0.05    
-0.1975 -0.0766667    
-0.1975 -0.0933333    
-0.1925 -0.11    
-0.1725 -0.14    
-0.1475 -0.17    
-0.105 -0.223333    
-0.065 -0.27    
-0.0125 -0.343333    
