99
-0.0825 0.783333    
-0.085 0.78    
-0.0875 0.766667    
-0.09 0.753333    
-0.09 0.746667    
-0.0925 0.733333    
-0.0925 0.723333    
-0.0925 0.713333    
-0.0925 0.706667    
-0.0925 0.703333    
-0.0925 0.696667    
-0.0925 0.696667    
-0.09 0.69    
-0.0875 0.686667    
-0.0875 0.666667    
-0.0875 0.593333    
-0.09 0.513333    
-0.0925 0.403333    
-0.0975 0.266667    
-0.105 0.07    
-0.11 -0.0733333    
-0.1125 -0.276667    
-0.11 -0.393333    
-0.1075 -0.463333    
-0.1075 -0.52    
-0.105 -0.586667    
-0.1025 -0.62    
-0.1 -0.683333    
-0.1 -0.71    
-0.0975 -0.76    
-0.1 -0.78    
-0.1 -0.78    
-0.105 -0.763333    
-0.1075 -0.73    
-0.1075 -0.64    
-0.1075 -0.57    
-0.105 -0.49    
-0.1 -0.38    
-0.095 -0.263333    
-0.0875 -0.18    
-0.0675 -0.0433333    
-0.05 0.03    
-0.03 0.103333    
-0.0075 0.173333    
0.025 0.276667    
0.0375 0.313333    
0.0675 0.396667    
0.08 0.426667    
0.09 0.45    
0.095 0.456667    
0.1 0.466667    
0.105 0.47    
0.1075 0.466667    
0.105 0.446667    
0.1 0.423333    
0.0875 0.373333    
0.08 0.343333    
0.0575 0.283333    
0.02 0.21    
0.0025 0.183333    
-0.0325 0.133333    
-0.0425 0.12    
-0.0775 0.0766667    
-0.0975 0.05    
-0.115 0.0266667    
-0.125 0.0133333    
-0.1275 0.01    
-0.13 0.00666667    
-0.1275 0.00333333    
-0.12 0    
-0.1025 -0.01    
-0.08 -0.0233333    
-0.04 -0.0566667    
0.01 -0.103333    
0.05 -0.15    
0.11 -0.223333    
0.1525 -0.276667    
0.205 -0.343333    
0.26 -0.406667    
0.285 -0.433333    
0.305 -0.456667    
0.32 -0.476667    
0.3375 -0.493333    
0.345 -0.503333    
0.35 -0.51    
0.355 -0.513333    
0.36 -0.516667    
0.3625 -0.52    
0.3675 -0.52    
0.3675 -0.52    
0.37 -0.523333    
0.3725 -0.52    
0.3775 -0.516667    
0.3825 -0.513333    
0.385 -0.51    
0.39 -0.503333    
0.3925 -0.5    
0.395 -0.496667    
0.4 -0.49    
