69
-0.195 0.546667    
-0.1875 0.563333    
-0.18 0.573333    
-0.175 0.563333    
-0.1775 0.476667    
-0.185 0.393333    
-0.195 0.276667    
-0.215 0    
-0.22 -0.146667    
-0.2225 -0.28    
-0.22 -0.486667    
-0.2175 -0.556667    
-0.215 -0.603333    
-0.21 -0.643333    
-0.21 -0.646667    
-0.205 -0.613333    
-0.2 -0.58    
-0.1925 -0.536667    
-0.1775 -0.42    
-0.17 -0.356667    
-0.155 -0.236667    
-0.1475 -0.186667    
-0.135 -0.1    
-0.13 -0.0633333    
-0.12 -0.0266667    
-0.09 0.0466667    
-0.0675 0.0833333    
-0.04 0.123333    
-0.0075 0.163333    
0.0625 0.246667    
0.1 0.286667    
0.1325 0.32    
0.1875 0.383333    
0.23 0.43    
0.24 0.446667    
0.24 0.446667    
0.24 0.446667    
0.2375 0.44    
0.22 0.413333    
0.1925 0.366667    
0.1175 0.243333    
0.0725 0.173333    
-0.02 0.05    
-0.0675 -0.00666667    
-0.1575 -0.0933333    
-0.1975 -0.126667    
-0.2275 -0.153333    
-0.2525 -0.173333    
-0.28 -0.203333    
-0.285 -0.21    
-0.285 -0.22    
-0.275 -0.226667    
-0.26 -0.236667    
-0.205 -0.273333    
-0.165 -0.306667    
-0.1175 -0.353333    
-0.0125 -0.473333    
0.1 -0.596667    
0.1575 -0.646667    
0.2075 -0.686667    
0.255 -0.716667    
0.3225 -0.756667    
0.3475 -0.766667    
0.3675 -0.773333    
0.3875 -0.78    
0.3925 -0.783333    
0.4025 -0.783333    
0.405 -0.783333    
0.405 -0.78    
