52
-0.125 0.583333    
-0.1275 0.513333    
-0.14 0.403333    
-0.155 0.296667    
-0.175 0.123333    
-0.19 -0.0266667    
-0.2 -0.27    
-0.205 -0.406667    
-0.2125 -0.516667    
-0.215 -0.596667    
-0.2175 -0.68    
-0.2125 -0.673333    
-0.1975 -0.616667    
-0.1825 -0.543333    
-0.165 -0.446667    
-0.13 -0.3    
-0.105 -0.2    
-0.0625 -0.06    
-0.04 0.01    
-0.025 0.0566667    
-0.0075 0.103333    
-0.005 0.12    
-0.01 0.126667    
-0.03 0.113333    
-0.055 0.0966667    
-0.1075 0.0666667    
-0.1525 0.04    
-0.1975 0.0166667    
-0.2475 -0.00333333    
-0.275 -0.0166667    
-0.3025 -0.03    
-0.31 -0.0333333    
-0.31 -0.0366667    
-0.3 -0.0333333    
-0.2825 -0.03    
-0.2575 -0.03    
-0.2175 -0.0333333    
-0.1475 -0.0466667    
-0.0875 -0.0633333    
-0.0175 -0.09    
0.0675 -0.126667    
0.14 -0.176667    
0.1875 -0.223333    
0.24 -0.276667    
0.285 -0.32    
0.31 -0.346667    
0.3475 -0.33    
0.3675 -0.323333    
0.39 -0.323333    
0.4075 -0.323333    
0.41 -0.353333    
0.4125 -0.37    
