94
-0.155 0.563333    
-0.15 0.55    
-0.1425 0.526667    
-0.1375 0.496667    
-0.13 0.44    
-0.125 0.36    
-0.125 0.286667    
-0.1225 0.183333    
-0.1225 0.0733333    
-0.1225 -0.00666667    
-0.1225 -0.133333    
-0.12 -0.176667    
-0.1175 -0.246667    
-0.1175 -0.293333    
-0.115 -0.363333    
-0.1125 -0.403333    
-0.1125 -0.463333    
-0.11 -0.49    
-0.1075 -0.51    
-0.105 -0.52    
-0.0975 -0.526667    
-0.095 -0.526667    
-0.09 -0.516667    
-0.08 -0.496667    
-0.075 -0.483333    
-0.07 -0.46    
-0.0625 -0.42    
-0.045 -0.326667    
-0.0375 -0.263333    
-0.0325 -0.2    
-0.025 -0.123333    
-0.0225 -0.07    
-0.015 -0.00333333    
-0.005 0.0633333    
0.0025 0.113333    
0.01 0.17    
0.0225 0.233333    
0.03 0.263333    
0.0375 0.296667    
0.0425 0.31    
0.05 0.33    
0.05 0.333333    
0.05 0.33    
0.045 0.316667    
0.0375 0.306667    
0.0225 0.283333    
0.0025 0.256667    
-0.015 0.23    
-0.0325 0.203333    
-0.055 0.16    
-0.08 0.106667    
-0.095 0.0766667    
-0.11 0.0433333    
-0.1175 0.0266667    
-0.1325 -0.00666667    
-0.135 -0.01    
-0.14 -0.02    
-0.14 -0.0233333    
-0.14 -0.0233333    
-0.13 -0.0166667    
-0.1275 -0.0166667    
-0.115 -0.0133333    
-0.0925 -0.01    
-0.0625 -0.0133333    
-0.035 -0.02    
0.005 -0.04    
0.06 -0.07    
0.0825 -0.0866667    
0.12 -0.11    
0.195 -0.156667    
0.22 -0.173333    
0.2575 -0.193333    
0.305 -0.22    
0.3375 -0.24    
0.3725 -0.26    
0.4075 -0.283333    
0.425 -0.293333    
0.4375 -0.303333    
0.4475 -0.31    
0.4575 -0.316667    
0.465 -0.326667    
0.4675 -0.326667    
0.4725 -0.333333    
0.4725 -0.333333    
0.4725 -0.336667    
0.4725 -0.34    
0.47 -0.34    
0.4675 -0.34    
0.465 -0.34    
0.4625 -0.34    
0.4575 -0.34    
0.4575 -0.34    
0.455 -0.34    
0.4525 -0.34    
