69
-0.25 0.323333    
-0.2425 0.286667    
-0.2375 0.236667    
-0.23 0.156667    
-0.22 0.0566667    
-0.2125 -0.0266667    
-0.195 -0.17    
-0.185 -0.253333    
-0.18 -0.3    
-0.175 -0.366667    
-0.17 -0.42    
-0.1675 -0.466667    
-0.1625 -0.5    
-0.16 -0.503333    
-0.1525 -0.493333    
-0.14 -0.46    
-0.13 -0.423333    
-0.12 -0.38    
-0.11 -0.31    
-0.1025 -0.226667    
-0.1 -0.173333    
-0.0925 -0.106667    
-0.0875 -0.0766667    
-0.0675 -0.01    
-0.0425 0.0533333    
-0.02 0.0966667    
0.0275 0.16    
0.0475 0.183333    
0.09 0.23    
0.1225 0.263333    
0.16 0.303333    
0.19 0.34    
0.2075 0.36    
0.215 0.37    
0.2125 0.366667    
0.2025 0.353333    
0.19 0.336667    
0.17 0.31    
0.1275 0.256667    
0.1 0.216667    
0.06 0.153333    
0.0275 0.1    
-0.005 0.0433333    
-0.05 -0.0366667    
-0.06 -0.0566667    
-0.1125 -0.15    
-0.1375 -0.193333    
-0.16 -0.226667    
-0.1775 -0.256667    
-0.1875 -0.27    
-0.1875 -0.273333    
-0.18 -0.273333    
-0.1675 -0.273333    
-0.1425 -0.276667    
-0.095 -0.283333    
-0.0725 -0.29    
-0.0175 -0.313333    
0.0325 -0.343333    
0.11 -0.393333    
0.1925 -0.45    
0.2525 -0.493333    
0.3075 -0.526667    
0.365 -0.563333    
0.4025 -0.586667    
0.42 -0.596667    
0.4325 -0.606667    
0.4325 -0.61    
0.4275 -0.613333    
0.41 -0.613333    
