74
-0.1925 0.32    
-0.18 0.373333    
-0.17 0.413333    
-0.1675 0.436667    
-0.165 0.45    
-0.165 0.45    
-0.17 0.433333    
-0.18 0.386667    
-0.1875 0.333333    
-0.1975 0.263333    
-0.21 0.126667    
-0.22 -0.0433333    
-0.2275 -0.183333    
-0.2325 -0.363333    
-0.235 -0.476667    
-0.235 -0.58    
-0.2375 -0.64    
-0.2375 -0.66    
-0.2425 -0.673333    
-0.25 -0.663333    
-0.2575 -0.636667    
-0.2625 -0.593333    
-0.265 -0.54    
-0.2675 -0.456667    
-0.265 -0.386667    
-0.255 -0.283333    
-0.2325 -0.19    
-0.2075 -0.126667    
-0.1625 -0.05    
-0.1225 -0.00333333    
-0.06 0.0633333    
0.0025 0.126667    
0.05 0.176667    
0.1075 0.246667    
0.155 0.306667    
0.185 0.346667    
0.215 0.393333    
0.225 0.406667    
0.2275 0.416667    
0.22 0.42    
0.21 0.416667    
0.1875 0.4    
0.1625 0.373333    
0.14 0.343333    
0.105 0.303333    
0.07 0.256667    
0.04 0.22    
-0.0025 0.166667    
-0.0375 0.123333    
-0.075 0.0766667    
-0.125 0.0166667    
-0.1725 -0.0333333    
-0.195 -0.0533333    
-0.2375 -0.0933333    
-0.26 -0.116667    
-0.275 -0.136667    
-0.2875 -0.153333    
-0.2925 -0.163333    
-0.29 -0.17    
-0.2775 -0.18    
-0.26 -0.19    
-0.21 -0.21    
-0.1675 -0.226667    
-0.12 -0.25    
-0.0525 -0.283333    
0.035 -0.33    
0.095 -0.36    
0.17 -0.39    
0.215 -0.406667    
0.265 -0.423333    
0.29 -0.433333    
0.31 -0.443333    
0.3175 -0.45    
0.3225 -0.453333    
