67
-0.1625 0.626667    
-0.16 0.623333    
-0.1575 0.623333    
-0.155 0.62    
-0.1525 0.616667    
-0.1475 0.613333    
-0.145 0.613333    
-0.1425 0.61    
-0.14 0.61    
-0.1375 0.603333    
-0.135 0.596667    
-0.135 0.586667    
-0.1325 0.553333    
-0.1325 0.533333    
-0.1325 0.476667    
-0.135 0.44    
-0.135 0.4    
-0.14 0.35    
-0.1475 0.233333    
-0.1475 0.166667    
-0.1475 0.0166667    
-0.1425 -0.186667    
-0.1375 -0.283333    
-0.13 -0.373333    
-0.1225 -0.456667    
-0.1125 -0.523333    
-0.0875 -0.59    
-0.075 -0.613333    
-0.06 -0.65    
-0.055 -0.666667    
-0.05 -0.683333    
-0.0475 -0.69    
-0.0475 -0.693333    
-0.0475 -0.696667    
-0.045 -0.7    
-0.04 -0.703333    
-0.015 -0.696667    
0.0075 -0.676667    
0.04 -0.646667    
0.1375 -0.583333    
0.2525 -0.523333    
0.2525 -0.523333    
0.375 -0.513333    
0.43 -0.516667    
0.535 -0.546667    
0.585 -0.566667    
0.6725 -0.61    
0.71 -0.633333    
0.74 -0.65    
0.7675 -0.666667    
0.805 -0.683333    
0.8175 -0.69    
0.835 -0.706667    
0.84 -0.72    
0.8425 -0.733333    
0.8425 -0.76    
0.84 -0.78    
0.8375 -0.786667    
0.8375 -0.79    
0.835 -0.79    
0.8275 -0.79    
0.82 -0.793333    
0.8125 -0.793333    
0.7975 -0.796667    
0.78 -0.796667    
0.7725 -0.793333    
0.765 -0.79    
