39
0.0975 0.473333    
0.085 0.503333    
0.075 0.526667    
0.0475 0.56    
0.03 0.573333    
0.01 0.58    
-0.025 0.546667    
-0.04 0.476667    
-0.0325 0.166667    
0 -0.216667    
0 -0.216667    
0.02 -0.47    
0.0175 -0.523333    
0.0075 -0.57    
0.0075 -0.583333    
0.01 -0.593333    
0.0325 -0.596667    
0.055 -0.593333    
0.0925 -0.58    
0.205 -0.536667    
0.285 -0.513333    
0.47 -0.486667    
0.5675 -0.483333    
0.6575 -0.486667    
0.8025 -0.496667    
0.8475 -0.503333    
0.8775 -0.506667    
0.9025 -0.506667    
0.9025 -0.506667    
0.9 -0.5    
0.8875 -0.49    
0.88 -0.483333    
0.8625 -0.473333    
0.8575 -0.47    
0.85 -0.463333    
0.845 -0.456667    
0.8425 -0.453333    
0.8375 -0.446667    
0.835 -0.446667    
