29
-0.2725 0.253333    
-0.2675 0.26    
-0.2575 0.273333    
-0.2475 0.28    
-0.2425 0.276667    
-0.235 0.26    
-0.225 0.233333    
-0.215 0.136667    
-0.1925 -0.02    
-0.1925 -0.02    
-0.1775 -0.17    
-0.165 -0.27    
-0.155 -0.306667    
-0.15 -0.323333    
-0.1425 -0.333333    
-0.11 -0.346667    
-0.0875 -0.35    
-0.035 -0.32    
-0.005 -0.29    
0.0275 -0.256667    
0.0725 -0.153333    
0.0925 -0.11    
0.1275 -0.0666667    
0.1325 -0.06    
0.14 -0.0766667    
0.14 -0.0966667    
0.1375 -0.11    
0.1325 -0.12    
0.125 -0.123333    
