38
-0.1675 0.796667    
-0.17 0.803333    
-0.1725 0.796667    
-0.17 0.746667    
-0.1675 0.686667    
-0.1625 0.603333    
-0.16 0.486667    
-0.165 0.18    
-0.175 0.01    
-0.1825 -0.17    
-0.1825 -0.473333    
-0.175 -0.58    
-0.1625 -0.7    
-0.1675 -0.733333    
-0.175 -0.75    
-0.1775 -0.78    
-0.1725 -0.793333    
-0.1675 -0.793333    
-0.14 -0.766667    
-0.0925 -0.74    
-0.055 -0.726667    
-0.0175 -0.716667    
0.0325 -0.7    
0.1575 -0.656667    
0.2325 -0.643333    
0.3125 -0.64    
0.4725 -0.66    
0.54 -0.673333    
0.5925 -0.69    
0.66 -0.706667    
0.68 -0.703333    
0.705 -0.693333    
0.7075 -0.68    
0.7025 -0.676667    
0.675 -0.67    
0.655 -0.67    
0.6125 -0.673333    
0.5925 -0.676667    
