33
-0.2725 0.353333    
-0.2675 0.46    
-0.2675 0.506667    
-0.2675 0.546667    
-0.27 0.576667    
-0.275 0.586667    
-0.2775 0.553333    
-0.285 0.49    
-0.2975 0.303333    
-0.305 0.19    
-0.305 -0.0366667    
-0.3025 -0.14    
-0.3 -0.233333    
-0.2925 -0.38    
-0.285 -0.423333    
-0.2775 -0.456667    
-0.2425 -0.476667    
-0.21 -0.463333    
-0.11 -0.43    
-0.05 -0.413333    
0.0025 -0.403333    
0.085 -0.403333    
0.11 -0.403333    
0.1275 -0.403333    
0.15 -0.403333    
0.155 -0.406667    
0.1625 -0.41    
0.1625 -0.41    
0.165 -0.41    
0.165 -0.413333    
0.165 -0.413333    
0.165 -0.41    
0.165 -0.41    
