43
-0.2 0.456667    
-0.2 0.466667    
-0.2 0.49    
-0.2 0.503333    
-0.2 0.513333    
-0.2025 0.533333    
-0.2025 0.543333    
-0.2 0.54    
-0.1975 0.533333    
-0.1925 0.52    
-0.1775 0.473333    
-0.17 0.44    
-0.1625 0.4    
-0.155 0.303333    
-0.1525 0.243333    
-0.1475 0.126667    
-0.145 0.0666667    
-0.145 0.00666667    
-0.145 -0.116667    
-0.145 -0.176667    
-0.1475 -0.3    
-0.1475 -0.36    
-0.145 -0.413333    
-0.1425 -0.506667    
-0.1425 -0.54    
-0.1425 -0.566667    
-0.1425 -0.606667    
-0.14 -0.62    
-0.1375 -0.63    
-0.1225 -0.65    
-0.1075 -0.656667    
-0.09 -0.66    
-0.0325 -0.663333    
0.04 -0.666667    
0.0775 -0.666667    
0.1175 -0.666667    
0.1925 -0.67    
0.225 -0.673333    
0.25 -0.676667    
0.25 -0.676667    
0.2675 -0.68    
0.285 -0.683333    
0.2875 -0.683333    
