37
-0.165 0.63    
-0.17 0.62    
-0.175 0.613333    
-0.1825 0.6    
-0.19 0.59    
-0.1975 0.583333    
-0.2025 0.576667    
-0.205 0.57    
-0.21 0.556667    
-0.215 0.533333    
-0.2225 0.486667    
-0.23 0.426667    
-0.2375 0.363333    
-0.2425 0.266667    
-0.245 0.213333    
-0.2475 0.12    
-0.2525 -0.00666667    
-0.2575 -0.153333    
-0.2625 -0.203333    
-0.265 -0.27    
-0.2725 -0.35    
-0.2725 -0.373333    
-0.2725 -0.43    
-0.265 -0.446667    
-0.2475 -0.456667    
-0.2325 -0.463333    
-0.175 -0.466667    
-0.105 -0.463333    
-0.0625 -0.46    
0.0175 -0.45    
0.135 -0.423333    
0.23 -0.403333    
0.2725 -0.4    
0.355 -0.406667    
0.3825 -0.416667    
0.3975 -0.43    
0.4025 -0.436667    
