50
-0.09 0.67    
-0.0925 0.666667    
-0.095 0.663333    
-0.0975 0.663333    
-0.1 0.66    
-0.105 0.656667    
-0.1075 0.653333    
-0.11 0.633333    
-0.1125 0.603333    
-0.1175 0.546667    
-0.12 0.49    
-0.125 0.416667    
-0.135 0.27    
-0.1425 0.166667    
-0.1525 0.0533333    
-0.1625 -0.0633333    
-0.18 -0.26    
-0.19 -0.366667    
-0.2025 -0.46    
-0.22 -0.55    
-0.225 -0.566667    
-0.24 -0.613333    
-0.2475 -0.636667    
-0.2475 -0.65    
-0.245 -0.653333    
-0.2325 -0.656667    
-0.215 -0.656667    
-0.1775 -0.66    
-0.1375 -0.663333    
-0.055 -0.67    
0.02 -0.673333    
0.0575 -0.676667    
0.145 -0.68    
0.2075 -0.68    
0.25 -0.676667    
0.2725 -0.676667    
0.315 -0.67    
0.335 -0.666667    
0.345 -0.663333    
0.35 -0.66    
0.3525 -0.66    
0.3575 -0.66    
0.3575 -0.66    
0.3575 -0.66    
0.3575 -0.663333    
0.355 -0.66    
0.355 -0.66    
0.355 -0.66    
0.3525 -0.66    
0.3525 -0.656667    
