37
-0.1675 0.543333    
-0.175 0.58    
-0.185 0.606667    
-0.185 0.623333    
-0.185 0.623333    
-0.185 0.606667    
-0.19 0.566667    
-0.2 0.4    
-0.205 0.283333    
-0.205 0.16    
-0.1975 -0.0666667    
-0.1875 -0.156667    
-0.18 -0.226667    
-0.1625 -0.313333    
-0.1525 -0.333333    
-0.1325 -0.363333    
-0.1175 -0.376667    
-0.095 -0.393333    
-0.025 -0.416667    
0.02 -0.423333    
0.0725 -0.43    
0.185 -0.436667    
0.2425 -0.44    
0.2425 -0.44    
0.305 -0.436667    
0.3975 -0.43    
0.425 -0.423333    
0.44 -0.42    
0.425 -0.416667    
0.4075 -0.416667    
0.3875 -0.416667    
0.3475 -0.416667    
0.3325 -0.416667    
0.315 -0.416667    
0.31 -0.416667    
0.3075 -0.416667    
0.305 -0.416667    
