36
0.0325 0.743333    
0.0225 0.766667    
0.015 0.766667    
0.01 0.74    
0.005 0.656667    
0.0025 0.556667    
0 0.436667    
-0.0075 0.26    
-0.0125 0.17    
-0.0225 0.05    
-0.05 -0.0933333    
-0.07 -0.176667    
-0.0975 -0.286667    
-0.115 -0.35    
-0.125 -0.416667    
-0.1325 -0.473333    
-0.145 -0.506667    
-0.1525 -0.523333    
-0.1625 -0.536667    
-0.16 -0.543333    
-0.135 -0.543333    
-0.1025 -0.54    
-0.045 -0.526667    
0.0275 -0.506667    
0.095 -0.49    
0.14 -0.483333    
0.1925 -0.48    
0.2225 -0.483333    
0.255 -0.486667    
0.275 -0.486667    
0.29 -0.483333    
0.2975 -0.476667    
0.3025 -0.463333    
0.3 -0.453333    
0.295 -0.446667    
0.29 -0.436667    
