46
0.0575 0.433333    
0.0575 0.426667    
0.0575 0.413333    
0.0575 0.376667    
0.0525 0.336667    
0.045 0.256667    
0.035 0.18    
0.025 0.12    
0.015 0.0533333    
0.0075 -0.0133333    
-0.01 -0.126667    
-0.02 -0.193333    
-0.0325 -0.273333    
-0.0475 -0.343333    
-0.055 -0.383333    
-0.0675 -0.43    
-0.0775 -0.47    
-0.085 -0.496667    
-0.09 -0.536667    
-0.0925 -0.573333    
-0.095 -0.613333    
-0.0975 -0.653333    
-0.0975 -0.66    
-0.0875 -0.66    
-0.075 -0.656667    
-0.045 -0.65    
-0.005 -0.636667    
0.03 -0.626667    
0.0675 -0.62    
0.12 -0.613333    
0.1725 -0.606667    
0.2325 -0.596667    
0.2525 -0.59    
0.29 -0.58    
0.315 -0.573333    
0.34 -0.57    
0.355 -0.57    
0.3675 -0.57    
0.3775 -0.566667    
0.3825 -0.563333    
0.39 -0.56    
0.3975 -0.556667    
0.4 -0.556667    
0.4025 -0.556667    
0.405 -0.556667    
0.41 -0.56    
