35
-0.1575 0.546667    
-0.155 0.543333    
-0.1525 0.54    
-0.1525 0.54    
-0.15 0.536667    
-0.15 0.526667    
-0.1475 0.516667    
-0.1475 0.506667    
-0.145 0.483333    
-0.14 0.46    
-0.135 0.443333    
-0.13 0.41    
-0.1225 0.31    
-0.1175 0.226667    
-0.1175 0.13    
-0.1225 -0.0166667    
-0.1325 -0.16    
-0.14 -0.26    
-0.1475 -0.38    
-0.1525 -0.453333    
-0.1575 -0.533333    
-0.155 -0.566667    
-0.145 -0.59    
-0.1225 -0.596667    
-0.105 -0.593333    
-0.055 -0.576667    
0.0275 -0.533333    
0.0675 -0.513333    
0.165 -0.46    
0.21 -0.436667    
0.275 -0.41    
0.3325 -0.386667    
0.3725 -0.373333    
0.39 -0.366667    
0.395 -0.366667    
