36
0.02 0.476667    
0.0025 0.516667    
-0.005 0.533333    
-0.015 0.546667    
-0.0225 0.546667    
-0.0275 0.54    
-0.035 0.51    
-0.0425 0.463333    
-0.05 0.396667    
-0.0575 0.336667    
-0.065 0.24    
-0.0675 0.206667    
-0.0825 0.0233333    
-0.09 -0.09    
-0.1 -0.203333    
-0.1125 -0.346667    
-0.1175 -0.4    
-0.125 -0.436667    
-0.13 -0.463333    
-0.1325 -0.47    
-0.1325 -0.47    
-0.1275 -0.463333    
-0.105 -0.443333    
-0.0775 -0.43    
-0.0425 -0.42    
0.02 -0.416667    
0.0775 -0.42    
0.18 -0.44    
0.24 -0.456667    
0.295 -0.476667    
0.3525 -0.496667    
0.39 -0.51    
0.4025 -0.513333    
0.41 -0.513333    
0.4075 -0.51    
0.405 -0.506667    
