49
-0.5275 -0.256667    
-0.5375 -0.243333    
-0.535 -0.23    
-0.5125 -0.19    
-0.5125 -0.19    
-0.4575 -0.113333    
-0.3775 0.00333333    
-0.33 0.0766667    
-0.28 0.153333    
-0.195 0.293333    
-0.16 0.356667    
-0.13 0.403333    
-0.09 0.446667    
-0.0775 0.433333    
-0.065 0.4    
-0.04 0.28    
-0.0275 0.196667    
-0.0275 0.196667    
-0.0125 0.0833333    
0 -0.0266667    
0.0175 -0.206667    
0.0225 -0.266667    
0.0275 -0.306667    
0.025 -0.293333    
0.02 -0.243333    
0.015 -0.18    
0.005 0    
0.0025 0.203333    
0.0025 0.203333    
0.0225 0.38    
0.0375 0.456667    
0.0825 0.553333    
0.1125 0.573333    
0.145 0.573333    
0.2075 0.533333    
0.245 0.48    
0.285 0.413333    
0.345 0.2    
0.3675 0.08    
0.395 -0.176667    
0.3975 -0.306667    
0.395 -0.51    
0.3975 -0.583333    
0.4 -0.643333    
0.41 -0.693333    
0.4175 -0.683333    
0.42 -0.67    
0.43 -0.62    
0.4325 -0.59    
