57
-0.2875 0.46    
-0.3175 0.48    
-0.3375 0.48    
-0.365 0.453333    
-0.4 0.36    
-0.4325 0.186667    
-0.445 0.01    
-0.45 -0.19    
-0.4475 -0.39    
-0.4375 -0.65    
-0.44 -0.723333    
-0.455 -0.716667    
-0.4875 -0.613333    
-0.52 -0.463333    
-0.5475 -0.28    
-0.5675 -0.0433333    
-0.565 0.12    
-0.5425 0.3    
-0.515 0.386667    
-0.4625 0.456667    
-0.415 0.466667    
-0.345 0.41    
-0.2625 0.29    
-0.195 0.17    
-0.115 -0.0166667    
-0.06 -0.156667    
-0.005 -0.286667    
0.0475 -0.4    
0.1225 -0.543333    
0.16 -0.6    
0.1925 -0.63    
0.2175 -0.626667    
0.2325 -0.56    
0.23 -0.443333    
0.21 -0.233333    
0.1875 -0.05    
0.15 0.19    
0.125 0.37    
0.1225 0.403333    
0.125 0.486667    
0.16 0.543333    
0.205 0.56    
0.275 0.563333    
0.3275 0.556667    
0.3875 0.543333    
0.42 0.513333    
0.455 0.43    
0.4725 0.336667    
0.49 0.203333    
0.505 -0.0233333    
0.515 -0.2    
0.525 -0.38    
0.535 -0.593333    
0.54 -0.723333    
0.545 -0.856667    
0.55 -0.946667    
0.5525 -0.986667    
