44
-0.0925 0.323333    
-0.12 0.31    
-0.155 0.226667    
-0.1925 0.116667    
-0.2425 -0.06    
-0.29 -0.226667    
-0.3175 -0.31    
-0.3325 -0.313333    
-0.32 -0.23    
-0.295 -0.13    
-0.235 0.00333333    
-0.18 0.0666667    
-0.12 0.09    
-0.045 0.0566667    
0.015 -0.01    
0.0375 -0.0366667    
0.0725 -0.01    
0.11 0.1    
0.135 0.213333    
0.165 0.383333    
0.1725 0.453333    
0.1525 0.436667    
0.1075 0.323333    
0.0475 0.163333    
0.0025 0.05    
-0.0375 -0.0466667    
-0.05 -0.0566667    
-0.0325 -0.00333333    
0.0225 0.0966667    
0.0875 0.18    
0.1925 0.256667    
0.265 0.276667    
0.3475 0.273333    
0.4025 0.276667    
0.4275 0.316667    
0.4475 0.413333    
0.4575 0.51    
0.4675 0.636667    
0.47 0.703333    
0.4725 0.756667    
0.475 0.763333    
0.48 0.746667    
0.4875 0.703333    
0.5 0.636667    
