63
-0.1475 0.473333    
-0.1475 0.473333    
-0.1475 0.473333    
-0.1725 0.4    
-0.1875 0.336667    
-0.2375 0.0633333    
-0.2375 0.0633333    
-0.3475 -0.473333    
-0.3825 -0.62    
-0.425 -0.736667    
-0.4675 -0.876667    
-0.4675 -0.876667    
-0.485 -0.876667    
-0.465 -0.773333    
-0.43 -0.503333    
-0.41 -0.33    
-0.3625 -0.0166667    
-0.33 0.13    
-0.2875 0.266667    
-0.2075 0.486667    
-0.1725 0.576667    
-0.1425 0.653333    
-0.0925 0.77    
-0.0675 0.803333    
-0.045 0.816667    
-0.0025 0.8    
0.05 0.69    
0.08 0.593333    
0.11 0.466667    
0.17 0.15    
0.19 -0.0266667    
0.205 -0.203333    
0.2175 -0.36    
0.2325 -0.606667    
0.2375 -0.676667    
0.2475 -0.713333    
0.2675 -0.696667    
0.28 -0.633333    
0.295 -0.54    
0.335 -0.3    
0.3925 -0.0566667    
0.4275 0.0466667    
0.4675 0.143333    
0.5575 0.31    
0.605 0.373333    
0.6525 0.43    
0.6975 0.476667    
0.7775 0.553333    
0.8125 0.586667    
0.865 0.64    
0.885 0.653333    
0.9025 0.656667    
0.905 0.636667    
0.9 0.55    
0.8875 0.47    
0.875 0.37    
0.8575 0.246667    
0.815 -0.0433333    
0.795 -0.196667    
0.76 -0.476667    
0.7475 -0.61    
0.7325 -0.733333    
0.7075 -0.933333    
