64
-0.1275 0.513333    
-0.1275 0.523333    
-0.1275 0.523333    
-0.13 0.513333    
-0.135 0.5    
-0.145 0.466667    
-0.185 0.32    
-0.2525 0.09    
-0.2875 -0.0266667    
-0.34 -0.193333    
-0.355 -0.233333    
-0.3625 -0.243333    
-0.3625 -0.233333    
-0.3575 -0.196667    
-0.3325 -0.0433333    
-0.295 0.16    
-0.2725 0.263333    
-0.2475 0.353333    
-0.2225 0.433333    
-0.2225 0.433333    
-0.19 0.503333    
-0.1375 0.6    
-0.1175 0.616667    
-0.0975 0.606667    
-0.0725 0.48    
-0.0575 0.366667    
-0.0375 0.226667    
0.0125 -0.08    
0.04 -0.223333    
0.1 -0.44    
0.1275 -0.516667    
0.17 -0.596667    
0.1825 -0.596667    
0.1925 -0.563333    
0.1975 -0.496667    
0.205 -0.29    
0.21 -0.166667    
0.215 -0.0433333    
0.2375 0.17    
0.2775 0.34    
0.3 0.41    
0.325 0.466667    
0.35 0.513333    
0.3925 0.573333    
0.41 0.586667    
0.4375 0.586667    
0.4475 0.563333    
0.455 0.52    
0.4625 0.363333    
0.465 0.25    
0.4775 -0.01    
0.485 -0.146667    
0.5025 -0.383333    
0.5125 -0.473333    
0.52 -0.536667    
0.535 -0.606667    
0.54 -0.616667    
0.545 -0.616667    
0.545 -0.613333    
0.54 -0.596667    
0.5275 -0.546667    
0.5175 -0.513333    
0.4975 -0.453333    
0.49 -0.433333    
