114
-0.325 0.546667    
-0.325 0.546667    
-0.3275 0.546667    
-0.3275 0.546667    
-0.33 0.55    
-0.3325 0.55    
-0.335 0.553333    
-0.335 0.553333    
-0.335 0.553333    
-0.3375 0.553333    
-0.3375 0.556667    
-0.3375 0.556667    
-0.335 0.563333    
-0.3325 0.563333    
-0.3325 0.56    
-0.33 0.553333    
-0.33 0.543333    
-0.3325 0.506667    
-0.3375 0.473333    
-0.3425 0.433333    
-0.36 0.33    
-0.3875 0.203333    
-0.4025 0.136667    
-0.4175 0.0733333    
-0.4325 0.0133333    
-0.455 -0.09    
-0.465 -0.143333    
-0.4775 -0.193333    
-0.495 -0.286667    
-0.505 -0.333333    
-0.5075 -0.37    
-0.5125 -0.423333    
-0.5125 -0.436667    
-0.5075 -0.433333    
-0.5025 -0.413333    
-0.4925 -0.38    
-0.465 -0.266667    
-0.45 -0.193333    
-0.4175 -0.05    
-0.4025 0.02    
-0.3875 0.0833333    
-0.37 0.143333    
-0.37 0.143333    
-0.3475 0.216667    
-0.305 0.34    
-0.285 0.396667    
-0.2625 0.473333    
-0.255 0.496667    
-0.25 0.516667    
-0.2475 0.526667    
-0.245 0.54    
-0.2425 0.543333    
-0.2375 0.513333    
-0.2325 0.483333    
-0.215 0.39    
-0.205 0.333333    
-0.195 0.273333    
-0.1825 0.213333    
-0.1525 0.0833333    
-0.1375 0.02    
-0.11 -0.1    
-0.0975 -0.153333    
-0.0875 -0.2    
-0.075 -0.28    
-0.07 -0.313333    
-0.0675 -0.343333    
-0.0625 -0.386667    
-0.0625 -0.403333    
-0.0625 -0.4    
-0.0625 -0.39    
-0.0625 -0.37    
-0.0575 -0.293333    
-0.0525 -0.236667    
-0.05 -0.173333    
-0.04 -0.0533333    
-0.0375 -0.00333333    
-0.03 0.09    
-0.03 0.133333    
-0.0275 0.173333    
-0.025 0.266667    
-0.025 0.313333    
-0.025 0.406667    
-0.0275 0.443333    
-0.03 0.506667    
-0.03 0.53    
-0.03 0.556667    
-0.03 0.58    
-0.0325 0.613333    
-0.0325 0.623333    
-0.0325 0.633333    
-0.0325 0.646667    
-0.03 0.653333    
-0.03 0.646667    
-0.025 0.633333    
-0.015 0.606667    
0 0.57    
0.04 0.473333    
0.0625 0.423333    
0.105 0.336667    
0.125 0.3    
0.145 0.27    
0.1875 0.186667    
0.24 0.08    
0.245 0.07    
0.295 -0.0333333    
0.3375 -0.136667    
0.355 -0.18    
0.37 -0.216667    
0.39 -0.28    
0.3975 -0.303333    
0.4025 -0.326667    
0.41 -0.356667    
0.415 -0.366667    
0.415 -0.373333    
