67
-0.3075 0.51    
-0.3325 0.476667    
-0.355 0.45    
-0.3775 0.413333    
-0.405 0.366667    
-0.4575 0.24    
-0.485 0.156667    
-0.5025 0.1    
-0.53 -0.01    
-0.5425 -0.0766667    
-0.5575 -0.14    
-0.565 -0.183333    
-0.5725 -0.223333    
-0.5725 -0.24    
-0.57 -0.25    
-0.555 -0.223333    
-0.5425 -0.186667    
-0.5325 -0.136667    
-0.5175 -0.0766667    
-0.4975 0.0166667    
-0.4625 0.13    
-0.43 0.22    
-0.3825 0.34    
-0.3175 0.466667    
-0.295 0.51    
-0.25 0.57    
-0.22 0.606667    
-0.185 0.636667    
-0.1625 0.646667    
-0.1475 0.653333    
-0.13 0.636667    
-0.1225 0.623333    
-0.11 0.583333    
-0.095 0.536667    
-0.0775 0.463333    
-0.0525 0.346667    
-0.035 0.263333    
-0.01 0.146667    
0.0025 0.0866667    
0.03 -0.0333333    
0.065 -0.173333    
0.0775 -0.223333    
0.09 -0.27    
0.1025 -0.323333    
0.1225 -0.36    
0.125 -0.336667    
0.1225 -0.3    
0.12 -0.233333    
0.12 -0.146667    
0.125 -0.0733333    
0.145 0.0466667    
0.17 0.153333    
0.2175 0.313333    
0.2625 0.413333    
0.295 0.463333    
0.325 0.496667    
0.3525 0.516667    
0.3825 0.533333    
0.415 0.526667    
0.43 0.516667    
0.475 0.48    
0.5 0.446667    
0.525 0.4    
0.545 0.343333    
0.555 0.246667    
0.555 0.156667    
0.54 -0.0166667    
