99
-0.3075 0.373333    
-0.31 0.373333    
-0.315 0.373333    
-0.3175 0.373333    
-0.3175 0.373333    
-0.3225 0.366667    
-0.3275 0.356667    
-0.33 0.35    
-0.3375 0.326667    
-0.345 0.3    
-0.36 0.24    
-0.3725 0.17    
-0.395 0.00666667    
-0.41 -0.16    
-0.4175 -0.246667    
-0.43 -0.376667    
-0.44 -0.516667    
-0.4525 -0.623333    
-0.4575 -0.653333    
-0.46 -0.66    
-0.46 -0.633333    
-0.455 -0.57    
-0.4475 -0.5    
-0.435 -0.39    
-0.4275 -0.3    
-0.4175 -0.183333    
-0.4125 -0.103333    
-0.405 -0.01    
-0.3975 0.0833333    
-0.3875 0.143333    
-0.3775 0.2    
-0.3575 0.283333    
-0.3575 0.283333    
-0.3475 0.313333    
-0.3375 0.333333    
-0.325 0.343333    
-0.315 0.346667    
-0.295 0.343333    
-0.2725 0.333333    
-0.26 0.326667    
-0.2225 0.296667    
-0.165 0.22    
-0.14 0.176667    
-0.09 0.07    
-0.055 -0.0233333    
-0.0175 -0.143333    
0.005 -0.226667    
0.03 -0.32    
0.05 -0.383333    
0.0725 -0.456667    
0.0925 -0.506667    
0.1075 -0.536667    
0.12 -0.56    
0.1325 -0.566667    
0.1375 -0.56    
0.1425 -0.54    
0.155 -0.473333    
0.1625 -0.413333    
0.1725 -0.34    
0.19 -0.226667    
0.205 -0.116667    
0.215 -0.03    
0.235 0.1    
0.25 0.173333    
0.2625 0.24    
0.28 0.306667    
0.2925 0.343333    
0.3025 0.366667    
0.3125 0.373333    
0.3275 0.363333    
0.3475 0.326667    
0.3675 0.273333    
0.3975 0.173333    
0.4225 0.0933333    
0.46 -0.04    
0.49 -0.133333    
0.51 -0.19    
0.5275 -0.233333    
0.5525 -0.3    
0.56 -0.333333    
0.565 -0.366667    
0.57 -0.426667    
0.575 -0.46    
0.58 -0.486667    
0.5825 -0.51    
0.5825 -0.523333    
0.585 -0.533333    
0.585 -0.546667    
0.585 -0.55    
0.5825 -0.556667    
0.5825 -0.566667    
0.5825 -0.576667    
0.5825 -0.59    
0.585 -0.603333    
0.5875 -0.61    
0.59 -0.626667    
0.5925 -0.633333    
0.595 -0.643333    
0.5975 -0.653333    
