60
-0.3 0.473333    
-0.325 0.463333    
-0.335 0.43    
-0.3475 0.376667    
-0.365 0.3    
-0.3875 0.2    
-0.4425 -0.0633333    
-0.47 -0.2    
-0.5 -0.453333    
-0.505 -0.54    
-0.5075 -0.6    
-0.51 -0.65    
-0.51 -0.64    
-0.5075 -0.603333    
-0.4825 -0.45    
-0.46 -0.333333    
-0.4 -0.08    
-0.3675 0.04    
-0.335 0.146667    
-0.27 0.333333    
-0.2375 0.406667    
-0.205 0.466667    
-0.1525 0.526667    
-0.115 0.506667    
-0.0925 0.456667    
-0.0725 0.376667    
-0.03 0.136667    
-0.0125 -0.00666667    
0 -0.15    
0.015 -0.276667    
0.0375 -0.466667    
0.05 -0.52    
0.07 -0.56    
0.08 -0.543333    
0.1025 -0.426667    
0.1125 -0.326667    
0.1275 -0.21    
0.1425 -0.0833333    
0.1725 0.17    
0.1925 0.286667    
0.21 0.39    
0.2525 0.56    
0.27 0.613333    
0.3 0.673333    
0.3125 0.68    
0.35 0.646667    
0.35 0.646667    
0.35 0.646667    
0.4575 0.42    
0.515 0.283333    
0.5775 0.13    
0.67 -0.126667    
0.7025 -0.22    
0.755 -0.373333    
0.775 -0.426667    
0.7925 -0.47    
0.8075 -0.503333    
0.83 -0.543333    
0.845 -0.563333    
0.8475 -0.57    
