55
-0.075 0.53    
-0.1075 0.443333    
-0.145 0.343333    
-0.2 0.183333    
-0.245 0.0533333    
-0.3025 -0.11    
-0.34 -0.236667    
-0.3575 -0.31    
-0.385 -0.42    
-0.39 -0.483333    
-0.385 -0.506667    
-0.3725 -0.48    
-0.345 -0.406667    
-0.32 -0.313333    
-0.2875 -0.196667    
-0.2275 0.00666667    
-0.1925 0.126667    
-0.1625 0.22    
-0.135 0.31    
-0.12 0.36    
-0.1025 0.396667    
-0.0875 0.406667    
-0.0775 0.39    
-0.0625 0.32    
-0.05 0.23    
-0.0275 0.0633333    
-0.01 -0.0833333    
0.0175 -0.256667    
0.0425 -0.383333    
0.0575 -0.436667    
0.075 -0.453333    
0.0825 -0.423333    
0.0925 -0.343333    
0.1 -0.246667    
0.115 -0.05    
0.1275 0.07    
0.1425 0.186667    
0.1625 0.313333    
0.18 0.406667    
0.19 0.46    
0.205 0.516667    
0.2175 0.55    
0.2275 0.566667    
0.2525 0.59    
0.2825 0.58    
0.31 0.543333    
0.35 0.446667    
0.3925 0.296667    
0.43 0.146667    
0.4625 -0.01    
0.505 -0.206667    
0.53 -0.33    
0.5525 -0.44    
0.57 -0.49    
0.5775 -0.5    
