144
-0.0775 0.34    
-0.0775 0.306667    
-0.075 0.233333    
-0.07 0.166667    
-0.0675 0.0266667    
-0.065 -0.06    
-0.0625 -0.146667    
-0.065 -0.29    
-0.0675 -0.39    
-0.0725 -0.436667    
-0.08 -0.49    
-0.09 -0.543333    
-0.0975 -0.57    
-0.1175 0.306667    
-0.125 0.29    
-0.1325 0.276667    
-0.135 0.27    
-0.14 0.263333    
-0.1375 0.263333    
-0.1175 -0.656667    
-0.115 -0.646667    
-0.1075 -0.62    
-0.1 -0.576667    
-0.095 -0.556667    
-0.09 -0.523333    
-0.085 -0.5    
-0.0725 -0.443333    
-0.0625 -0.38    
-0.055 -0.333333    
-0.04 -0.256667    
-0.03 -0.21    
-0.015 -0.143333    
-0.0025 -0.09    
0.015 -0.02    
0.0275 0.03    
0.035 0.0566667    
0.0475 0.1    
0.0525 0.116667    
0.0625 0.146667    
0.0775 0.18    
0.0825 0.193333    
0.09 0.2    
0.0975 0.206667    
0.105 0.206667    
0.11 0.203333    
0.1125 0.2    
0.1175 0.19    
0.125 0.173333    
0.13 0.153333    
0.135 0.13    
0.14 0.1    
0.1425 0.0533333    
0.145 0.01    
0.1475 -0.0733333    
0.15 -0.126667    
0.155 -0.18    
0.16 -0.25    
0.17 -0.33    
0.175 -0.36    
0.185 -0.42    
0.1875 -0.433333    
0.1975 -0.486667    
0.2025 -0.52    
0.21 -0.563333    
0.215 -0.58    
0.215 -0.586667    
0.2175 -0.6    
0.22 -0.61    
0.22 -0.613333    
0.22 -0.613333    
0.2225 -0.61    
0.225 -0.596667    
0.23 -0.576667    
0.2375 -0.543333    
0.25 -0.466667    
0.2575 -0.413333    
0.27 -0.356667    
0.28 -0.29    
0.2875 -0.25    
0.3 -0.186667    
0.3075 -0.143333    
0.3175 -0.0866667    
0.3225 -0.0566667    
0.3375 0.03    
0.3425 0.0633333    
0.35 0.0933333    
0.355 0.113333    
0.36 0.133333    
0.3675 0.16    
0.37 0.17    
0.3725 0.183333    
0.375 0.196667    
0.375 0.203333    
0.3775 0.213333    
0.38 0.226667    
0.38 0.23    
0.3825 0.236667    
0.385 0.243333    
0.39 0.256667    
0.395 0.27    
0.3975 0.273333    
0.4 0.273333    
0.4025 0.266667    
0.4075 0.25    
0.415 0.216667    
0.42 0.19    
0.4275 0.146667    
0.4325 0.123333    
0.445 0.0566667    
0.4575 0    
0.465 -0.0266667    
0.48 -0.0833333    
0.49 -0.12    
0.51 -0.18    
0.5225 -0.223333    
0.535 -0.256667    
0.545 -0.286667    
0.56 -0.326667    
0.57 -0.353333    
0.5825 -0.39    
0.59 -0.42    
0.6025 -0.453333    
0.6125 -0.483333    
0.6225 -0.503333    
0.6325 -0.533333    
0.64 -0.553333    
0.65 -0.583333    
0.6575 -0.603333    
0.6675 -0.626667    
0.6825 -0.653333    
0.685 -0.656667    
0.6925 -0.67    
0.6975 -0.68    
0.7025 -0.693333    
0.71 -0.706667    
0.7125 -0.713333    
0.72 -0.733333    
0.725 -0.743333    
0.7325 -0.756667    
0.7425 -0.773333    
0.7475 -0.78    
0.755 -0.793333    
0.7575 -0.8    
0.76 -0.803333    
