60
-0.6375 -0.503333    
-0.635 -0.503333    
-0.63 -0.503333    
-0.625 -0.506667    
-0.615 -0.513333    
-0.6125 -0.516667    
-0.605 -0.52    
-0.595 -0.52    
-0.58 -0.51    
-0.565 -0.49    
-0.54 -0.44    
-0.5175 -0.376667    
-0.4825 -0.263333    
-0.45 -0.13    
-0.425 -0.0233333    
-0.3925 0.11    
-0.3475 0.256667    
-0.325 0.306667    
-0.2925 0.373333    
-0.245 0.423333    
-0.2 0.426667    
-0.155 0.38    
-0.1375 0.346667    
-0.1025 0.253333    
-0.0875 0.21    
-0.065 0.116667    
-0.0525 0.0466667    
-0.045 -0.06    
-0.0375 -0.176667    
-0.0325 -0.29    
-0.025 -0.363333    
-0.015 -0.456667    
-0.0075 -0.493333    
0 -0.516667    
0.01 -0.52    
0.0225 -0.51    
0.04 -0.476667    
0.07 -0.386667    
0.09 -0.31    
0.1075 -0.23    
0.13 -0.11    
0.1525 -0.0133333    
0.19 0.126667    
0.2175 0.2    
0.245 0.263333    
0.2825 0.32    
0.325 0.37    
0.34 0.383333    
0.36 0.38    
0.3975 0.316667    
0.4075 0.28    
0.43 0.176667    
0.445 0.0866667    
0.4675 -0.0866667    
0.475 -0.163333    
0.495 -0.326667    
0.515 -0.483333    
0.5325 -0.586667    
0.5475 -0.666667    
0.5625 -0.733333    
