71
-0.07 0.426667    
-0.0775 0.433333    
-0.085 0.43    
-0.0975 0.413333    
-0.11 0.386667    
-0.1375 0.313333    
-0.15 0.266667    
-0.1825 0.136667    
-0.2225 -0.0266667    
-0.2525 -0.166667    
-0.3 -0.38    
-0.32 -0.476667    
-0.3375 -0.546667    
-0.345 -0.576667    
-0.355 -0.596667    
-0.36 -0.573333    
-0.3575 -0.493333    
-0.3475 -0.4    
-0.325 -0.253333    
-0.305 -0.143333    
-0.265 0.0266667    
-0.24 0.116667    
-0.2175 0.193333    
-0.19 0.283333    
-0.17 0.356667    
-0.155 0.393333    
-0.1425 0.413333    
-0.1275 0.413333    
-0.1225 0.386667    
-0.115 0.323333    
-0.1075 0.213333    
-0.1 0.11    
-0.0775 -0.0433333    
-0.0425 -0.206667    
0 -0.36    
0.03 -0.466667    
0.0575 -0.556667    
0.0825 -0.643333    
0.09 -0.676667    
0.0875 -0.653333    
0.0825 -0.59    
0.0775 -0.49    
0.0775 -0.346667    
0.09 -0.19    
0.1175 -0.0533333    
0.145 0.0333333    
0.1775 0.11    
0.225 0.193333    
0.2575 0.25    
0.2775 0.283333    
0.3125 0.34    
0.3375 0.38    
0.3525 0.4    
0.365 0.403333    
0.3725 0.393333    
0.385 0.346667    
0.3975 0.3    
0.415 0.236667    
0.4375 0.16    
0.4875 0.0133333    
0.52 -0.08    
0.55 -0.17    
0.5825 -0.273333    
0.605 -0.353333    
0.6175 -0.4    
0.63 -0.44    
0.6325 -0.46    
0.6325 -0.47    
0.63 -0.473333    
0.6275 -0.47    
0.6225 -0.463333    
