56
-0.315 -0.376667    
-0.3175 -0.37    
-0.32 -0.366667    
-0.32 -0.363333    
-0.32 -0.356667    
-0.32 -0.346667    
-0.32 -0.33    
-0.3175 -0.27    
-0.31 -0.173333    
-0.305 -0.116667    
-0.2975 -0.0566667    
-0.2825 0.0633333    
-0.275 0.12    
-0.27 0.17    
-0.265 0.216667    
-0.2625 0.296667    
-0.2625 0.296667    
-0.2625 0.296667    
-0.2575 0.356667    
-0.255 0.373333    
-0.2475 0.396667    
-0.2275 0.38    
-0.1875 0.323333    
-0.1575 0.273333    
-0.1225 0.216667    
-0.0875 0.16    
-0.02 0.0466667    
0.0225 -0.05    
0.0375 -0.0866667    
0.045 -0.12    
0.05 -0.153333    
0.05 -0.206667    
0.05 -0.223333    
0.05 -0.246667    
0.05 -0.253333    
0.0475 -0.256667    
0.0475 -0.256667    
0.045 -0.26    
0.045 -0.26    
0.05 -0.27    
0.0575 -0.276667    
0.065 -0.276667    
0.0725 -0.27    
0.08 -0.25    
0.09 -0.216667    
0.12 -0.116667    
0.135 -0.0533333    
0.1725 0.0833333    
0.19 0.146667    
0.205 0.203333    
0.225 0.293333    
0.235 0.363333    
0.2375 0.386667    
0.235 0.406667    
0.2325 0.433333    
0.23 0.44    
