45
-0.2375 0.68    
-0.2575 0.64    
-0.3 0.5    
-0.3375 0.336667    
-0.3775 0.136667    
-0.44 -0.143333    
-0.48 -0.326667    
-0.5275 -0.473333    
-0.56 -0.526667    
-0.59 -0.536667    
-0.6175 -0.45    
-0.62 -0.343333    
-0.6125 -0.2    
-0.59 -0.0433333    
-0.545 0.156667    
-0.5025 0.293333    
-0.44 0.42    
-0.3925 0.48    
-0.3375 0.5    
-0.2925 0.426667    
-0.255 0.31    
-0.22 0.15    
-0.1775 -0.0366667    
-0.1175 -0.273333    
-0.0875 -0.38    
-0.0425 -0.506667    
0.0225 -0.63    
0.0725 -0.69    
0.1275 -0.726667    
0.2 -0.726667    
0.255 -0.666667    
0.3125 -0.533333    
0.345 -0.396667    
0.375 -0.176667    
0.3875 -0.0166667    
0.405 0.136667    
0.4425 0.313333    
0.4975 0.456667    
0.545 0.536667    
0.59 0.6    
0.635 0.676667    
0.655 0.72    
0.66 0.763333    
0.65 0.793333    
0.64 0.8    
