32
-0.1025 0.2    
-0.125 0.18    
-0.135 0.11    
-0.1275 -0.0266667    
-0.1125 -0.203333    
-0.1025 -0.34    
-0.095 -0.486667    
-0.095 -0.546667    
-0.1 -0.543333    
-0.1025 -0.456667    
-0.1 -0.326667    
-0.095 -0.226667    
-0.08 -0.123333    
-0.0675 -0.0966667    
-0.01 -0.11    
0.06 -0.17    
0.12 -0.226667    
0.14 -0.243333    
0.2075 -0.276667    
0.235 -0.243333    
0.2425 -0.133333    
0.2325 -0.01    
0.2125 0.17    
0.2025 0.313333    
0.2025 0.406667    
0.2075 0.416667    
0.2125 0.353333    
0.2175 0.21    
0.22 0.0566667    
0.225 -0.16    
0.2325 -0.36    
0.24 -0.48    
