60
-0.645 0.503333    
-0.625 0.456667    
-0.6175 0.416667    
-0.6075 0.29    
-0.605 0.19    
-0.605 -0.0866667    
-0.6225 -0.236667    
-0.705 -0.52    
-0.7575 -0.64    
-0.81 -0.73    
-0.85 -0.803333    
-0.8725 -0.86    
-0.8725 -0.86    
-0.87 -0.84    
-0.81 -0.683333    
-0.7625 -0.536667    
-0.7075 -0.36    
-0.62 -0.0333333    
-0.59 0.126667    
-0.525 0.383333    
-0.4925 0.49    
-0.46 0.57    
-0.3925 0.66    
-0.36 0.666667    
-0.325 0.636667    
-0.2525 0.463333    
-0.175 0.153333    
-0.1375 -0.02    
-0.1 -0.186667    
-0.02 -0.506667    
0.0175 -0.65    
0.055 -0.78    
0.0925 -0.89    
0.2025 -0.96    
0.2125 -0.896667    
0.2225 -0.82    
0.2275 -0.73    
0.24 -0.513333    
0.2875 -0.25    
0.3225 -0.103333    
0.3625 0.0433333    
0.4475 0.316667    
0.49 0.436667    
0.5275 0.536667    
0.585 0.69    
0.605 0.746667    
0.62 0.786667    
0.635 0.836667    
0.6325 0.846667    
0.6175 0.846667    
0.6075 0.84    
0.5825 0.813333    
0.5725 0.796667    
0.5625 0.78    
0.5475 0.75    
0.54 0.736667    
0.5325 0.73    
0.525 0.726667    
0.5075 0.72    
0.4975 0.716667    
