61
-0.315 0.51    
-0.3225 0.566667    
-0.32 0.596667    
-0.3175 0.6    
-0.315 0.593333    
-0.31 0.566667    
-0.3025 0.423333    
-0.3 0.31    
-0.295 0.176667    
-0.2875 -0.126667    
-0.28 -0.263333    
-0.2725 -0.383333    
-0.26 -0.553333    
-0.26 -0.613333    
-0.2625 -0.603333    
-0.2625 -0.603333    
-0.2625 -0.603333    
-0.2725 -0.393333    
-0.275 -0.25    
-0.27 0.07    
-0.2625 0.17    
-0.2525 0.256667    
-0.235 0.386667    
-0.225 0.43    
-0.205 0.49    
-0.195 0.51    
-0.185 0.52    
-0.175 0.513333    
-0.145 0.46    
-0.1 0.34    
-0.0725 0.256667    
-0.0425 0.163333    
-0.01 0.0666667    
0.0525 -0.13    
0.085 -0.22    
0.115 -0.303333    
0.17 -0.423333    
0.1925 -0.463333    
0.21 -0.483333    
0.235 -0.5    
0.2525 -0.466667    
0.26 -0.426667    
0.265 -0.36    
0.27 -0.193333    
0.27 -0.1    
0.27 -0.00333333    
0.275 0.0866667    
0.2975 0.273333    
0.3275 0.446667    
0.3425 0.516667    
0.355 0.576667    
0.3625 0.62    
0.3675 0.676667    
0.3625 0.7    
0.36 0.706667    
0.3575 0.706667    
0.3525 0.706667    
0.35 0.706667    
0.3475 0.703333    
0.3475 0.696667    
0.3475 0.693333    
