96
-0.175 0.586667    
-0.1775 0.593333    
-0.18 0.606667    
-0.1825 0.613333    
-0.1825 0.613333    
-0.1825 0.616667    
-0.1825 0.62    
-0.1825 0.616667    
-0.1825 0.616667    
-0.1825 0.613333    
-0.1825 0.61    
-0.1825 0.6    
-0.1825 0.586667    
-0.185 0.546667    
-0.185 0.516667    
-0.1875 0.476667    
-0.195 0.38    
-0.2025 0.28    
-0.2075 0.23    
-0.21 0.18    
-0.22 0.0866667    
-0.2225 0.0433333    
-0.2275 0    
-0.23 -0.0433333    
-0.235 -0.133333    
-0.2375 -0.176667    
-0.2375 -0.216667    
-0.235 -0.283333    
-0.2325 -0.306667    
-0.23 -0.336667    
-0.23 -0.34    
-0.23 -0.333333    
-0.2325 -0.313333    
-0.2325 -0.28    
-0.23 -0.233333    
-0.22 -0.106667    
-0.2125 -0.0366667    
-0.1925 0.106667    
-0.1825 0.176667    
-0.16 0.303333    
-0.15 0.356667    
-0.13 0.45    
-0.12 0.486667    
-0.1125 0.52    
-0.1075 0.546667    
-0.1 0.583333    
-0.0975 0.596667    
-0.0975 0.606667    
-0.095 0.626667    
-0.095 0.63    
-0.0925 0.63    
-0.085 0.606667    
-0.0775 0.583333    
-0.0575 0.513333    
-0.0425 0.466667    
-0.025 0.413333    
0.01 0.3    
0.025 0.246667    
0.0425 0.196667    
0.0775 0.0966667    
0.095 0.0433333    
0.1275 -0.0533333    
0.1425 -0.0966667    
0.1575 -0.136667    
0.1825 -0.21    
0.1925 -0.243333    
0.21 -0.3    
0.215 -0.32    
0.22 -0.333333    
0.225 -0.343333    
0.235 -0.35    
0.24 -0.346667    
0.24 -0.346667    
0.2475 -0.316667    
0.26 -0.23    
0.265 -0.166667    
0.275 -0.0466667    
0.275 -0.0333333    
0.285 0.09    
0.295 0.2    
0.3 0.25    
0.305 0.296667    
0.31 0.34    
0.32 0.413333    
0.3225 0.443333    
0.3275 0.486667    
0.3275 0.503333    
0.3275 0.526667    
0.3275 0.526667    
0.33 0.54    
0.33 0.546667    
0.33 0.556667    
0.33 0.563333    
0.3325 0.57    
0.3325 0.58    
0.3325 0.583333    
