47
-0.1425 0.376667    
-0.2325 0.42    
-0.265 0.44    
-0.285 0.446667    
-0.28 0.433333    
-0.27 0.39    
-0.265 0.31    
-0.2875 0.05    
-0.3125 -0.12    
-0.36 -0.45    
-0.375 -0.576667    
-0.385 -0.67    
-0.39 -0.756667    
-0.3925 -0.756667    
-0.39 -0.663333    
-0.3825 -0.566667    
-0.3475 -0.296667    
-0.3225 -0.153333    
-0.295 -0.0233333    
-0.2425 0.183333    
-0.215 0.263333    
-0.1925 0.326667    
-0.1725 0.373333    
-0.145 0.406667    
-0.135 0.39    
-0.12 0.276667    
-0.1125 0.183333    
-0.1025 0.0733333    
-0.09 -0.05    
-0.0625 -0.293333    
-0.045 -0.403333    
-0.005 -0.576667    
0.015 -0.63    
0.0375 -0.666667    
0.0775 -0.676667    
0.12 -0.586667    
0.145 -0.503333    
0.1675 -0.393333    
0.19 -0.27    
0.2325 -0.00333333    
0.2525 0.123333    
0.29 0.353333    
0.3025 0.44    
0.3125 0.51    
0.3225 0.563333    
0.3375 0.626667    
0.3375 0.626667    
