75
-0.3925 0.493333    
-0.415 0.493333    
-0.4225 0.483333    
-0.4325 0.463333    
-0.445 0.416667    
-0.4525 0.33    
-0.455 0.283333    
-0.45 0.153333    
-0.4425 0.0633333    
-0.435 -0.0333333    
-0.4275 -0.173333    
-0.4275 -0.28    
-0.44 -0.453333    
-0.45 -0.516667    
-0.475 -0.653333    
-0.4875 -0.73    
-0.4925 -0.756667    
-0.4975 -0.776667    
-0.4975 -0.78    
-0.49 -0.753333    
-0.475 -0.693333    
-0.4575 -0.62    
-0.43 -0.493333    
-0.4 -0.34    
-0.3775 -0.206667    
-0.3525 -0.03    
-0.3425 0.09    
-0.33 0.226667    
-0.325 0.303333    
-0.315 0.383333    
-0.3025 0.456667    
-0.295 0.506667    
-0.29 0.546667    
-0.2825 0.6    
-0.28 0.606667    
-0.275 0.613333    
-0.2675 0.606667    
-0.2575 0.586667    
-0.2475 0.57    
-0.23 0.54    
-0.2025 0.5    
-0.1875 0.476667    
-0.155 0.423333    
-0.125 0.366667    
-0.085 0.27    
-0.0525 0.186667    
0.0025 0.0266667    
0.0525 -0.113333    
0.075 -0.183333    
0.12 -0.306667    
0.15 -0.393333    
0.1775 -0.486667    
0.2075 -0.57    
0.215 -0.58    
0.235 -0.586667    
0.2575 -0.546667    
0.27 -0.49    
0.29 -0.39    
0.3 -0.336667    
0.3175 -0.25    
0.36 -0.06    
0.3825 0.0366667    
0.3975 0.103333    
0.43 0.233333    
0.4725 0.386667    
0.4875 0.446667    
0.5175 0.57    
0.5275 0.646667    
0.53 0.693333    
0.5325 0.74    
0.5275 0.776667    
0.5225 0.793333    
0.515 0.8    
0.5075 0.8    
0.4975 0.79    
