79
-0.245 0.523333    
-0.2475 0.523333    
-0.2475 0.52    
-0.2475 0.516667    
-0.2475 0.513333    
-0.2475 0.506667    
-0.25 0.486667    
-0.2525 0.466667    
-0.2675 0.386667    
-0.28 0.31    
-0.3025 0.173333    
-0.3125 0.09    
-0.3375 -0.15    
-0.3525 -0.346667    
-0.36 -0.44    
-0.3725 -0.59    
-0.38 -0.663333    
-0.3875 -0.73    
-0.3875 -0.74    
-0.3875 -0.736667    
-0.3825 -0.706667    
-0.375 -0.633333    
-0.37 -0.553333    
-0.36 -0.433333    
-0.35 -0.31    
-0.34 -0.193333    
-0.33 -0.113333    
-0.3125 -0.01    
-0.305 0.0433333    
-0.28 0.16    
-0.26 0.25    
-0.2475 0.31    
-0.2375 0.363333    
-0.225 0.44    
-0.22 0.473333    
-0.2175 0.5    
-0.2125 0.516667    
-0.2075 0.53    
-0.1975 0.53    
-0.1925 0.523333    
-0.17 0.496667    
-0.15 0.456667    
-0.1175 0.373333    
-0.0825 0.246667    
-0.0575 0.136667    
-0.0225 -0.02    
0.005 -0.13    
0.04 -0.263333    
0.0775 -0.396667    
0.0925 -0.443333    
0.1175 -0.523333    
0.135 -0.57    
0.16 -0.626667    
0.1725 -0.65    
0.1825 -0.66    
0.1875 -0.66    
0.21 -0.616667    
0.2275 -0.556667    
0.26 -0.41    
0.28 -0.313333    
0.3 -0.223333    
0.3175 -0.14    
0.345 -0.0233333    
0.3575 0.0366667    
0.37 0.09    
0.385 0.15    
0.3975 0.19    
0.41 0.24    
0.4175 0.273333    
0.425 0.313333    
0.4325 0.35    
0.435 0.37    
0.4425 0.4    
0.445 0.413333    
0.4475 0.416667    
0.45 0.413333    
0.4525 0.406667    
0.4525 0.396667    
0.455 0.386667    
