58
0.0525 0.433333    
0.0275 0.363333    
-0.005 0.24    
-0.045 0.106667    
-0.09 -0.0566667    
-0.145 -0.296667    
-0.18 -0.533333    
-0.19 -0.683333    
-0.1925 -0.82    
-0.195 -0.886667    
-0.2 -0.88    
-0.21 -0.806667    
-0.2125 -0.703333    
-0.21 -0.506667    
-0.1975 -0.346667    
-0.155 -0.106667    
-0.1225 0.0133333    
-0.0875 0.1    
-0.0425 0.2    
-0.0275 0.236667    
0 0.296667    
0.015 0.313333    
0.0325 0.32    
0.04 0.31    
0.0525 0.273333    
0.065 0.213333    
0.0825 0.1    
0.1 -0.00666667    
0.1225 -0.14    
0.1375 -0.236667    
0.155 -0.35    
0.18 -0.45    
0.2025 -0.51    
0.2275 -0.563333    
0.2675 -0.626667    
0.2825 -0.646667    
0.3 -0.663333    
0.315 -0.673333    
0.3225 -0.68    
0.3325 -0.673333    
0.3375 -0.66    
0.3425 -0.62    
0.3475 -0.57    
0.355 -0.483333    
0.3625 -0.373333    
0.3675 -0.276667    
0.3725 -0.143333    
0.38 -0.04    
0.3925 0.0933333    
0.4025 0.17    
0.4125 0.256667    
0.42 0.316667    
0.4225 0.36    
0.4225 0.393333    
0.425 0.42    
0.425 0.453333    
0.425 0.466667    
0.425 0.476667    
