135
-0.1575 0.226667    
-0.1575 0.226667    
-0.155 0.223333    
-0.155 0.21    
-0.1525 0.19    
-0.1525 0.146667    
-0.1525 0.1    
-0.155 0.0266667    
-0.1575 -0.0833333    
-0.16 -0.153333    
-0.1625 -0.176667    
-0.165 -0.263333    
-0.1675 -0.32    
-0.17 -0.41    
-0.17 -0.443333    
-0.1725 -0.513333    
-0.1725 -0.563333    
-0.175 -0.626667    
-0.175 -0.673333    
-0.175 -0.72    
-0.1725 -0.766667    
-0.17 -0.796667    
-0.165 -0.83    
-0.1625 -0.846667    
-0.1625 -0.85    
-0.1575 -0.856667    
-0.1575 -0.856667    
-0.1575 -0.85    
-0.155 -0.84    
-0.1525 -0.81    
-0.1475 -0.77    
-0.1425 -0.75    
-0.135 -0.703333    
-0.13 -0.663333    
-0.115 -0.59    
-0.105 -0.543333    
-0.095 -0.493333    
-0.085 -0.436667    
-0.08 -0.39    
-0.075 -0.346667    
-0.0725 -0.31    
-0.075 -0.236667    
-0.0775 -0.21    
-0.085 -0.146667    
-0.0875 -0.11    
-0.09 -0.1    
-0.0925 -0.0633333    
-0.095 -0.01    
-0.095 0.0266667    
-0.0975 0.0433333    
-0.0975 0.0633333    
-0.0975 0.0933333    
-0.0975 0.0966667    
-0.0975 0.106667    
-0.0975 0.106667    
-0.0975 0.106667    
-0.095 0.103333    
-0.095 0.1    
-0.095 0.0866667    
-0.095 0.0833333    
-0.095 0.07    
-0.095 0.0566667    
-0.0925 0.0333333    
-0.0875 0    
-0.0775 -0.0266667    
-0.065 -0.0633333    
-0.055 -0.0833333    
-0.035 -0.123333    
-0.02 -0.153333    
0.0025 -0.206667    
0.015 -0.24    
0.025 -0.276667    
0.045 -0.35    
0.0575 -0.396667    
0.07 -0.443333    
0.0925 -0.516667    
0.105 -0.556667    
0.1175 -0.6    
0.1325 -0.64    
0.1575 -0.703333    
0.1675 -0.726667    
0.18 -0.75    
0.205 -0.786667    
0.225 -0.813333    
0.2475 -0.843333    
0.2675 -0.883333    
0.28 -0.913333    
0.295 -0.95    
0.305 -0.98    
0.3125 -0.993333    
0.315 -0.993333    
0.3175 -0.986667    
0.3225 -0.966667    
0.3275 -0.953333    
0.335 -0.933333    
0.345 -0.91    
0.36 -0.863333    
0.3775 -0.803333    
0.385 -0.776667    
0.3975 -0.726667    
0.4025 -0.69    
0.41 -0.636667    
0.4125 -0.583333    
0.415 -0.543333    
0.4175 -0.493333    
0.415 -0.443333    
0.41 -0.403333    
0.4025 -0.363333    
0.39 -0.306667    
0.3825 -0.263333    
0.3775 -0.236667    
0.3725 -0.216667    
0.375 -0.21    
0.3825 -0.203333    
0.39 -0.2    
0.395 -0.196667    
0.4 -0.193333    
0.405 -0.186667    
0.41 -0.176667    
0.4125 -0.17    
0.4175 -0.163333    
0.4225 -0.153333    
0.4275 -0.143333    
0.43 -0.133333    
0.435 -0.116667    
0.4425 -0.0933333    
0.4475 -0.0833333    
0.4575 -0.0666667    
0.465 -0.06    
0.475 -0.05    
0.48 -0.0466667    
0.48 -0.0433333    
0.48 -0.04    
0.4775 -0.0433333    
0.47 -0.0533333    
