65
-0.495 -0.46    
-0.495 -0.46    
-0.495 -0.46    
-0.495 -0.46    
-0.495 -0.456667    
-0.495 -0.453333    
-0.495 -0.45    
-0.495 -0.436667    
-0.4925 -0.386667    
-0.4875 -0.353333    
-0.48 -0.276667    
-0.4725 -0.213333    
-0.46 -0.106667    
-0.4575 -0.07    
-0.45 0.00333333    
-0.4425 0.0733333    
-0.435 0.12    
-0.425 0.206667    
-0.4175 0.293333    
-0.415 0.346667    
-0.4125 0.396667    
-0.41 0.43    
-0.405 0.446667    
-0.395 0.44    
-0.3775 0.403333    
-0.355 0.336667    
-0.3375 0.276667    
-0.315 0.19    
-0.3 0.123333    
-0.2775 0.00333333    
-0.265 -0.0666667    
-0.2525 -0.133333    
-0.24 -0.21    
-0.2275 -0.263333    
-0.2175 -0.316667    
-0.2075 -0.356667    
-0.2 -0.383333    
-0.19 -0.413333    
-0.1825 -0.436667    
-0.17 -0.46    
-0.155 -0.48    
-0.1475 -0.48    
-0.13 -0.463333    
-0.11 -0.416667    
-0.1 -0.386667    
-0.085 -0.313333    
-0.0725 -0.25    
-0.055 -0.116667    
-0.05 -0.0566667    
-0.0425 0.0633333    
-0.0375 0.16    
-0.035 0.226667    
-0.035 0.333333    
-0.0325 0.41    
-0.0275 0.526667    
-0.02 0.596667    
-0.0075 0.666667    
0.0075 0.71    
0.0225 0.73    
0.04 0.716667    
0.0575 0.683333    
0.065 0.67    
0.0775 0.65    
0.0825 0.643333    
0.0925 0.62    
