72
-0.055 0.383333    
-0.075 0.38    
-0.085 0.376667    
-0.1025 0.346667    
-0.115 0.313333    
-0.1425 0.246667    
-0.1725 0.166667    
-0.21 0.06    
-0.26 -0.1    
-0.3325 -0.333333    
-0.3675 -0.46    
-0.4 -0.57    
-0.4225 -0.653333    
-0.4475 -0.733333    
-0.455 -0.756667    
-0.46 -0.763333    
-0.465 -0.743333    
-0.465 -0.736667    
-0.46 -0.67    
-0.4475 -0.573333    
-0.4275 -0.49    
-0.3925 -0.37    
-0.36 -0.286667    
-0.31 -0.17    
-0.26 -0.0466667    
-0.21 0.0666667    
-0.18 0.136667    
-0.145 0.21    
-0.115 0.27    
-0.1 0.3    
-0.085 0.33    
-0.0775 0.34    
-0.0725 0.34    
-0.07 0.313333    
-0.0675 0.25    
-0.065 0.213333    
-0.055 0.13    
-0.035 0.0333333    
-0.01 -0.05    
0.0325 -0.173333    
0.0675 -0.27    
0.11 -0.39    
0.1375 -0.47    
0.17 -0.56    
0.1825 -0.593333    
0.1925 -0.623333    
0.1975 -0.633333    
0.2 -0.633333    
0.205 -0.61    
0.2125 -0.573333    
0.23 -0.496667    
0.2525 -0.423333    
0.27 -0.366667    
0.305 -0.273333    
0.355 -0.143333    
0.395 -0.0566667    
0.4425 0.04    
0.48 0.113333    
0.5 0.146667    
0.5225 0.18    
0.5375 0.21    
0.545 0.226667    
0.5525 0.246667    
0.555 0.253333    
0.5575 0.26    
0.56 0.266667    
0.5625 0.273333    
0.565 0.28    
0.57 0.29    
0.57 0.293333    
0.57 0.293333    
0.5725 0.296667    
