41
-0.1875 0.236667    
-0.1875 0.236667    
-0.1875 0.24    
-0.1925 0.24    
-0.2075 0.223333    
-0.2225 0.196667    
-0.24 0.15    
-0.2825 0.0133333    
-0.3 -0.07    
-0.3175 -0.24    
-0.3125 -0.316667    
-0.2675 -0.41    
-0.2325 -0.433333    
-0.195 -0.443333    
-0.115 -0.44    
-0.075 -0.42    
-0.0375 -0.393333    
0.0175 -0.32    
0.04 -0.273333    
0.0575 -0.223333    
0.075 -0.166667    
0.09 -0.05    
0.09 0.00333333    
0.0725 0.1    
0.055 0.143333    
0.0075 0.21    
-0.0225 0.236667    
-0.0875 0.273333    
-0.1175 0.28    
-0.1475 0.283333    
-0.175 0.283333    
-0.225 0.27    
-0.2425 0.26    
-0.2575 0.246667    
-0.27 0.236667    
-0.29 0.206667    
-0.2925 0.203333    
-0.29 0.196667    
-0.29 0.196667    
-0.2875 0.196667    
-0.28 0.2    
