29
-0.055 0.563333    
-0.1025 0.476667    
-0.1775 0.29    
-0.2075 0.146667    
-0.2175 -0.00333333    
-0.205 -0.166667    
-0.15 -0.33    
-0.085 -0.453333    
0.025 -0.573333    
0.1175 -0.623333    
0.2125 -0.63    
0.3275 -0.57    
0.4075 -0.43    
0.4475 -0.236667    
0.4425 -0.0733333    
0.41 0.0933333    
0.3575 0.25    
0.2675 0.416667    
0.1625 0.526667    
0.135 0.543333    
0.0475 0.56    
-0.04 0.536667    
-0.185 0.403333    
-0.2575 0.293333    
-0.31 0.173333    
-0.35 0.0466667    
-0.3775 -0.103333    
-0.3825 -0.22    
-0.375 -0.29    
