52
0.0575 0.363333    
0.0625 0.393333    
0.065 0.41    
0.0625 0.453333    
0.0575 0.48    
0.045 0.503333    
0.0275 0.52    
-0.0275 0.52    
-0.07 0.493333    
-0.1625 0.36    
-0.205 0.27    
-0.245 0.17    
-0.29 -0.0233333    
-0.305 -0.193333    
-0.305 -0.193333    
-0.2975 -0.356667    
-0.2825 -0.433333    
-0.2125 -0.586667    
-0.1575 -0.656667    
-0.0025 -0.776667    
0.085 -0.82    
0.1825 -0.856667    
0.28 -0.88    
0.455 -0.883333    
0.5225 -0.853333    
0.5775 -0.8    
0.645 -0.626667    
0.655 -0.42    
0.6425 -0.313333    
0.615 -0.21    
0.5375 -0.02    
0.4875 0.0666667    
0.435 0.146667    
0.3225 0.27    
0.2675 0.316667    
0.155 0.363333    
0.1 0.37    
0.045 0.366667    
-0.01 0.356667    
-0.1025 0.32    
-0.14 0.296667    
-0.1925 0.243333    
-0.205 0.216667    
-0.21 0.193333    
-0.2025 0.153333    
-0.195 0.14    
-0.185 0.13    
-0.16 0.12    
-0.1425 0.116667    
-0.125 0.116667    
-0.0925 0.133333    
-0.0625 0.166667    
