62
0.2725 0.636667    
0.275 0.636667    
0.275 0.636667    
0.275 0.653333    
0.2725 0.666667    
0.2525 0.686667    
0.23 0.69    
0.1975 0.683333    
0.1 0.64    
0.04 0.603333    
-0.0825 0.483333    
-0.1375 0.41    
-0.1775 0.32    
-0.215 0.113333    
-0.21 0.00666667    
-0.155 -0.196667    
-0.11 -0.266667    
-0.055 -0.31    
0.06 -0.326667    
0.1125 -0.313333    
0.2025 -0.23    
0.2375 -0.166667    
0.265 -0.0866667    
0.285 -0.00333333    
0.295 0.153333    
0.29 0.213333    
0.2775 0.316667    
0.2675 0.363333    
0.26 0.403333    
0.2425 0.463333    
0.2325 0.48    
0.225 0.49    
0.2025 0.5    
0.1775 0.506667    
0.1675 0.506667    
0.1575 0.51    
0.15 0.513333    
0.14 0.523333    
0.135 0.53    
0.1325 0.54    
0.1275 0.566667    
0.125 0.586667    
0.12 0.603333    
0.1125 0.636667    
0.1025 0.66    
0.095 0.666667    
0.085 0.67    
0.075 0.673333    
0.0525 0.676667    
0.045 0.676667    
0.035 0.673333    
0.025 0.67    
0.0225 0.67    
0.0175 0.666667    
0.0175 0.666667    
0.015 0.666667    
0.015 0.666667    
0.015 0.666667    
0.015 0.666667    
0.015 0.666667    
0.015 0.666667    
0.015 0.663333    
