78
-0.0275 0.626667    
-0.0275 0.626667    
-0.0275 0.626667    
-0.0275 0.626667    
-0.0275 0.626667    
-0.0275 0.626667    
-0.0275 0.626667    
-0.0275 0.626667    
-0.0275 0.626667    
-0.03 0.626667    
-0.0325 0.623333    
-0.0375 0.623333    
-0.0425 0.616667    
-0.0575 0.6    
-0.0675 0.59    
-0.0775 0.576667    
-0.1 0.546667    
-0.11 0.53    
-0.12 0.513333    
-0.135 0.47    
-0.14 0.443333    
-0.1525 0.376667    
-0.16 0.336667    
-0.1625 0.293333    
-0.165 0.243333    
-0.1625 0.126667    
-0.1575 0.06    
-0.14 -0.0833333    
-0.13 -0.153333    
-0.13 -0.153333    
-0.11 -0.243333    
-0.09 -0.323333    
-0.0675 -0.396667    
-0.0225 -0.526667    
-0.0025 -0.56    
0.0175 -0.59    
0.055 -0.633333    
0.075 -0.643333    
0.12 -0.64    
0.1425 -0.63    
0.185 -0.576667    
0.205 -0.54    
0.2225 -0.493333    
0.255 -0.38    
0.27 -0.316667    
0.2825 -0.25    
0.3025 -0.11    
0.3075 -0.0366667    
0.305 0.0833333    
0.3 0.133333    
0.295 0.176667    
0.2875 0.213333    
0.27 0.293333    
0.26 0.333333    
0.2525 0.37    
0.2325 0.433333    
0.2125 0.476667    
0.1975 0.496667    
0.1825 0.51    
0.1675 0.526667    
0.135 0.55    
0.12 0.56    
0.105 0.57    
0.0775 0.58    
0.0625 0.583333    
0.05 0.583333    
0.0225 0.576667    
0.01 0.576667    
-0.0125 0.573333    
-0.035 0.566667    
-0.035 0.566667    
-0.0525 0.55    
-0.0625 0.536667    
-0.0625 0.536667    
-0.0675 0.533333    
-0.0725 0.53    
-0.0725 0.53    
-0.075 0.53    
