60
-0.1475 0.383333    
-0.1475 0.386667    
-0.15 0.39    
-0.1525 0.39    
-0.16 0.39    
-0.165 0.39    
-0.17 0.386667    
-0.175 0.386667    
-0.1875 0.38    
-0.195 0.376667    
-0.215 0.366667    
-0.2325 0.353333    
-0.25 0.343333    
-0.2775 0.32    
-0.3025 0.293333    
-0.32 0.27    
-0.335 0.243333    
-0.3475 0.19    
-0.35 0.15    
-0.35 0.103333    
-0.33 0.0133333    
-0.3075 -0.0433333    
-0.255 -0.123333    
-0.2125 -0.16    
-0.1675 -0.19    
-0.1225 -0.21    
-0.0625 -0.22    
-0.0175 -0.213333    
0.0375 -0.186667    
0.1 -0.123333    
0.12 -0.09    
0.16 -0.02    
0.1825 0.0333333    
0.205 0.103333    
0.215 0.153333    
0.22 0.186667    
0.2175 0.256667    
0.21 0.293333    
0.1925 0.32    
0.1725 0.34    
0.13 0.353333    
0.09 0.35    
0.0525 0.343333    
0.0275 0.333333    
-0.0025 0.32    
-0.015 0.313333    
-0.0375 0.303333    
-0.0525 0.296667    
-0.075 0.286667    
-0.0875 0.283333    
-0.1 0.283333    
-0.1125 0.283333    
-0.1275 0.29    
-0.135 0.296667    
-0.14 0.303333    
-0.145 0.31    
-0.1475 0.313333    
-0.15 0.316667    
-0.15 0.323333    
-0.15 0.323333    
