76
-0.0425 0.36    
-0.0525 0.36    
-0.055 0.36    
-0.0575 0.363333    
-0.06 0.366667    
-0.065 0.373333    
-0.0675 0.38    
-0.07 0.386667    
-0.075 0.403333    
-0.0775 0.41    
-0.0825 0.426667    
-0.0975 0.45    
-0.125 0.476667    
-0.1525 0.496667    
-0.195 0.513333    
-0.255 0.513333    
-0.2775 0.5    
-0.31 0.476667    
-0.3525 0.416667    
-0.39 0.34    
-0.42 0.246667    
-0.4425 0.143333    
-0.455 0.0333333    
-0.455 -0.03    
-0.4475 -0.166667    
-0.4125 -0.34    
-0.3925 -0.396667    
-0.34 -0.49    
-0.295 -0.54    
-0.25 -0.57    
-0.1875 -0.593333    
-0.115 -0.59    
-0.09 -0.576667    
-0.06 -0.556667    
-0.0075 -0.496667    
0.0275 -0.443333    
0.07 -0.35    
0.0875 -0.293333    
0.095 -0.233333    
0.1025 -0.153333    
0.1025 -0.09    
0.095 0.00333333    
0.0875 0.08    
0.07 0.173333    
0.055 0.253333    
0.045 0.306667    
0.035 0.363333    
0.0325 0.38    
0.0275 0.413333    
0.02 0.443333    
0.0125 0.46    
0.005 0.473333    
-0.0025 0.483333    
-0.0125 0.493333    
-0.0175 0.5    
-0.03 0.5    
-0.0375 0.496667    
-0.045 0.493333    
-0.055 0.483333    
-0.065 0.476667    
-0.0725 0.473333    
-0.0825 0.47    
-0.0925 0.466667    
-0.1075 0.463333    
-0.1275 0.46    
-0.1375 0.456667    
-0.1525 0.45    
-0.1625 0.446667    
-0.1675 0.443333    
-0.1775 0.436667    
-0.185 0.433333    
-0.195 0.426667    
-0.1975 0.423333    
-0.2025 0.413333    
-0.2075 0.41    
-0.21 0.406667    
