31
-0.0375 0.52    
-0.05 0.526667    
-0.095 0.496667    
-0.1225 0.47    
-0.15 0.43    
-0.205 0.316667    
-0.245 0.133333    
-0.255 0.01    
-0.25 -0.12    
-0.2325 -0.253333    
-0.2 -0.376667    
-0.105 -0.56    
-0.0475 -0.616667    
0.0725 -0.656667    
0.1325 -0.643333    
0.1875 -0.606667    
0.2775 -0.476667    
0.31 -0.39    
0.345 -0.19    
0.35 -0.09    
0.3475 0.00333333    
0.3375 0.0933333    
0.2975 0.236667    
0.27 0.296667    
0.1975 0.393333    
0.1625 0.426667    
0.125 0.446667    
0.0525 0.453333    
-0.0075 0.43    
-0.035 0.41    
-0.055 0.39    
