53
0.16 0.59    
0.1425 0.55    
0.12 0.48    
0.1075 0.416667    
0.095 0.343333    
0.08 0.2    
0.075 0.13    
0.0775 -0.02    
0.0875 -0.153333    
0.105 -0.253333    
0.1275 -0.353333    
0.17 -0.463333    
0.21 -0.53    
0.275 -0.593333    
0.3525 -0.623333    
0.405 -0.606667    
0.4625 -0.576667    
0.5125 -0.543333    
0.55 -0.496667    
0.575 -0.473333    
0.6 -0.44    
0.62 -0.383333    
0.625 -0.33    
0.63 -0.243333    
0.63 -0.106667    
0.6275 0.02    
0.625 0.176667    
0.6175 0.326667    
0.61 0.41    
0.595 0.486667    
0.5775 0.536667    
0.5575 0.58    
0.5175 0.636667    
0.485 0.673333    
0.465 0.686667    
0.4375 0.706667    
0.4075 0.72    
0.3625 0.726667    
0.3325 0.723333    
0.295 0.71    
0.27 0.686667    
0.2425 0.653333    
0.2175 0.62    
0.2 0.6    
0.1775 0.573333    
0.16 0.55    
0.145 0.536667    
0.1325 0.523333    
0.1175 0.506667    
0.1075 0.5    
0.1 0.49    
0.095 0.483333    
0.09 0.48    
