101
0.4125 0.396667    
0.4025 0.396667    
0.395 0.39    
0.3875 0.383333    
0.3775 0.373333    
0.3675 0.363333    
0.355 0.346667    
0.3425 0.33    
0.3275 0.306667    
0.305 0.263333    
0.29 0.226667    
0.275 0.19    
0.2625 0.156667    
0.25 0.1    
0.245 0.0566667    
0.245 0.0366667    
0.245 -0.00666667    
0.25 -0.0733333    
0.255 -0.1    
0.265 -0.156667    
0.28 -0.196667    
0.3075 -0.256667    
0.3275 -0.283333    
0.3475 -0.31    
0.375 -0.333333    
0.405 -0.35    
0.4275 -0.353333    
0.4575 -0.356667    
0.4825 -0.35    
0.5175 -0.326667    
0.5375 -0.306667    
0.56 -0.276667    
0.57 -0.256667    
0.5875 -0.206667    
0.5975 -0.17    
0.605 -0.143333    
0.6075 -0.12    
0.6075 -0.0833333    
0.605 -0.06    
0.6 -0.0366667    
0.5875 0.0166667    
0.5825 0.04    
0.5725 0.09    
0.5675 0.103333    
0.555 0.15    
0.54 0.183333    
0.52 0.213333    
0.5 0.243333    
0.485 0.26    
0.4675 0.283333    
0.455 0.303333    
0.4375 0.333333    
0.425 0.356667    
0.41 0.39    
0.3925 0.416667    
0.38 0.43    
0.3625 0.443333    
0.35 0.45    
0.33 0.45    
0.3175 0.446667    
0.31 0.446667    
0.3 0.446667    
0.2925 0.446667    
0.285 0.453333    
0.2825 0.456667    
0.28 0.46    
0.28 0.456667    
0.285 0.45    
0.2925 0.44    
0.3 0.43    
0.315 0.403333    
0.32 0.396667    
0.3275 0.383333    
0.34 0.363333    
0.345 0.343333    
0.3525 0.326667    
0.3575 0.3    
0.3625 0.283333    
0.365 0.27    
0.365 0.26    
0.365 0.25    
0.365 0.243333    
0.365 0.236667    
0.3625 0.23    
0.3575 0.226667    
0.355 0.226667    
0.35 0.223333    
0.345 0.22    
0.3425 0.22    
0.34 0.216667    
0.3375 0.216667    
0.3325 0.216667    
0.3325 0.22    
0.33 0.223333    
0.3275 0.23    
0.325 0.23    
0.325 0.233333    
0.325 0.236667    
0.3225 0.236667    
0.32 0.24    
0.32 0.243333    
