53
-0.1725 0.453333    
-0.1825 0.456667    
-0.21 0.46    
-0.2325 0.46    
-0.2625 0.456667    
-0.2925 0.45    
-0.32 0.436667    
-0.3425 0.416667    
-0.3575 0.393333    
-0.3725 0.36    
-0.39 0.303333    
-0.4025 0.25    
-0.415 0.176667    
-0.42 0.116667    
-0.4275 0.0533333    
-0.4325 -0.06    
-0.435 -0.0966667    
-0.4325 -0.156667    
-0.4275 -0.193333    
-0.4175 -0.233333    
-0.4025 -0.253333    
-0.3725 -0.273333    
-0.3325 -0.273333    
-0.3 -0.266667    
-0.2575 -0.246667    
-0.23 -0.226667    
-0.215 -0.21    
-0.19 -0.176667    
-0.16 -0.116667    
-0.13 -0.05    
-0.1125 0.00666667    
-0.0975 0.07    
-0.0925 0.133333    
-0.095 0.153333    
-0.0975 0.176667    
-0.105 0.21    
-0.1125 0.256667    
-0.1175 0.29    
-0.12 0.323333    
-0.125 0.356667    
-0.135 0.4    
-0.1525 0.423333    
-0.1775 0.433333    
-0.1925 0.433333    
-0.2075 0.433333    
-0.22 0.43    
-0.235 0.426667    
-0.245 0.42    
-0.2525 0.413333    
-0.2575 0.406667    
-0.2625 0.396667    
-0.265 0.38    
-0.265 0.37    
