64
0.1625 0.416667    
0.14 0.416667    
0.1225 0.416667    
0.095 0.406667    
0.065 0.393333    
0.0175 0.353333    
-0.0375 0.29    
-0.075 0.23    
-0.1175 0.133333    
-0.1375 0.06    
-0.1525 -0.0466667    
-0.155 -0.156667    
-0.1475 -0.243333    
-0.13 -0.383333    
-0.1125 -0.463333    
-0.0925 -0.53    
-0.065 -0.596667    
-0.04 -0.633333    
-0.0075 -0.663333    
0.0125 -0.67    
0.0475 -0.67    
0.0925 -0.653333    
0.1275 -0.626667    
0.1725 -0.58    
0.2 -0.536667    
0.23 -0.473333    
0.2575 -0.4    
0.2825 -0.32    
0.2975 -0.26    
0.315 -0.183333    
0.325 -0.126667    
0.3325 -0.0533333    
0.3375 -0.00666667    
0.3375 0.07    
0.3325 0.113333    
0.325 0.146667    
0.3075 0.186667    
0.29 0.213333    
0.2625 0.24    
0.2375 0.256667    
0.1975 0.28    
0.1725 0.29    
0.1425 0.303333    
0.125 0.31    
0.1025 0.316667    
0.0825 0.323333    
0.0675 0.33    
0.0525 0.336667    
0.0375 0.346667    
0.0225 0.356667    
0.015 0.363333    
0.005 0.373333    
0 0.38    
-0.005 0.383333    
-0.0075 0.386667    
-0.0075 0.393333    
-0.01 0.4    
-0.01 0.406667    
-0.0075 0.416667    
-0.005 0.42    
-0.005 0.426667    
-0.0025 0.43    
-0.0025 0.43    
-0.0025 0.43    
