39
-0.335 0.51    
-0.3275 0.533333    
-0.3175 0.513333    
-0.305 0.416667    
-0.295 0.206667    
-0.2875 0    
-0.2775 -0.22    
-0.27 -0.496667    
-0.2625 -0.696667    
-0.26 -0.79    
-0.26 -0.85    
0.07 -0.956667    
-0.2875 -0.783333    
-0.31 -0.67    
-0.3325 -0.516667    
-0.3575 -0.323333    
-0.09 -0.37    
-0.09 -0.296667    
-0.09 -0.273333    
-0.085 -0.263333    
-0.0725 -0.266667    
-0.0525 -0.263333    
-0.2925 0.64    
-0.215 0.68    
-0.1025 0.71    
-0.015 0.703333    
0.11 0.646667    
0.1825 0.553333    
0.2525 0.373333    
0.285 0.21    
0.2875 0.0433333    
0.255 -0.146667    
0.215 -0.253333    
0.1975 -0.28    
0.12 -0.353333    
0.035 -0.366667    
-0.03 -0.343333    
-0.0925 -0.313333    
-0.16 -0.26    
