46
-0.16 0.503333    
-0.1675 0.51    
-0.1725 0.516667    
-0.1675 0.52    
-0.1475 0.52    
-0.065 0.496667    
-0.0075 0.473333    
0.055 0.446667    
0.17 0.363333    
0.21 0.31    
0.2325 0.253333    
0.22 0.126667    
0.1925 0.0666667    
0.105 -0.04    
0.055 -0.0766667    
-0.03 -0.106667    
-0.0625 -0.0966667    
-0.085 -0.07    
-0.1025 -0.0333333    
-0.1125 0.0733333    
-0.1075 0.183333    
-0.1025 0.23    
-0.0975 0.27    
-0.095 0.306667    
-0.0925 0.36    
-0.095 0.38    
-0.105 0.4    
-0.1125 0.396667    
-0.12 0.37    
-0.1225 0.33    
-0.115 0.21    
-0.11 0.13    
-0.105 0.0366667    
-0.0925 -0.14    
-0.0875 -0.216667    
-0.0875 -0.34    
-0.0875 -0.376667    
-0.0875 -0.4    
-0.0925 -0.43    
-0.1025 -0.436667    
-0.125 -0.45    
-0.1375 -0.453333    
-0.15 -0.46    
-0.165 -0.473333    
-0.17 -0.476667    
-0.1725 -0.483333    
