55
-0.455 0.736667    
-0.4425 0.78    
-0.43 0.81    
-0.405 0.843333    
-0.3825 0.796667    
-0.37 0.713333    
-0.3625 0.59    
-0.36 0.4    
-0.37 0.193333    
-0.415 -0.236667    
-0.45 -0.433333    
-0.5175 -0.72    
-0.5325 -0.84    
-0.545 -0.913333    
-0.545 -0.98    
-0.5525 -0.956667    
-0.5675 -0.846667    
-0.5625 -0.78    
-0.56 -0.666667    
-0.5375 -0.44    
-0.53 -0.306667    
-0.5225 -0.156667    
-0.485 0.12    
-0.4525 0.263333    
-0.3825 0.513333    
-0.3325 0.656667    
-0.2425 0.866667    
-0.2025 0.953333    
0.1275 0.986667    
0.15 0.83    
0.1525 0.736667    
0.15 0.636667    
0.125 0.436667    
0.1025 0.34    
0.045 0.173333    
0.01 0.09    
-0.0275 0.01    
-0.11 -0.126667    
-0.16 -0.183333    
-0.16 -0.183333    
-0.2325 -0.206667    
-0.355 -0.226667    
-0.41 -0.216667    
-0.455 -0.206667    
-0.4625 -0.21    
-0.465 -0.173333    
-0.44 -0.136667    
-0.44 -0.136667    
-0.4 -0.106667    
-0.38 -0.0966667    
-0.3425 -0.0666667    
-0.325 -0.0466667    
-0.31 -0.0233333    
-0.28 0.0133333    
-0.265 0.0333333    
