52
-0.1125 0.556667    
-0.1175 0.586667    
-0.125 0.623333    
-0.125 0.62    
-0.1125 0.516667    
-0.0875 0.273333    
-0.0725 0.116667    
-0.0625 -0.0566667    
-0.0575 -0.223333    
-0.05 -0.516667    
-0.0475 -0.626667    
-0.045 -0.706667    
-0.0375 -0.786667    
-0.0375 -0.79    
-0.0375 -0.77    
-0.0475 -0.64    
-0.06 -0.4    
-0.065 -0.263333    
-0.065 -0.126667    
-0.06 -0.00666667    
-0.05 0.203333    
-0.045 0.293333    
-0.0375 0.373333    
-0.0225 0.523333    
-0.0125 0.593333    
0.0025 0.653333    
0.0425 0.75    
0.12 0.79    
0.1675 0.79    
0.2125 0.776667    
0.2875 0.703333    
0.3075 0.646667    
0.32 0.576667    
0.32 0.5    
0.2925 0.346667    
0.27 0.286667    
0.2 0.206667    
0.1575 0.18    
0.11 0.163333    
0.0125 0.133333    
-0.035 0.12    
-0.0775 0.116667    
-0.1475 0.136667    
-0.1875 0.166667    
-0.195 0.183333    
-0.195 0.19    
-0.1925 0.193333    
-0.1775 0.193333    
-0.1575 0.19    
-0.1575 0.19    
-0.135 0.186667    
-0.135 0.186667    
