81
-0.03 0.65    
-0.03 0.65    
-0.0325 0.65    
-0.0325 0.65    
-0.0325 0.65    
-0.035 0.64    
-0.04 0.6    
-0.045 0.563333    
-0.05 0.513333    
-0.065 0.38    
-0.0725 0.3    
-0.08 0.213333    
-0.0925 0.0266667    
-0.095 -0.06    
-0.095 -0.21    
-0.09 -0.28    
-0.085 -0.343333    
-0.0775 -0.4    
-0.07 -0.496667    
-0.0675 -0.526667    
-0.0625 -0.57    
-0.06 -0.583333    
-0.0575 -0.59    
-0.055 -0.593333    
-0.06 -0.57    
-0.06 -0.57    
-0.0725 -0.486667    
-0.085 -0.326667    
-0.09 -0.226667    
-0.0875 -0.126667    
-0.0825 -0.0266667    
-0.07 0.156667    
-0.06 0.233333    
-0.0525 0.306667    
-0.0375 0.436667    
-0.025 0.54    
-0.0175 0.58    
-0.0125 0.616667    
-0.01 0.646667    
-0.0075 0.67    
-0.0025 0.7    
0 0.713333    
0.0025 0.72    
0.005 0.733333    
0.0075 0.736667    
0.0125 0.743333    
0.015 0.746667    
0.025 0.75    
0.035 0.75    
0.0475 0.746667    
0.095 0.733333    
0.16 0.72    
0.1975 0.713333    
0.1975 0.713333    
0.1975 0.713333    
0.285 0.683333    
0.3275 0.633333    
0.3275 0.633333    
0.34 0.563333    
0.3425 0.516667    
0.335 0.413333    
0.3275 0.363333    
0.315 0.316667    
0.2825 0.233333    
0.26 0.196667    
0.235 0.166667    
0.17 0.11    
0.1375 0.0933333    
0.075 0.0666667    
0.0525 0.0566667    
0.02 0.0533333    
0.01 0.0533333    
0.0025 0.0533333    
0 0.0533333    
-0.005 0.0533333    
-0.005 0.0533333    
-0.0075 0.0533333    
-0.0075 0.0533333    
-0.01 0.0566667    
-0.01 0.0566667    
-0.01 0.0566667    
