45
-0.225 0.443333    
-0.2375 0.433333    
-0.255 0.39    
-0.295 0.183333    
-0.315 0.0166667    
-0.3275 -0.183333    
-0.3325 -0.58    
-0.3275 -0.743333    
-0.3225 -0.866667    
-0.3475 -0.933333    
-0.3625 -0.713333    
-0.365 -0.57    
-0.3625 -0.413333    
-0.3375 -0.11    
-0.295 0.146667    
-0.2675 0.253333    
-0.24 0.336667    
-0.2125 0.406667    
-0.1675 0.496667    
-0.145 0.513333    
-0.145 0.513333    
-0.11 0.5    
-0.075 0.49    
0.05 0.466667    
0.1175 0.446667    
0.185 0.426667    
0.2675 0.356667    
0.285 0.31    
0.2875 0.256667    
0.2675 0.123333    
0.245 0.0533333    
0.1875 -0.0733333    
0.1475 -0.12    
0.1025 -0.153333    
0.0025 -0.186667    
-0.055 -0.193333    
-0.1625 -0.19    
-0.21 -0.186667    
-0.2775 -0.18    
-0.2975 -0.176667    
-0.31 -0.176667    
-0.3225 -0.17    
-0.325 -0.166667    
-0.325 -0.163333    
-0.325 -0.16    
