55
-0.195 0.506667    
-0.195 0.446667    
-0.195 0.446667    
-0.1975 0.403333    
-0.2 0.373333    
-0.2025 0.346667    
-0.205 0.323333    
-0.21 0.3    
-0.22 0.256667    
-0.2325 0.2    
-0.2575 0.0866667    
-0.2775 -0.02    
-0.3075 -0.186667    
-0.3325 -0.36    
-0.345 -0.476667    
-0.3575 -0.606667    
-0.365 -0.673333    
-0.375 -0.726667    
-0.38 -0.703333    
-0.38 -0.666667    
-0.375 -0.56    
-0.3575 -0.376667    
-0.345 -0.263333    
-0.3375 -0.193333    
-0.3175 -0.0666667    
-0.3 0.0433333    
-0.2825 0.126667    
-0.2575 0.22    
-0.235 0.276667    
-0.2 0.346667    
-0.175 0.383333    
-0.15 0.41    
-0.135 0.43    
-0.1175 0.446667    
-0.1 0.463333    
-0.0725 0.483333    
-0.0475 0.49    
-0.0225 0.496667    
0.005 0.493333    
0.035 0.486667    
0.0675 0.473333    
0.09 0.44    
0.085 0.373333    
0.06 0.296667    
0.0425 0.26    
-0.0125 0.186667    
-0.06 0.163333    
-0.085 0.156667    
-0.14 0.143333    
-0.185 0.133333    
-0.2425 0.126667    
-0.275 0.123333    
-0.3075 0.13    
-0.3225 0.143333    
-0.3225 0.15    
