62
-0.18 0.6    
-0.19 0.53    
-0.1925 0.46    
-0.195 0.306667    
-0.1975 0.2    
-0.2025 0.06    
-0.205 -0.0166667    
-0.21 -0.17    
-0.2075 -0.38    
-0.2 -0.506667    
-0.195 -0.626667    
-0.19 -0.73    
-0.1875 -0.84    
-0.1925 -0.86    
-0.2025 -0.836667    
-0.2225 -0.746667    
-0.2375 -0.646667    
-0.2525 -0.48    
-0.26 -0.346667    
-0.26 -0.186667    
-0.26 -0.0766667    
-0.255 0.0233333    
-0.2525 0.116667    
-0.2425 0.226667    
-0.23 0.33    
-0.2175 0.396667    
-0.205 0.466667    
-0.195 0.5    
-0.1825 0.53    
-0.1775 0.536667    
-0.1675 0.546667    
-0.16 0.55    
-0.135 0.56    
-0.105 0.57    
-0.0825 0.573333    
-0.03 0.58    
0.01 0.576667    
0.0775 0.553333    
0.11 0.53    
0.135 0.493333    
0.155 0.43    
0.1625 0.346667    
0.1575 0.283333    
0.1325 0.176667    
0.11 0.123333    
0.08 0.0766667    
0.0475 0.0433333    
-0.01 -0.01    
-0.045 -0.0366667    
-0.0775 -0.06    
-0.1125 -0.0833333    
-0.1325 -0.09    
-0.1575 -0.0933333    
-0.1725 -0.0933333    
-0.18 -0.09    
-0.1825 -0.0866667    
-0.185 -0.0866667    
-0.19 -0.0833333    
-0.1925 -0.08    
-0.1925 -0.0766667    
-0.195 -0.0766667    
-0.1975 -0.0766667    
