59
-0.0175 0.483333    
-0.0175 0.413333    
-0.02 0.273333    
-0.0175 0.07    
-0.01 -0.1    
0.0025 -0.336667    
0.0125 -0.51    
0.02 -0.693333    
0.01 -0.82    
0 -0.88    
-0.015 -0.91    
-0.04 -0.906667    
-0.06 -0.876667    
-0.08 -0.77    
-0.0975 -0.656667    
-0.11 -0.476667    
-0.11 -0.273333    
-0.1075 -0.14    
-0.1075 -0.0966667    
-0.095 0.0566667    
-0.0825 0.183333    
-0.0725 0.256667    
-0.05 0.366667    
-0.04 0.396667    
-0.01 0.466667    
0.01 0.5    
0.0375 0.54    
0.0575 0.566667    
0.0775 0.593333    
0.105 0.62    
0.1325 0.64    
0.1675 0.646667    
0.205 0.643333    
0.225 0.64    
0.2675 0.623333    
0.3075 0.596667    
0.3375 0.563333    
0.3575 0.513333    
0.3725 0.44    
0.3775 0.383333    
0.375 0.306667    
0.365 0.25    
0.34 0.19    
0.315 0.146667    
0.2575 0.0533333    
0.2225 -0.00333333    
0.185 -0.0566667    
0.14 -0.123333    
0.11 -0.15    
0.0775 -0.17    
0.05 -0.176667    
0.0375 -0.166667    
0.0275 -0.16    
0.02 -0.15    
0.015 -0.136667    
0.015 -0.116667    
0.0225 -0.1    
0.035 -0.08    
0.0525 -0.0666667    
