101
0.1075 0.523333    
0.1075 0.526667    
0.11 0.516667    
0.1125 0.493333    
0.1125 0.396667    
0.1125 0.346667    
0.105 0.206667    
0.095 0.103333    
0.0925 0.04    
0.09 -0.0166667    
0.0875 -0.0966667    
0.0875 -0.14    
0.085 -0.176667    
0.085 -0.21    
0.08 -0.243333    
0.0775 -0.27    
0.075 -0.286667    
0.0725 -0.296667    
0.07 -0.31    
0.0675 -0.326667    
0.0675 -0.336667    
0.0675 -0.343333    
0.0675 -0.343333    
0.0675 -0.326667    
0.07 -0.303333    
0.0825 -0.23    
0.0875 -0.2    
0.1 -0.146667    
0.1175 -0.0766667    
0.1375 0.0166667    
0.145 0.0466667    
0.1575 0.106667    
0.165 0.143333    
0.17 0.18    
0.1725 0.203333    
0.175 0.26    
0.175 0.283333    
0.175 0.303333    
0.175 0.34    
0.1775 0.38    
0.18 0.396667    
0.185 0.426667    
0.1875 0.45    
0.1925 0.473333    
0.1975 0.493333    
0.2025 0.506667    
0.2125 0.523333    
0.225 0.533333    
0.2425 0.54    
0.27 0.546667    
0.295 0.553333    
0.3375 0.563333    
0.345 0.563333    
0.3725 0.57    
0.3825 0.57    
0.405 0.566667    
0.4125 0.553333    
0.4175 0.54    
0.42 0.526667    
0.4225 0.51    
0.42 0.483333    
0.4175 0.473333    
0.4125 0.46    
0.4025 0.436667    
0.39 0.42    
0.375 0.39    
0.3575 0.36    
0.3375 0.33    
0.33 0.316667    
0.315 0.296667    
0.3025 0.28    
0.285 0.256667    
0.2775 0.246667    
0.265 0.226667    
0.2475 0.206667    
0.2325 0.193333    
0.215 0.176667    
0.2025 0.163333    
0.1875 0.15    
0.18 0.146667    
0.17 0.14    
0.1625 0.136667    
0.1575 0.136667    
0.1525 0.136667    
0.15 0.133333    
0.1475 0.133333    
0.145 0.133333    
0.145 0.133333    
0.1425 0.13    
0.1425 0.123333    
0.14 0.12    
0.135 0.11    
0.1325 0.103333    
0.1275 0.0933333    
0.125 0.09    
0.125 0.09    
0.125 0.0866667    
0.125 0.0833333    
0.1275 0.08    
0.13 0.0766667    
0.135 0.0733333    
