65
-0.1575 0.306667    
-0.1575 0.29    
-0.1575 0.246667    
-0.1575 0.21    
-0.16 0.163333    
-0.16 0.126667    
-0.16 0.05    
-0.16 -0.00333333    
-0.16 -0.0566667    
-0.1575 -0.113333    
-0.155 -0.186667    
-0.1525 -0.243333    
-0.1525 -0.276667    
-0.155 -0.293333    
-0.1575 -0.303333    
-0.1625 -0.306667    
-0.165 -0.326667    
-0.17 -0.34    
-0.175 -0.33    
-0.18 -0.3    
-0.1875 -0.266667    
-0.1975 -0.21    
-0.205 -0.173333    
-0.215 -0.123333    
-0.22 -0.09    
-0.225 -0.0466667    
-0.225 -0.0233333    
-0.2225 0.00333333    
-0.22 0.0333333    
-0.22 0.06    
-0.22 0.0833333    
-0.22 0.11    
-0.22 0.136667    
-0.2225 0.18    
-0.2225 0.213333    
-0.225 0.26    
-0.225 0.303333    
-0.22 0.33    
-0.21 0.363333    
-0.195 0.386667    
-0.1675 0.406667    
-0.135 0.416667    
-0.105 0.426667    
-0.06 0.44    
-0.03 0.45    
0.0125 0.463333    
0.05 0.466667    
0.0875 0.453333    
0.1175 0.443333    
0.165 0.42    
0.18 0.41    
0.205 0.37    
0.2075 0.333333    
0.2 0.283333    
0.1825 0.233333    
0.125 0.13    
0.1 0.106667    
0.045 0.0633333    
0.0025 0.04    
-0.04 0.0233333    
-0.0925 0.0133333    
-0.115 0.01    
-0.1475 0.0133333    
-0.175 0.02    
-0.1875 0.0233333    
