55
-0.175 0.28    
-0.175 0.276667    
-0.1775 0.27    
-0.18 0.256667    
-0.1825 0.24    
-0.18 0.186667    
-0.1775 0.133333    
-0.175 0.05    
-0.1725 -0.106667    
-0.1725 -0.26    
-0.1725 -0.486667    
-0.17 -0.7    
-0.1675 -0.83    
-0.1625 -0.946667    
-0.1925 -0.95    
-0.205 -0.876667    
-0.22 -0.71    
-0.225 -0.586667    
-0.225 -0.42    
-0.2175 -0.296667    
-0.205 -0.146667    
-0.1925 -0.0466667    
-0.175 0.07    
-0.1525 0.166667    
-0.135 0.23    
-0.1225 0.27    
-0.0925 0.333333    
-0.07 0.373333    
-0.035 0.42    
-0.005 0.446667    
0.0425 0.47    
0.0975 0.483333    
0.1375 0.48    
0.1775 0.466667    
0.225 0.426667    
0.2425 0.383333    
0.25 0.333333    
0.2475 0.25    
0.235 0.18    
0.2025 0.0833333    
0.1625 -0.00333333    
0.115 -0.0833333    
0.0725 -0.13    
0.015 -0.176667    
-0.05 -0.213333    
-0.0925 -0.233333    
-0.1425 -0.253333    
-0.175 -0.263333    
-0.2 -0.27    
-0.2275 -0.276667    
-0.2375 -0.28    
-0.2425 -0.28    
-0.2425 -0.28    
-0.24 -0.276667    
-0.2325 -0.27    
