48
-0.315 0.38    
-0.3275 0.36    
-0.3375 0.34    
-0.355 0.306667    
-0.38 0.256667    
-0.4025 0.206667    
-0.42 0.143333    
-0.4125 0.0466667    
-0.375 -0.0366667    
-0.3125 -0.12    
-0.1975 -0.21    
-0.0625 -0.266667    
0.0325 -0.28    
0.155 -0.253333    
0.235 -0.203333    
0.32 -0.106667    
0.3525 -0.04    
0.395 0.103333    
0.41 0.21    
0.4025 0.373333    
0.37 0.51    
0.3225 0.59    
0.26 0.66    
0.165 0.703333    
0.09 0.703333    
-0.005 0.68    
-0.075 0.633333    
-0.1175 0.593333    
-0.14 0.553333    
-0.1525 0.48    
-0.14 0.393333    
-0.1025 0.296667    
0.02 0.13    
0.1175 0.05    
0.2225 -0.0233333    
0.3475 -0.133333    
0.4275 -0.23    
0.495 -0.333333    
0.545 -0.433333    
0.59 -0.55    
0.6025 -0.6    
0.59 -0.606667    
0.545 -0.563333    
0.5 -0.51    
0.45 -0.453333    
0.39 -0.393333    
0.3575 -0.37    
0.325 -0.356667    
