56
0.1275 0.61    
0.14 0.653333    
0.1475 0.663333    
0.1625 0.673333    
0.16 0.676667    
0.125 0.68    
0.085 0.686667    
0.025 0.696667    
-0.145 0.706667    
-0.24 0.696667    
-0.3425 0.666667    
-0.4375 0.61    
-0.555 0.41    
-0.585 0.283333    
-0.58 0    
-0.54 -0.136667    
-0.4775 -0.233333    
-0.325 -0.323333    
-0.235 -0.32    
-0.14 -0.283333    
0.0275 -0.126667    
0.0875 -0.0433333    
0.1625 0.136667    
0.1825 0.226667    
0.19 0.31    
0.175 0.456667    
0.1475 0.576667    
0.1475 0.576667    
0.12 0.66    
0.105 0.706667    
0.105 0.706667    
0.1025 0.726667    
0.1025 0.723333    
0.1 0.7    
0.095 0.68    
0.095 0.68    
0.04 0.646667    
0.015 0.513333    
0.0525 0.156667    
0.0925 -0.0366667    
0.2175 -0.44    
0.2975 -0.65    
0.375 -0.753333    
0.42 -0.813333    
0.465 -0.873333    
0.4775 -0.883333    
0.49 -0.883333    
0.5125 -0.863333    
0.5225 -0.85    
0.54 -0.82    
0.5475 -0.81    
0.55 -0.803333    
0.5525 -0.8    
0.5525 -0.8    
0.555 -0.8    
0.5525 -0.8    
