46
0.135 0.493333    
0.12 0.576667    
0.11 0.616667    
0.0925 0.65    
0.065 0.663333    
-0.015 0.626667    
-0.07 0.56    
-0.19 0.356667    
-0.2475 0.22    
-0.2975 0.07    
-0.3625 -0.276667    
-0.3825 -0.46    
-0.385 -0.79    
-0.3575 -0.926667    
0.335 -0.976667    
0.4375 -0.766667    
0.47 -0.66    
0.4875 -0.543333    
0.5025 -0.303333    
0.51 -0.176667    
0.51 0.0266667    
0.5075 0.103333    
0.4975 0.166667    
0.46 0.263333    
0.43 0.296667    
0.345 0.34    
0.2975 0.35    
0.205 0.356667    
0.205 0.356667    
0.205 0.356667    
0.1525 0.346667    
0.06 0.31    
0.0225 0.283333    
-0.015 0.25    
-0.0475 0.196667    
0.205 -0.476667    
-0.05 0.12    
-0.0325 0.0733333    
-0.0075 -0.01    
0.0575 -0.253333    
0.1 -0.386667    
0.155 -0.51    
0.285 -0.69    
0.36 -0.753333    
0.4375 -0.82    
0.5725 -0.95    
