66
-0.15 0.466667    
-0.235 0.426667    
-0.2725 0.386667    
-0.325 0.256667    
-0.335 0.17    
-0.335 0.07    
-0.29 -0.133333    
-0.25 -0.23    
-0.1975 -0.313333    
-0.0725 -0.43    
-0.0025 -0.45    
0.0625 -0.45    
0.17 -0.406667    
0.25 -0.3    
0.2775 -0.226667    
0.2925 -0.14    
0.2975 0.05    
0.285 0.136667    
0.27 0.213333    
0.245 0.283333    
0.18 0.38    
0.11 0.45    
0.07 0.48    
0.0325 0.503333    
-0.0425 0.536667    
-0.0825 0.54    
-0.12 0.536667    
-0.185 0.51    
-0.21 0.496667    
-0.23 0.483333    
-0.24 0.476667    
-0.25 0.473333    
-0.2475 0.48    
-0.2425 0.486667    
-0.2125 0.51    
-0.17 0.523333    
-0.1425 0.523333    
-0.1175 0.516667    
-0.0975 0.51    
-0.045 0.446667    
-0.0125 0.39    
0.0775 0.23    
0.135 0.13    
0.1975 0.0133333    
0.2625 -0.106667    
0.42 -0.4    
0.5 -0.516667    
0.54 -0.57    
0.5675 -0.606667    
0.5875 -0.626667    
0.605 -0.64    
0.6075 -0.636667    
0.6 -0.61    
0.595 -0.593333    
0.59 -0.573333    
0.59 -0.573333    
0.58 -0.536667    
0.575 -0.526667    
0.5725 -0.516667    
0.5675 -0.51    
0.5625 -0.506667    
0.5575 -0.503333    
0.55 -0.496667    
0.5475 -0.493333    
0.545 -0.49    
0.5425 -0.486667    
