109
-0.0225 0.593333    
-0.0225 0.596667    
-0.0225 0.6    
-0.0225 0.603333    
-0.025 0.603333    
-0.0275 0.603333    
-0.03 0.603333    
-0.0475 0.593333    
-0.0575 0.583333    
-0.07 0.573333    
-0.1 0.533333    
-0.1125 0.5    
-0.1425 0.416667    
-0.1525 0.366667    
-0.17 0.256667    
-0.1725 0.193333    
-0.1725 0.12    
-0.16 -0.0333333    
-0.1475 -0.106667    
-0.13 -0.173333    
-0.11 -0.23    
-0.065 -0.326667    
-0.0175 -0.39    
0.0025 -0.41    
0.0225 -0.426667    
0.0425 -0.436667    
0.085 -0.44    
0.11 -0.426667    
0.1375 -0.41    
0.1925 -0.353333    
0.2175 -0.316667    
0.2575 -0.23    
0.2725 -0.176667    
0.2825 -0.12    
0.29 -0.00666667    
0.2875 0.0466667    
0.28 0.1    
0.2625 0.206667    
0.2525 0.256667    
0.23 0.346667    
0.2175 0.383333    
0.2075 0.413333    
0.185 0.456667    
0.175 0.473333    
0.1625 0.483333    
0.13 0.503333    
0.1125 0.51    
0.08 0.526667    
0.065 0.53    
0.0525 0.536667    
0.04 0.54    
0.02 0.546667    
0.0125 0.55    
0 0.553333    
-0.005 0.553333    
-0.0125 0.556667    
-0.015 0.56    
-0.0175 0.56    
-0.0175 0.56    
-0.02 0.563333    
-0.02 0.566667    
-0.02 0.566667    
-0.015 0.563333    
-0.0125 0.56    
-0.005 0.543333    
0.005 0.516667    
0.01 0.503333    
0.015 0.49    
0.025 0.463333    
0.03 0.446667    
0.035 0.43    
0.04 0.41    
0.05 0.35    
0.0525 0.316667    
0.0575 0.283333    
0.0625 0.23    
0.065 0.21    
0.0675 0.173333    
0.07 0.16    
0.0725 0.13    
0.0725 0.12    
0.075 0.106667    
0.0825 0.0866667    
0.0875 0.08    
0.095 0.07    
0.1075 0.0533333    
0.115 0.0433333    
0.1225 0.0333333    
0.14 0.00666667    
0.165 -0.0266667    
0.1775 -0.05    
0.19 -0.0766667    
0.2025 -0.103333    
0.235 -0.166667    
0.2525 -0.2    
0.275 -0.233333    
0.315 -0.32    
0.3325 -0.363333    
0.35 -0.4    
0.37 -0.453333    
0.3775 -0.476667    
0.38 -0.483333    
0.38 -0.49    
0.38 -0.493333    
0.3775 -0.496667    
0.3775 -0.496667    
0.3775 -0.496667    
0.375 -0.496667    
0.3725 -0.496667    
