59
-0.155 0.556667    
-0.16 0.563333    
-0.17 0.566667    
-0.1825 0.566667    
-0.19 0.56    
-0.195 0.556667    
-0.2 0.55    
-0.2075 0.54    
-0.21 0.533333    
-0.215 0.53    
-0.225 0.523333    
-0.2375 0.51    
-0.2625 0.48    
-0.305 0.413333    
-0.3325 0.35    
-0.36 0.273333    
-0.385 0.186667    
-0.41 0.0466667    
-0.41 -0.0566667    
-0.4 -0.113333    
-0.36 -0.196667    
-0.3075 -0.216667    
-0.28 -0.21    
-0.1975 -0.156667    
-0.15 -0.116667    
-0.1075 -0.0833333    
-0.0875 -0.0666667    
-0.06 -0.0166667    
-0.0525 0.0366667    
-0.0475 0.07    
-0.05 0.15    
-0.0575 0.21    
-0.0775 0.3    
-0.0975 0.353333    
-0.12 0.406667    
-0.1275 0.423333    
-0.165 0.486667    
-0.1825 0.51    
-0.2025 0.53    
-0.21 0.533333    
-0.2175 0.536667    
-0.22 0.526667    
-0.215 0.51    
-0.2075 0.49    
-0.1925 0.463333    
-0.1675 0.413333    
-0.145 0.37    
-0.1125 0.316667    
-0.09 0.253333    
-0.0525 0.12    
-0.025 0.03    
0.005 -0.0733333    
0.05 -0.19    
0.0975 -0.276667    
0.1125 -0.296667    
0.1275 -0.313333    
0.1325 -0.31    
0.1375 -0.28    
0.14 -0.246667    
