71
-0.16 0.71    
-0.19 0.7    
-0.2275 0.676667    
-0.29 0.606667    
-0.315 0.56    
-0.365 0.436667    
-0.3925 0.316667    
-0.405 0.143333    
-0.3825 -0.03    
-0.3475 -0.143333    
-0.2775 -0.26    
-0.2075 -0.33    
-0.0875 -0.403333    
0.0125 -0.436667    
0.08 -0.443333    
0.12 -0.436667    
0.2125 -0.363333    
0.2425 -0.303333    
0.26 -0.236667    
0.27 -0.17    
0.27 -0.0766667    
0.26 -0.00666667    
0.24 0.0833333    
0.22 0.15    
0.185 0.233333    
0.145 0.31    
0.125 0.346667    
0.0875 0.393333    
0.0225 0.45    
-0.005 0.466667    
-0.0425 0.48    
-0.09 0.5    
-0.1325 0.52    
-0.1625 0.533333    
-0.1975 0.546667    
-0.2325 0.553333    
-0.245 0.553333    
-0.2675 0.546667    
-0.2825 0.54    
-0.29 0.536667    
-0.305 0.523333    
-0.3125 0.513333    
-0.3225 0.503333    
-0.3275 0.496667    
-0.33 0.483333    
-0.3175 0.46    
-0.305 0.446667    
-0.275 0.403333    
-0.24 0.353333    
-0.185 0.26    
-0.13 0.14    
-0.0825 0.0466667    
-0.03 -0.05    
0.03 -0.16    
0.095 -0.26    
0.1375 -0.33    
0.21 -0.45    
0.2475 -0.503333    
0.28 -0.55    
0.3175 -0.596667    
0.3425 -0.623333    
0.36 -0.643333    
0.3725 -0.656667    
0.38 -0.666667    
0.385 -0.673333    
0.39 -0.683333    
0.3925 -0.693333    
0.3925 -0.696667    
0.395 -0.7    
0.3925 -0.7    
0.3925 -0.703333    
