70
-0.4025 0.276667    
-0.395 0.343333    
-0.385 0.376667    
-0.38 0.396667    
-0.3725 0.413333    
-0.365 0.44    
-0.3625 0.436667    
-0.3575 0.416667    
-0.355 0.3    
-0.3575 0.213333    
-0.3625 0.106667    
-0.385 -0.12    
-0.38 -0.33    
-0.36 -0.42    
-0.3275 -0.5    
-0.285 -0.566667    
-0.1675 -0.66    
-0.0975 -0.676667    
-0.025 -0.67    
0.1175 -0.586667    
0.18 -0.516667    
0.265 -0.326667    
0.29 -0.22    
0.3025 -0.113333    
0.2975 0.0933333    
0.28 0.19    
0.2225 0.36    
0.1875 0.423333    
0.1475 0.476667    
0.11 0.513333    
0.02 0.54    
-0.0225 0.536667    
-0.0675 0.526667    
-0.1425 0.476667    
-0.175 0.446667    
-0.225 0.363333    
-0.245 0.316667    
-0.26 0.276667    
-0.2825 0.196667    
-0.2925 0.166667    
-0.3025 0.116667    
-0.305 0.0966667    
-0.305 0.0833333    
-0.3025 0.0666667    
-0.2975 0.06    
-0.2925 0.0566667    
-0.275 0.0466667    
-0.2625 0.0433333    
-0.235 0.0366667    
-0.2225 0.0333333    
-0.1925 0.02    
-0.1775 0.01    
-0.1575 0    
-0.1375 -0.02    
-0.0825 -0.08    
-0.0475 -0.126667    
-0.005 -0.183333    
0.0875 -0.33    
0.2075 -0.483333    
0.27 -0.55    
0.335 -0.606667    
0.4 -0.653333    
0.5075 -0.72    
0.5475 -0.74    
0.5775 -0.756667    
0.6125 -0.773333    
0.62 -0.776667    
0.62 -0.776667    
0.6175 -0.773333    
0.61 -0.773333    
