81
0.045 0.496667    
0.01 0.506667    
-0.0425 0.51    
-0.09 0.5    
-0.1575 0.45    
-0.205 0.386667    
-0.2425 0.303333    
-0.2825 0.123333    
-0.29 0.0466667    
-0.28 -0.146667    
-0.26 -0.276667    
-0.215 -0.443333    
-0.1425 -0.573333    
-0.0825 -0.64    
-0.02 -0.676667    
0.0625 -0.67    
0.13 -0.623333    
0.1775 -0.563333    
0.2225 -0.49    
0.25 -0.423333    
0.3125 -0.256667    
0.34 -0.163333    
0.36 -0.0533333    
0.3625 0.0166667    
0.355 0.1    
0.345 0.16    
0.3275 0.233333    
0.31 0.286667    
0.2775 0.36    
0.2525 0.396667    
0.225 0.43    
0.185 0.466667    
0.1575 0.49    
0.1175 0.51    
0.0825 0.523333    
0.0575 0.53    
0.0275 0.54    
0.01 0.543333    
-0.01 0.546667    
-0.0225 0.55    
-0.0375 0.546667    
-0.045 0.54    
-0.055 0.523333    
-0.0625 0.493333    
-0.0675 0.443333    
-0.07 0.396667    
-0.0725 0.346667    
-0.0725 0.276667    
-0.07 0.243333    
-0.0675 0.216667    
-0.065 0.186667    
-0.055 0.163333    
-0.03 0.14    
-0.0025 0.126667    
0.01 0.123333    
0.0625 0.103333    
0.095 0.09    
0.1475 0.0633333    
0.17 0.0366667    
0.1925 -0.0133333    
0.2075 -0.0633333    
0.215 -0.126667    
0.2225 -0.213333    
0.23 -0.29    
0.24 -0.34    
0.265 -0.393333    
0.29 -0.423333    
0.335 -0.463333    
0.3825 -0.51    
0.435 -0.553333    
0.4725 -0.59    
0.5225 -0.626667    
0.5725 -0.643333    
0.61 -0.646667    
0.6425 -0.64    
0.6975 -0.62    
0.7275 -0.613333    
0.7575 -0.6    
0.7775 -0.593333    
0.7925 -0.59    
0.8075 -0.58    
