216
0.4775 0.333333    
0.4775 0.34    
0.48 0.35    
0.48 0.356667    
0.4775 0.36    
0.4775 0.363333    
0.4725 0.363333    
0.4625 0.366667    
0.4475 0.373333    
0.4325 0.38    
0.405 0.386667    
0.395 0.386667    
0.36 0.376667    
0.33 0.363333    
0.305 0.343333    
0.28 0.32    
0.2575 0.296667    
0.2225 0.253333    
0.2075 0.226667    
0.195 0.2    
0.1775 0.153333    
0.1675 0.12    
0.1625 0.09    
0.155 0.0533333    
0.1475 -0.00666667    
0.1475 -0.0433333    
0.1475 -0.0833333    
0.15 -0.14    
0.1575 -0.216667    
0.16 -0.246667    
0.1675 -0.306667    
0.18 -0.346667    
0.19 -0.366667    
0.21 -0.393333    
0.23 -0.413333    
0.265 -0.433333    
0.28 -0.436667    
0.3225 -0.443333    
0.355 -0.446667    
0.37 -0.45    
0.3925 -0.45    
0.405 -0.45    
0.4275 -0.44    
0.445 -0.426667    
0.4625 -0.4    
0.4825 -0.36    
0.4925 -0.336667    
0.5 -0.316667    
0.505 -0.296667    
0.5125 -0.27    
0.5175 -0.243333    
0.52 -0.223333    
0.5275 -0.196667    
0.5325 -0.17    
0.535 -0.153333    
0.54 -0.126667    
0.5475 -0.1    
0.55 -0.0866667    
0.5575 -0.0633333    
0.5625 -0.0433333    
0.565 -0.0133333    
0.5675 0.01    
0.565 0.03    
0.5625 0.05    
0.56 0.0533333    
0.555 0.0666667    
0.55 0.0766667    
0.545 0.1    
0.54 0.126667    
0.5375 0.146667    
0.5325 0.18    
0.53 0.19    
0.5225 0.21    
0.5175 0.22    
0.51 0.23    
0.5025 0.24    
0.5 0.243333    
0.49 0.253333    
0.4825 0.26    
0.4775 0.263333    
0.47 0.27    
0.4625 0.273333    
0.455 0.28    
0.445 0.283333    
0.4375 0.286667    
0.43 0.29    
0.425 0.293333    
0.4125 0.296667    
0.405 0.3    
0.3975 0.3    
0.39 0.303333    
0.385 0.306667    
0.3775 0.306667    
0.37 0.31    
0.36 0.31    
0.35 0.31    
0.34 0.306667    
0.3275 0.303333    
0.3075 0.296667    
0.3 0.293333    
0.2825 0.283333    
0.265 0.27    
0.245 0.253333    
0.225 0.236667    
0.21 0.223333    
0.1975 0.213333    
0.185 0.2    
0.1775 0.186667    
0.1725 0.173333    
0.17 0.17    
0.1675 0.153333    
0.165 0.15    
0.165 0.12    
0.165 0.0966667    
0.165 0.0766667    
0.1675 0.04    
0.1675 0.0266667    
0.17 0.00333333    
0.1675 -0.0166667    
0.1675 -0.04    
0.1675 -0.07    
0.165 -0.09    
0.165 -0.116667    
0.165 -0.13    
0.165 -0.153333    
0.165 -0.186667    
0.165 -0.2    
0.1675 -0.213333    
0.1675 -0.23    
0.1675 -0.24    
0.1675 -0.246667    
0.1675 -0.253333    
0.17 -0.266667    
0.1725 -0.283333    
0.175 -0.293333    
0.18 -0.306667    
0.1825 -0.323333    
0.19 -0.343333    
0.2 -0.37    
0.2075 -0.386667    
0.2175 -0.406667    
0.225 -0.423333    
0.235 -0.443333    
0.2525 -0.466667    
0.2575 -0.476667    
0.2775 -0.496667    
0.2825 -0.5    
0.3 -0.506667    
0.31 -0.51    
0.3325 -0.51    
0.35 -0.506667    
0.3575 -0.503333    
0.3725 -0.496667    
0.3875 -0.49    
0.4 -0.483333    
0.4075 -0.48    
0.425 -0.46    
0.43 -0.45    
0.4375 -0.44    
0.4425 -0.433333    
0.4475 -0.43    
0.455 -0.42    
0.4625 -0.403333    
0.465 -0.39    
0.4725 -0.36    
0.4775 -0.346667    
0.48 -0.33    
0.4875 -0.313333    
0.49 -0.3    
0.4975 -0.286667    
0.505 -0.273333    
0.5075 -0.266667    
0.51 -0.263333    
0.5125 -0.26    
0.5125 -0.256667    
0.515 -0.26    
0.515 -0.26    
0.5175 -0.266667    
0.52 -0.27    
0.53 -0.276667    
0.545 -0.283333    
0.5525 -0.29    
0.565 -0.3    
0.58 -0.32    
0.5925 -0.34    
0.61 -0.366667    
0.6175 -0.376667    
0.6375 -0.393333    
0.65 -0.4    
0.6675 -0.403333    
0.6775 -0.406667    
0.695 -0.41    
0.71 -0.41    
0.7225 -0.413333    
0.73 -0.416667    
0.745 -0.416667    
0.7525 -0.416667    
0.7575 -0.416667    
0.765 -0.406667    
0.7675 -0.403333    
0.77 -0.396667    
0.77 -0.393333    
0.77 -0.393333    
0.77 -0.396667    
0.77 -0.4    
0.77 -0.403333    
0.7675 -0.41    
0.765 -0.416667    
0.7625 -0.42    
0.7575 -0.43    
0.7525 -0.44    
0.7475 -0.45    
0.745 -0.463333    
0.745 -0.466667    
0.745 -0.466667    
0.745 -0.47    
