140
-0.145 0.226667    
-0.15 0.23    
-0.1775 0.233333    
-0.19 0.23    
-0.2175 0.223333    
-0.2425 0.216667    
-0.28 0.2    
-0.3025 0.186667    
-0.3225 0.166667    
-0.3375 0.14    
-0.355 0.0966667    
-0.3625 0.06    
-0.37 0.00666667    
-0.3725 -0.0466667    
-0.3725 -0.1    
-0.3675 -0.136667    
-0.3575 -0.196667    
-0.35 -0.226667    
-0.34 -0.253333    
-0.3275 -0.28    
-0.3 -0.306667    
-0.2775 -0.316667    
-0.2525 -0.313333    
-0.21 -0.293333    
-0.1825 -0.27    
-0.16 -0.24    
-0.145 -0.216667    
-0.125 -0.176667    
-0.1 -0.103333    
-0.0925 -0.0766667    
-0.0825 -0.0233333    
-0.08 0.02    
-0.0825 0.0466667    
-0.09 0.0933333    
-0.0925 0.12    
-0.0975 0.146667    
-0.1025 0.17    
-0.1125 0.206667    
-0.115 0.216667    
-0.12 0.236667    
-0.125 0.246667    
-0.13 0.263333    
-0.13 0.266667    
-0.1275 0.27    
-0.125 0.27    
-0.115 0.26    
-0.1075 0.25    
-0.1025 0.24    
-0.105 0.233333    
-0.115 0.23    
-0.135 0.23    
-0.15 0.23    
-0.1625 0.23    
-0.1675 0.23    
-0.17 0.23    
-0.17 0.23    
-0.165 0.23    
-0.1625 0.226667    
-0.1575 0.226667    
-0.155 0.226667    
-0.1525 0.223333    
-0.1525 0.223333    
-0.15 0.223333    
-0.15 0.223333    
-0.15 0.22    
-0.15 0.216667    
-0.145 0.21    
-0.1375 0.196667    
-0.13 0.183333    
-0.1275 0.173333    
-0.1275 0.16    
-0.125 0.15    
-0.125 0.143333    
-0.1225 0.126667    
-0.1175 0.11    
-0.115 0.0966667    
-0.1075 0.0733333    
-0.105 0.0633333    
-0.1 0.0466667    
-0.095 0.0233333    
-0.0925 0.0133333    
-0.09 -0.01    
-0.085 -0.0333333    
-0.08 -0.0633333    
-0.0775 -0.0766667    
-0.0725 -0.1    
-0.0725 -0.12    
-0.07 -0.153333    
-0.07 -0.173333    
-0.07 -0.193333    
-0.075 -0.216667    
-0.0825 -0.243333    
-0.085 -0.253333    
-0.095 -0.27    
-0.1025 -0.286667    
-0.115 -0.303333    
-0.1175 -0.306667    
-0.125 -0.313333    
-0.1375 -0.32    
-0.1475 -0.32    
-0.155 -0.32    
-0.1625 -0.32    
-0.17 -0.316667    
-0.1775 -0.313333    
-0.185 -0.31    
-0.19 -0.303333    
-0.195 -0.3    
-0.2 -0.293333    
-0.2075 -0.286667    
-0.21 -0.283333    
-0.215 -0.276667    
-0.2175 -0.273333    
-0.22 -0.266667    
-0.2225 -0.263333    
-0.225 -0.26    
-0.2275 -0.26    
-0.2275 -0.26    
-0.2275 -0.26    
-0.225 -0.26    
-0.225 -0.256667    
-0.2225 -0.253333    
-0.2225 -0.246667    
-0.22 -0.24    
-0.2175 -0.24    
-0.215 -0.243333    
-0.205 -0.256667    
-0.1875 -0.283333    
-0.17 -0.316667    
-0.15 -0.353333    
-0.1225 -0.416667    
-0.095 -0.483333    
-0.075 -0.533333    
-0.0625 -0.563333    
-0.0425 -0.616667    
-0.0325 -0.65    
-0.0275 -0.68    
-0.03 -0.696667    
-0.0425 -0.716667    
-0.0525 -0.73    
-0.0675 -0.746667    
