60
-0.105 0.37    
-0.1025 0.39    
-0.1025 0.41    
-0.12 0.413333    
-0.1525 0.396667    
-0.1875 0.373333    
-0.2275 0.336667    
-0.2925 0.253333    
-0.3225 0.186667    
-0.3525 0.09    
-0.36 0.0366667    
-0.3625 -0.0566667    
-0.3525 -0.153333    
-0.3125 -0.313333    
-0.275 -0.403333    
-0.2325 -0.47    
-0.1725 -0.516667    
-0.125 -0.523333    
-0.055 -0.49    
-0.0275 -0.463333    
0.025 -0.396667    
0.0725 -0.31    
0.11 -0.236667    
0.155 -0.123333    
0.175 -0.0566667    
0.185 0.00666667    
0.1825 0.0833333    
0.165 0.156667    
0.1425 0.2    
0.1025 0.246667    
0.065 0.27    
0.025 0.283333    
-0.025 0.283333    
-0.085 0.273333    
-0.115 0.263333    
-0.1425 0.253333    
-0.175 0.233333    
-0.205 0.216667    
-0.2225 0.2    
-0.24 0.18    
-0.26 0.14    
-0.2675 0.11    
-0.2725 0.0733333    
-0.265 0.02    
-0.24 -0.0433333    
-0.2075 -0.0933333    
-0.165 -0.153333    
-0.1125 -0.213333    
-0.0575 -0.273333    
-0.005 -0.326667    
0.0625 -0.39    
0.1175 -0.436667    
0.1625 -0.473333    
0.19 -0.496667    
0.215 -0.52    
0.2275 -0.536667    
0.23 -0.543333    
0.2325 -0.546667    
0.2325 -0.55    
0.23 -0.55    
