59
-0.315 0.683333    
-0.315 0.576667    
-0.315 0.423333    
-0.31 0.223333    
-0.3025 0    
-0.285 -0.36    
-0.2725 -0.513333    
-0.2625 -0.613333    
-0.255 -0.69    
-0.2575 -0.71    
-0.265 -0.696667    
-0.2825 -0.623333    
-0.3 -0.523333    
-0.325 -0.333333    
-0.3525 -0.11    
-0.3725 0.0533333    
-0.39 0.2    
-0.4075 0.38    
-0.4125 0.48    
-0.41 0.56    
-0.405 0.61    
-0.0425 -0.273333    
-0.02 -0.236667    
-0.2825 0.763333    
-0.22 0.776667    
-0.15 0.78    
-0.0525 0.763333    
0.0125 0.723333    
0.0675 0.65    
0.1275 0.503333    
0.145 0.366667    
0.135 0.18    
0.105 0.0733333    
0.035 -0.0133333    
-0.0575 -0.03    
-0.1225 -0.0133333    
-0.18 0.0133333    
-0.24 0.0533333    
-0.27 0.0733333    
-0.2975 0.0833333    
-0.315 0.08    
-0.3175 0.0733333    
-0.3075 0.0633333    
-0.2775 0.05    
-0.205 0.0133333    
-0.1275 -0.04    
-0.01 -0.15    
0.08 -0.263333    
0.19 -0.426667    
0.285 -0.576667    
0.3525 -0.663333    
0.415 -0.73    
0.4925 -0.783333    
0.5425 -0.81    
0.5825 -0.83    
0.6125 -0.843333    
0.6175 -0.843333    
0.6125 -0.83    
0.585 -0.796667    
