34
-0.27 0.653333    
-0.26 0.496667    
-0.2425 0.276667    
-0.215 0.02    
-0.2 -0.166667    
-0.185 -0.363333    
-0.18 -0.493333    
-0.1825 -0.53    
-0.19 -0.503333    
-0.2 -0.43    
-0.2175 -0.293333    
-0.23 -0.166667    
-0.2425 0.01    
-0.2425 0.13    
-0.2175 0.263333    
-0.165 0.37    
-0.085 0.43    
-0.0225 0.453333    
0.0475 0.456667    
0.0775 0.436667    
0.0675 0.376667    
0.01 0.293333    
-0.0575 0.22    
-0.1125 0.163333    
-0.1925 0.09    
-0.265 0.00666667    
-0.2725 -0.0533333    
-0.2275 -0.0866667    
-0.1375 -0.106667    
0.0225 -0.13    
0.1975 -0.16    
0.315 -0.186667    
0.44 -0.22    
0.525 -0.246667    
