78
-0.31 0.54    
-0.3125 0.563333    
-0.3175 0.583333    
-0.3225 0.613333    
-0.3275 0.626667    
-0.33 0.636667    
-0.335 0.66    
-0.3375 0.676667    
-0.34 0.706667    
-0.3425 0.723333    
-0.345 0.74    
-0.3475 0.773333    
-0.345 0.79    
-0.3375 0.81    
-0.2975 0.843333    
-0.2625 0.86    
-0.1675 0.88    
-0.1175 0.883333    
-0.075 0.876667    
-0.0425 0.86    
-0.025 0.796667    
-0.0675 0.72    
-0.0975 0.683333    
-0.1325 0.65    
-0.1625 0.626667    
-0.2125 0.603333    
-0.2275 0.603333    
-0.2425 0.606667    
-0.265 0.62    
-0.2725 0.633333    
-0.285 0.66    
-0.29 0.673333    
-0.295 0.696667    
-0.295 0.706667    
-0.295 0.71    
-0.295 0.713333    
-0.29 0.713333    
-0.29 0.713333    
-0.2875 0.696667    
-0.2825 0.676667    
-0.2775 0.65    
-0.265 0.576667    
-0.2575 0.533333    
-0.2525 0.486667    
-0.2425 0.403333    
-0.235 0.316667    
-0.235 0.273333    
-0.235 0.23    
-0.2325 0.166667    
-0.235 0.146667    
-0.235 0.14    
-0.235 0.146667    
-0.24 0.19    
-0.2425 0.223333    
-0.2475 0.296667    
-0.25 0.336667    
-0.255 0.37    
-0.2625 0.426667    
-0.2675 0.443333    
-0.2675 0.46    
-0.265 0.453333    
-0.24 0.41    
-0.22 0.38    
-0.1975 0.343333    
-0.175 0.306667    
-0.1225 0.233333    
-0.0925 0.196667    
-0.0675 0.163333    
-0.0125 0.103333    
0.0125 0.0766667    
0.0675 0.0366667    
0.0925 0.0266667    
0.115 0.0266667    
0.1525 0.0333333    
0.1675 0.04    
0.1775 0.0466667    
0.19 0.06    
0.1925 0.0666667    
