51
-0.0675 0.74    
-0.0675 0.74    
-0.0975 0.696667    
-0.13 0.603333    
-0.1475 0.533333    
-0.165 0.456667    
-0.175 0.343333    
-0.1875 -0.00333333    
-0.2025 -0.223333    
-0.25 -0.673333    
-0.3125 -0.856667    
-0.59 -0.78    
-0.565 -0.623333    
-0.47 -0.263333    
-0.4075 -0.08    
-0.345 0.0933333    
-0.2275 0.396667    
-0.125 0.61    
-0.08 0.693333    
-0.0325 0.763333    
0.055 0.856667    
0.0975 0.883333    
0.1425 0.903333    
0.1925 0.906667    
0.2425 0.903333    
0.35 0.853333    
0.395 0.81    
0.4625 0.68    
0.47 0.496667    
0.47 0.496667    
0.4025 0.286667    
0.34 0.19    
0.185 0.0266667    
0.1 -0.04    
0.0175 -0.09    
-0.1125 -0.156667    
-0.1625 -0.173333    
-0.215 -0.163333    
-0.2275 -0.146667    
-0.235 -0.133333    
-0.205 -0.11    
-0.17 -0.113333    
-0.09 -0.146667    
-0.0475 -0.18    
-0.01 -0.236667    
0.02 -0.3    
0.0925 -0.486667    
0.135 -0.586667    
0.1725 -0.676667    
0.2375 -0.86    
0.2775 -0.933333    
