60
-0.2225 0.403333    
-0.235 0.473333    
-0.245 0.536667    
-0.2525 0.59    
-0.2575 0.65    
-0.2575 0.636667    
-0.2525 0.593333    
-0.2375 0.356667    
-0.2275 0.193333    
-0.2275 0.193333    
-0.2175 -0.02    
-0.21 -0.216667    
-0.205 -0.476667    
-0.2075 -0.543333    
-0.22 -0.5    
-0.23 -0.45    
-0.24 -0.386667    
-0.2525 -0.313333    
-0.2675 -0.133333    
-0.27 -0.0366667    
-0.265 0.176667    
-0.2525 0.283333    
-0.225 0.46    
-0.2075 0.533333    
-0.1875 0.596667    
-0.1625 0.646667    
-0.1 0.716667    
-0.065 0.73    
-0.03 0.733333    
0.0275 0.696667    
0.045 0.66    
0.05 0.556667    
0.035 0.486667    
0.01 0.416667    
-0.06 0.293333    
-0.1 0.25    
-0.17 0.21    
-0.1975 0.21    
-0.215 0.213333    
-0.2375 0.236667    
-0.24 0.246667    
-0.2375 0.26    
-0.215 0.27    
-0.1925 0.263333    
-0.1575 0.24    
-0.0575 0.126667    
0.005 0.0466667    
0.13 -0.113333    
0.2025 -0.21    
0.305 -0.346667    
0.34 -0.4    
0.3675 -0.436667    
0.4 -0.48    
0.405 -0.486667    
0.41 -0.49    
0.41 -0.49    
0.4075 -0.48    
0.4 -0.463333    
0.395 -0.456667    
0.3925 -0.446667    
