81
-0.19 0.646667    
-0.1975 0.656667    
-0.2025 0.653333    
-0.205 0.646667    
-0.215 0.603333    
-0.22 0.57    
-0.2275 0.53    
-0.25 0.4    
-0.2625 0.32    
-0.2725 0.23    
-0.28 0.0433333    
-0.275 -0.0466667    
-0.2625 -0.21    
-0.2575 -0.276667    
-0.2525 -0.326667    
-0.245 -0.386667    
-0.2475 -0.396667    
-0.25 -0.393333    
-0.2625 -0.35    
-0.2775 -0.236667    
-0.28 -0.15    
-0.28 -0.0466667    
-0.2775 0.0633333    
-0.2625 0.27    
-0.2525 0.353333    
-0.2425 0.426667    
-0.22 0.54    
-0.2075 0.58    
-0.185 0.636667    
-0.17 0.653333    
-0.135 0.68    
-0.115 0.69    
-0.095 0.7    
-0.0725 0.706667    
-0.0225 0.716667    
0.03 0.726667    
0.0525 0.73    
0.07 0.726667    
0.0875 0.72    
0.115 0.696667    
0.125 0.68    
0.1325 0.656667    
0.145 0.596667    
0.15 0.563333    
0.1425 0.49    
0.1275 0.45    
0.105 0.406667    
0.04 0.32    
0.0025 0.283333    
-0.04 0.25    
-0.1175 0.196667    
-0.1775 0.166667    
-0.1975 0.153333    
-0.21 0.146667    
-0.225 0.143333    
-0.2275 0.14    
-0.2275 0.14    
-0.225 0.143333    
-0.2175 0.146667    
-0.2075 0.15    
-0.19 0.163333    
-0.1775 0.166667    
-0.1675 0.17    
-0.145 0.16    
-0.13 0.15    
-0.095 0.11    
-0.07 0.0733333    
-0.0425 0.0333333    
-0.015 -0.0133333    
0.0375 -0.106667    
0.06 -0.146667    
0.1025 -0.22    
0.12 -0.256667    
0.1375 -0.293333    
0.17 -0.376667    
0.1875 -0.45    
0.1875 -0.45    
0.1925 -0.493333    
0.1925 -0.506667    
0.19 -0.516667    
0.1875 -0.52    
