58
-0.2925 0.503333    
-0.3025 0.51    
-0.3025 0.503333    
-0.29 0.466667    
-0.2775 0.393333    
-0.2675 0.283333    
-0.2675 -0.07    
-0.28 -0.27    
-0.29 -0.453333    
-0.305 -0.706667    
-0.3075 -0.793333    
-0.3075 -0.793333    
-0.315 -0.743333    
-0.3225 -0.666667    
-0.3375 -0.42    
-0.34 -0.266667    
-0.3375 -0.12    
-0.315 0.153333    
-0.305 0.263333    
-0.295 0.426667    
-0.29 0.483333    
-0.285 0.52    
-0.2475 0.586667    
-0.22 0.61    
-0.155 0.64    
-0.12 0.646667    
-0.09 0.646667    
-0.0625 0.64    
-0.03 0.586667    
-0.0225 0.543333    
-0.02 0.49    
-0.015 0.353333    
-0.0025 0.273333    
0.015 0.133333    
0.0075 0.04    
-0.02 0.00666667    
-0.0575 -0.02    
-0.135 -0.0533333    
-0.1675 -0.0633333    
-0.195 -0.07    
-0.2175 -0.0733333    
-0.24 -0.08    
-0.245 -0.08    
-0.2425 -0.0833333    
-0.2125 -0.113333    
-0.1325 -0.196667    
-0.075 -0.256667    
-0.0125 -0.323333    
0.055 -0.393333    
0.1225 -0.46    
0.2475 -0.576667    
0.305 -0.623333    
0.405 -0.683333    
0.4475 -0.7    
0.51 -0.716667    
0.53 -0.716667    
0.54 -0.716667    
0.545 -0.713333    
