76
-0.285 0.466667    
-0.2875 0.423333    
-0.2875 0.4    
-0.285 0.36    
-0.28 0.343333    
-0.275 0.336667    
-0.2725 0.336667    
-0.2675 0.323333    
-0.27 0.303333    
-0.2775 0.263333    
-0.2875 0.206667    
-0.31 0.103333    
-0.345 -0.06    
-0.3575 -0.13    
-0.375 -0.226667    
-0.3975 -0.343333    
-0.415 -0.436667    
-0.425 -0.49    
-0.4325 -0.54    
-0.44 -0.58    
-0.44 -0.586667    
-0.44 -0.576667    
-0.435 -0.516667    
-0.4275 -0.45    
-0.4175 -0.33    
-0.4075 -0.23    
-0.3925 -0.0866667    
-0.3725 0.0566667    
-0.355 0.16    
-0.3375 0.256667    
-0.325 0.316667    
-0.2975 0.433333    
-0.2825 0.49    
-0.2625 0.54    
-0.2525 0.56    
-0.2325 0.593333    
-0.2025 0.613333    
-0.1875 0.613333    
-0.1625 0.603333    
-0.145 0.59    
-0.115 0.55    
-0.11 0.543333    
-0.09 0.486667    
-0.0875 0.44    
-0.0875 0.396667    
-0.0975 0.326667    
-0.1275 0.206667    
-0.155 0.143333    
-0.185 0.09    
-0.2175 0.05    
-0.28 0.0166667    
-0.315 0.01    
-0.3475 0.01    
-0.3875 0.02    
-0.4225 0.0433333    
-0.4325 0.0533333    
-0.445 0.0733333    
-0.445 0.0866667    
-0.4325 0.0966667    
-0.4075 0.0866667    
-0.3625 0.0533333    
-0.3225 0.0133333    
-0.25 -0.07    
-0.1925 -0.133333    
-0.15 -0.18    
-0.1325 -0.193333    
-0.0875 -0.236667    
-0.025 -0.286667    
0.0475 -0.333333    
0.085 -0.356667    
0.115 -0.37    
0.155 -0.393333    
0.165 -0.403333    
0.18 -0.413333    
0.1875 -0.42    
0.185 -0.413333    
