80
-0.1475 0.55    
-0.1525 0.503333    
-0.1575 0.45    
-0.17 0.336667    
-0.1775 0.28    
-0.195 0.14    
-0.2125 0.02    
-0.2425 -0.2    
-0.2575 -0.33    
-0.2725 -0.476667    
-0.28 -0.576667    
-0.2825 -0.61    
-0.29 -0.63    
-0.295 -0.616667    
-0.305 -0.56    
-0.32 -0.4    
-0.325 -0.276667    
-0.3225 -0.143333    
-0.31 0.0166667    
-0.2975 0.116667    
-0.2775 0.236667    
-0.2625 0.316667    
-0.2375 0.4    
-0.215 0.453333    
-0.1675 0.513333    
-0.135 0.536667    
-0.0975 0.556667    
-0.0425 0.576667    
0.02 0.59    
0.045 0.586667    
0.0875 0.57    
0.115 0.543333    
0.15 0.49    
0.1775 0.42    
0.195 0.33    
0.1975 0.256667    
0.1925 0.18    
0.1725 0.09    
0.15 0.0333333    
0.115 -0.02    
0.075 -0.0566667    
0.045 -0.0733333    
0 -0.0833333    
-0.0325 -0.08    
-0.075 -0.0666667    
-0.115 -0.04    
-0.125 -0.0333333    
-0.14 -0.02    
-0.1475 -0.02    
-0.15 -0.02    
-0.155 -0.02    
-0.155 -0.0233333    
-0.155 -0.0266667    
-0.1525 -0.03    
-0.1475 -0.0333333    
-0.135 -0.0433333    
-0.12 -0.0566667    
-0.0925 -0.0833333    
-0.0625 -0.11    
0.005 -0.176667    
0.035 -0.21    
0.095 -0.28    
0.165 -0.383333    
0.2125 -0.456667    
0.23 -0.49    
0.26 -0.543333    
0.2825 -0.58    
0.3 -0.6    
0.315 -0.606667    
0.3225 -0.603333    
0.3275 -0.6    
0.3325 -0.6    
0.3425 -0.603333    
0.35 -0.606667    
0.3525 -0.616667    
0.3625 -0.636667    
0.3675 -0.65    
0.3725 -0.666667    
0.3775 -0.673333    
0.3825 -0.67    
