57
-0.035 0.433333    
-0.0775 0.29    
-0.12 0.106667    
-0.1775 -0.156667    
-0.23 -0.423333    
-0.28 -0.63    
-0.3075 -0.703333    
-0.325 -0.743333    
-0.3375 -0.723333    
-0.34 -0.666667    
-0.3225 -0.563333    
-0.285 -0.42    
-0.2475 -0.303333    
-0.2 -0.153333    
-0.155 -0.00333333    
-0.1275 0.103333    
-0.095 0.223333    
-0.0675 0.296667    
-0.03 0.383333    
0.015 0.45    
0.0525 0.483333    
0.1075 0.51    
0.1475 0.513333    
0.2025 0.493333    
0.2475 0.45    
0.27 0.4    
0.28 0.303333    
0.2675 0.213333    
0.235 0.07    
0.2 -0.03    
0.145 -0.143333    
0.1 -0.213333    
0.0325 -0.273333    
0 -0.29    
-0.0425 -0.313333    
-0.105 -0.316667    
-0.1275 -0.31    
-0.1375 -0.296667    
-0.14 -0.28    
-0.1275 -0.273333    
-0.0975 -0.276667    
-0.05 -0.303333    
0 -0.343333    
0.07 -0.413333    
0.1275 -0.473333    
0.2025 -0.546667    
0.2675 -0.6    
0.3125 -0.623333    
0.355 -0.636667    
0.415 -0.653333    
0.445 -0.66    
0.48 -0.67    
0.4975 -0.683333    
0.5175 -0.693333    
0.525 -0.706667    
0.5275 -0.716667    
0.53 -0.706667    
