134
0.11 0.503333    
0.105 0.51    
0.0975 0.51    
0.09 0.5    
0.0775 0.456667    
0.07 0.41    
0.065 0.37    
0.0475 0.233333    
0.0275 0.09    
0.0125 -0.0166667    
-0.005 -0.12    
-0.03 -0.256667    
-0.045 -0.323333    
-0.0525 -0.36    
-0.0675 -0.43    
-0.075 -0.473333    
-0.0825 -0.513333    
-0.09 -0.553333    
-0.095 -0.58    
-0.0975 -0.59    
-0.0975 -0.6    
-0.1 -0.6    
-0.1 -0.596667    
-0.0975 -0.573333    
-0.095 -0.553333    
-0.085 -0.506667    
-0.07 -0.426667    
-0.0625 -0.39    
-0.0475 -0.31    
-0.0325 -0.206667    
-0.0225 -0.146667    
-0.0175 -0.106667    
-0.0025 0.00333333    
0.0025 0.0366667    
0.0125 0.0933333    
0.0225 0.15    
0.03 0.19    
0.045 0.243333    
0.0525 0.273333    
0.06 0.296667    
0.07 0.326667    
0.0775 0.36    
0.0825 0.38    
0.09 0.4    
0.0975 0.41    
0.1075 0.416667    
0.1175 0.42    
0.1325 0.43    
0.1375 0.44    
0.14 0.443333    
0.1475 0.456667    
0.155 0.466667    
0.1675 0.476667    
0.1875 0.476667    
0.1975 0.473333    
0.22 0.466667    
0.24 0.46    
0.255 0.45    
0.2725 0.433333    
0.2925 0.41    
0.3025 0.39    
0.3075 0.373333    
0.3125 0.353333    
0.3125 0.316667    
0.31 0.29    
0.3 0.256667    
0.295 0.24    
0.28 0.206667    
0.265 0.193333    
0.2575 0.19    
0.24 0.183333    
0.21 0.18    
0.1925 0.176667    
0.1725 0.17    
0.1525 0.166667    
0.13 0.156667    
0.11 0.153333    
0.095 0.15    
0.08 0.15    
0.07 0.15    
0.0625 0.15    
0.055 0.15    
0.0475 0.146667    
0.0425 0.146667    
0.0425 0.146667    
0.0375 0.146667    
0.035 0.146667    
0.035 0.143333    
0.035 0.14    
0.045 0.133333    
0.05 0.13    
0.065 0.123333    
0.085 0.106667    
0.11 0.0833333    
0.135 0.0533333    
0.1575 0.03    
0.1925 -0.0133333    
0.2075 -0.03    
0.23 -0.06    
0.28 -0.116667    
0.305 -0.143333    
0.32 -0.156667    
0.3525 -0.183333    
0.3975 -0.21    
0.415 -0.22    
0.4525 -0.24    
0.48 -0.26    
0.5275 -0.293333    
0.555 -0.316667    
0.5825 -0.333333    
0.6075 -0.35    
0.645 -0.38    
0.6875 -0.416667    
0.7175 -0.446667    
0.735 -0.466667    
0.745 -0.473333    
0.775 -0.483333    
0.785 -0.49    
0.795 -0.496667    
0.8 -0.503333    
0.8075 -0.51    
0.8125 -0.523333    
0.8125 -0.53    
0.8125 -0.536667    
0.81 -0.546667    
0.8025 -0.553333    
0.795 -0.553333    
0.79 -0.553333    
0.7825 -0.553333    
0.7725 -0.55    
0.7675 -0.55    
0.765 -0.55    
0.7625 -0.55    
0.765 -0.546667    
