52
-0.39 0.4    
-0.3925 0.366667    
-0.395 0.286667    
-0.395 0.193333    
-0.395 0.166667    
-0.3925 0    
-0.3925 -0.0666667    
-0.3925 -0.16    
-0.4 -0.273333    
-0.405 -0.353333    
-0.415 -0.41    
-0.4175 -0.42    
-0.42 -0.413333    
-0.4225 -0.37    
-0.4275 -0.26    
-0.435 -0.17    
-0.44 -0.0766667    
-0.44 0.0166667    
-0.435 0.146667    
-0.41 0.276667    
-0.3675 0.413333    
-0.325 0.513333    
-0.2575 0.636667    
-0.2 0.71    
-0.115 0.776667    
-0.0475 0.793333    
0.0375 0.753333    
0.1125 0.653333    
0.15 0.54    
0.1725 0.37    
0.1525 0.163333    
0.1275 0.0966667    
0.075 0.01    
-0.0125 -0.0733333    
-0.1075 -0.12    
-0.2225 -0.133333    
-0.2625 -0.12    
-0.315 -0.0933333    
-0.3625 -0.0433333    
-0.3875 -0.00333333    
-0.39 0.0366667    
-0.3775 0.0433333    
-0.3275 0.0266667    
-0.27 -0.02    
-0.15 -0.156667    
-0.1 -0.226667    
0.0075 -0.39    
0.155 -0.586667    
0.215 -0.663333    
0.3325 -0.803333    
0.4375 -0.92    
0.4975 -0.99    
