68
-0.1 0.366667    
-0.11 0.393333    
-0.115 0.41    
-0.1175 0.416667    
-0.12 0.403333    
-0.12 0.376667    
-0.1225 0.32    
-0.13 0.206667    
-0.1425 0.05    
-0.155 -0.0866667    
-0.1725 -0.273333    
-0.1825 -0.403333    
-0.19 -0.536667    
-0.195 -0.61    
-0.1975 -0.673333    
-0.2 -0.7    
-0.2025 -0.693333    
-0.2075 -0.646667    
-0.215 -0.58    
-0.225 -0.45    
-0.23 -0.296667    
-0.2225 -0.146667    
-0.22 -0.113333    
-0.2 0.0266667    
-0.1725 0.15    
-0.1475 0.236667    
-0.12 0.313333    
-0.085 0.393333    
-0.0525 0.44    
-0.005 0.486667    
0.0675 0.513333    
0.11 0.513333    
0.1525 0.5    
0.19 0.473333    
0.235 0.403333    
0.2475 0.34    
0.2525 0.266667    
0.2375 0.156667    
0.21 0.0466667    
0.18 -0.0266667    
0.13 -0.106667    
0.075 -0.166667    
0.0325 -0.2    
-0.0225 -0.23    
-0.08 -0.246667    
-0.115 -0.253333    
-0.1425 -0.256667    
-0.1675 -0.26    
-0.18 -0.26    
-0.1725 -0.263333    
-0.16 -0.266667    
-0.13 -0.283333    
-0.1 -0.3    
-0.0525 -0.326667    
-0.0125 -0.353333    
0.0425 -0.396667    
0.085 -0.433333    
0.125 -0.466667    
0.1625 -0.503333    
0.21 -0.543333    
0.2425 -0.563333    
0.2775 -0.576667    
0.3 -0.58    
0.32 -0.58    
0.3325 -0.576667    
0.34 -0.573333    
0.345 -0.566667    
0.35 -0.563333    
