47
0.09 0.396667    
0.0875 0.396667    
0.085 0.393333    
0.085 0.39    
0.085 0.39    
0.085 0.386667    
0.0825 0.386667    
0.08 0.386667    
0.075 0.393333    
0.0475 0.413333    
-0.0025 0.453333    
-0.0025 0.453333    
-0.0825 0.493333    
-0.1825 0.523333    
-0.24 0.53    
-0.2925 0.526667    
-0.345 0.513333    
-0.4375 0.46    
-0.4725 0.42    
-0.4975 0.37    
-0.525 0.243333    
-0.5225 0.17    
-0.47 0.0366667    
-0.425 -0.0133333    
-0.3025 -0.0666667    
-0.235 -0.0666667    
-0.17 -0.0566667    
-0.1125 -0.04    
-0.0225 -0.0133333    
0.0075 -0.0133333    
0.0275 -0.0266667    
0.035 -0.106667    
0.025 -0.17    
-0.03 -0.336667    
-0.0725 -0.426667    
-0.12 -0.513333    
-0.2225 -0.643333    
-0.275 -0.673333    
-0.37 -0.673333    
-0.41 -0.646667    
-0.4425 -0.606667    
-0.495 -0.513333    
-0.51 -0.466667    
-0.52 -0.396667    
-0.52 -0.366667    
-0.51 -0.33    
-0.51 -0.33    
