30
-0.135 0.723333    
-0.1425 0.713333    
-0.1775 0.676667    
-0.1875 0.663333    
-0.24 0.55    
-0.2775 0.42    
-0.3 0.223333    
-0.2875 0.03    
-0.255 -0.09    
-0.205 -0.176667    
-0.12 -0.253333    
-0.0425 -0.286667    
0.0425 -0.303333    
0.1875 -0.293333    
0.27 -0.28    
0.34 -0.27    
0.39 -0.273333    
0.4175 -0.316667    
0.4025 -0.383333    
0.3675 -0.47    
0.2675 -0.623333    
0.19 -0.7    
0.1025 -0.75    
0.01 -0.773333    
-0.11 -0.773333    
-0.19 -0.756667    
-0.28 -0.713333    
-0.3275 -0.673333    
-0.3725 -0.62    
-0.3925 -0.583333    
