42
0.2425 0.676667    
0.245 0.683333    
0.2475 0.683333    
0.245 0.69    
0.2175 0.693333    
0.1925 0.69    
0.1575 0.683333    
0.1175 0.67    
0.02 0.626667    
-0.0325 0.596667    
-0.08 0.56    
-0.1575 0.466667    
-0.1975 0.353333    
-0.2025 0.29    
-0.1975 0.22    
-0.18 0.136667    
-0.115 -0.0566667    
-0.0725 -0.153333    
0.025 -0.356667    
0.0725 -0.44    
0.1125 -0.523333    
0.165 -0.69    
0.1775 -0.753333    
0.1825 -0.813333    
0.1725 -0.916667    
0.1525 -0.953333    
0.12 -0.976667    
0.015 -0.976667    
-0.1175 -0.946667    
-0.115 -0.87    
-0.22 -0.7    
-0.3325 -0.56    
-0.385 -0.473333    
-0.44 -0.39    
-0.465 -0.29    
-0.46 -0.26    
-0.4425 -0.233333    
-0.4425 -0.233333    
-0.42 -0.246667    
-0.3925 -0.28    
-0.3775 -0.296667    
-0.365 -0.313333    
