43
0.34 0.593333    
0.305 0.646667    
0.2725 0.663333    
0.2325 0.673333    
0.1075 0.67    
0.1075 0.67    
0.1075 0.67    
0.0175 0.646667    
-0.145 0.58    
-0.2425 0.486667    
-0.24 0.44    
-0.2175 0.386667    
-0.175 0.326667    
-0.0475 0.206667    
0.0225 0.15    
0.09 0.0933333    
0.19 -0.01    
0.22 -0.06    
0.24 -0.11    
0.25 -0.213333    
0.24 -0.256667    
0.195 -0.33    
0.1625 -0.353333    
0.1275 -0.373333    
0.045 -0.396667    
0 -0.396667    
-0.1 -0.386667    
-0.1475 -0.373333    
-0.19 -0.363333    
-0.2575 -0.333333    
-0.275 -0.31    
-0.2875 -0.286667    
-0.2975 -0.233333    
-0.2975 -0.213333    
-0.3025 -0.18    
-0.3025 -0.17    
-0.305 -0.163333    
-0.305 -0.16    
-0.305 -0.163333    
-0.3025 -0.163333    
-0.295 -0.163333    
-0.2925 -0.163333    
-0.2875 -0.16    
