52
0.2275 0.73    
0.23 0.733333    
0.23 0.74    
0.225 0.743333    
0.22 0.746667    
0.1925 0.753333    
0.17 0.75    
0.1 0.736667    
0.065 0.726667    
-0.0125 0.696667    
-0.0425 0.68    
-0.0725 0.663333    
-0.105 0.643333    
-0.1625 0.606667    
-0.19 0.586667    
-0.215 0.563333    
-0.2575 0.513333    
-0.2775 0.473333    
-0.2775 0.46    
-0.27 0.396667    
-0.2325 0.323333    
-0.2025 0.283333    
-0.16 0.246667    
-0.06 0.183333    
-0.005 0.16    
0.0525 0.133333    
0.1075 0.11    
0.2025 0.0533333    
0.27 -0.0133333    
0.27 -0.0133333    
0.3075 -0.0933333    
0.3125 -0.143333    
0.295 -0.266667    
0.27 -0.336667    
0.2375 -0.4    
0.1575 -0.496667    
0.115 -0.52    
0.07 -0.526667    
-0.0225 -0.496667    
-0.065 -0.466667    
-0.105 -0.43    
-0.165 -0.343333    
-0.2025 -0.246667    
-0.215 -0.2    
-0.225 -0.156667    
-0.2275 -0.123333    
-0.2275 -0.07    
-0.225 -0.0533333    
-0.22 -0.03    
-0.2175 -0.02    
-0.215 -0.0133333    
-0.2125 -0.00666667    
