32
0.1475 0.603333    
0.16 0.613333    
0.17 0.623333    
0.17 0.63    
0.1475 0.633333    
0.12 0.626667    
0.075 0.61    
-0.0525 0.526667    
-0.1225 0.466667    
-0.1875 0.396667    
-0.27 0.243333    
-0.2875 0.17    
-0.29 0.0933333    
-0.2475 -0.05    
-0.1475 -0.16    
-0.0825 -0.196667    
-0.015 -0.226667    
0.05 -0.246667    
0.1725 -0.29    
0.2625 -0.343333    
0.2625 -0.343333    
0.3125 -0.41    
0.325 -0.453333    
0.3175 -0.566667    
0.2975 -0.64    
0.22 -0.776667    
0.1625 -0.83    
0.095 -0.866667    
0.025 -0.883333    
-0.1225 -0.863333    
-0.19 -0.833333    
-0.29 -0.753333    
