59
0.13 0.63    
0.145 0.606667    
0.1525 0.59    
0.16 0.576667    
0.1725 0.543333    
0.1825 0.523333    
0.19 0.513333    
0.19 0.516667    
0.19 0.533333    
0.185 0.543333    
0.1675 0.566667    
0.1325 0.606667    
0.115 0.62    
0.0825 0.643333    
0.035 0.673333    
-0.0275 0.7    
-0.055 0.71    
-0.105 0.716667    
-0.145 0.716667    
-0.205 0.7    
-0.24 0.683333    
-0.2725 0.66    
-0.315 0.626667    
-0.35 0.58    
-0.3725 0.533333    
-0.405 0.44    
-0.415 0.38    
-0.42 0.313333    
-0.4125 0.246667    
-0.3825 0.13    
-0.355 0.0666667    
-0.315 0.00666667    
-0.235 -0.0666667    
-0.1575 -0.1    
-0.09 -0.116667    
0 -0.12    
0.07 -0.113333    
0.13 -0.106667    
0.1525 -0.113333    
0.2275 -0.123333    
0.295 -0.156667    
0.31 -0.18    
0.33 -0.23    
0.3275 -0.273333    
0.3075 -0.343333    
0.2625 -0.423333    
0.2175 -0.49    
0.145 -0.563333    
0.0875 -0.606667    
0.0125 -0.633333    
-0.08 -0.623333    
-0.1375 -0.606667    
-0.195 -0.59    
-0.265 -0.573333    
-0.3375 -0.556667    
-0.3825 -0.54    
-0.425 -0.516667    
-0.4675 -0.486667    
-0.4925 -0.46    
