38
0.155 0.536667    
0.155 0.533333    
0.1525 0.533333    
0.145 0.533333    
0.1075 0.536667    
0.0675 0.533333    
0.0175 0.52    
-0.055 0.49    
-0.1275 0.446667    
-0.1775 0.406667    
-0.23 0.343333    
-0.2775 0.25    
-0.295 0.18    
-0.3 0.0833333    
-0.2925 0.0133333    
-0.275 -0.05    
-0.215 -0.14    
-0.165 -0.18    
-0.09 -0.22    
-0.0525 -0.24    
-0.005 -0.27    
0.05 -0.33    
0.0675 -0.376667    
0.075 -0.43    
0.065 -0.506667    
0.0325 -0.603333    
0.0125 -0.636667    
-0.0325 -0.686667    
-0.0725 -0.71    
-0.13 -0.733333    
-0.1875 -0.75    
-0.2275 -0.75    
-0.2625 -0.75    
-0.2875 -0.743333    
-0.3025 -0.733333    
-0.31 -0.72    
-0.31 -0.713333    
-0.305 -0.71    
