41
0.025 0.363333    
-0.015 0.36    
-0.0725 0.36    
-0.135 0.366667    
-0.1875 0.363333    
-0.2375 0.356667    
-0.305 0.336667    
-0.3375 0.32    
-0.38 0.276667    
-0.415 0.2    
-0.4275 0.106667    
-0.42 0.0266667    
-0.39 -0.0666667    
-0.3575 -0.136667    
-0.3075 -0.23    
-0.265 -0.296667    
-0.21 -0.383333    
-0.155 -0.456667    
-0.12 -0.503333    
-0.095 -0.543333    
-0.0625 -0.603333    
-0.06 -0.636667    
-0.07 -0.663333    
-0.0875 -0.676667    
-0.125 -0.686667    
-0.1775 -0.69    
-0.2225 -0.69    
-0.285 -0.703333    
-0.3325 -0.71    
-0.375 -0.716667    
-0.43 -0.726667    
-0.4625 -0.72    
-0.5 -0.703333    
-0.5225 -0.693333    
-0.55 -0.666667    
-0.5625 -0.653333    
-0.57 -0.64    
-0.575 -0.623333    
-0.5775 -0.596667    
-0.5725 -0.566667    
-0.565 -0.536667    
