83
0.38 0.546667    
0.3825 0.56    
0.385 0.573333    
0.385 0.583333    
0.3775 0.593333    
0.3725 0.596667    
0.36 0.606667    
0.33 0.62    
0.305 0.626667    
0.28 0.626667    
0.2525 0.623333    
0.215 0.613333    
0.1825 0.603333    
0.1525 0.59    
0.145 0.586667    
0.08 0.563333    
0.06 0.553333    
0.03 0.533333    
-0.0075 0.493333    
-0.025 0.456667    
-0.0375 0.403333    
-0.0375 0.336667    
-0.0275 0.283333    
-0.0175 0.256667    
0.0175 0.193333    
0.0425 0.16    
0.0725 0.133333    
0.1 0.113333    
0.1475 0.0833333    
0.1875 0.06    
0.2075 0.0466667    
0.25 0.02    
0.3 -0.02    
0.32 -0.0366667    
0.3625 -0.0766667    
0.3925 -0.106667    
0.4225 -0.14    
0.46 -0.186667    
0.4775 -0.206667    
0.4925 -0.223333    
0.505 -0.25    
0.51 -0.273333    
0.51 -0.303333    
0.5075 -0.33    
0.4975 -0.356667    
0.4725 -0.4    
0.455 -0.416667    
0.4375 -0.43    
0.42 -0.443333    
0.41 -0.45    
0.39 -0.453333    
0.36 -0.46    
0.335 -0.463333    
0.2875 -0.463333    
0.26 -0.46    
0.235 -0.453333    
0.2 -0.44    
0.175 -0.426667    
0.1425 -0.403333    
0.1075 -0.383333    
0.085 -0.37    
0.0525 -0.353333    
0.0325 -0.343333    
0.005 -0.33    
-0.0125 -0.32    
-0.0325 -0.303333    
-0.045 -0.29    
-0.065 -0.266667    
-0.07 -0.26    
-0.075 -0.253333    
-0.08 -0.24    
-0.0825 -0.236667    
-0.085 -0.236667    
-0.085 -0.236667    
-0.085 -0.236667    
-0.085 -0.24    
-0.08 -0.24    
-0.0775 -0.24    
-0.07 -0.243333    
-0.065 -0.246667    
-0.06 -0.25    
-0.0525 -0.25    
-0.0425 -0.256667    
