37
-0.085 0.673333    
-0.06 0.676667    
-0.0325 0.68    
-0.0275 0.673333    
-0.0275 0.653333    
-0.0525 0.633333    
-0.095 0.606667    
-0.14 0.586667    
-0.19 0.566667    
-0.26 0.526667    
-0.3075 0.486667    
-0.3625 0.413333    
-0.3725 0.353333    
-0.365 0.286667    
-0.3175 0.193333    
-0.2325 0.103333    
-0.205 0.0833333    
-0.07 0.0133333    
0.0875 -0.0566667    
0.14 -0.0866667    
0.2275 -0.153333    
0.2375 -0.183333    
0.2275 -0.25    
0.1575 -0.346667    
0.11 -0.386667    
-0.005 -0.476667    
-0.105 -0.54    
-0.24 -0.6    
-0.365 -0.63    
-0.445 -0.623333    
-0.5125 -0.603333    
-0.5775 -0.553333    
-0.615 -0.49    
-0.625 -0.426667    
-0.6175 -0.38    
-0.5925 -0.333333    
-0.57 -0.313333    
