49
0.165 0.223333    
0.1525 0.3    
0.1325 0.366667    
0.105 0.406667    
0.055 0.44    
0.005 0.45    
-0.07 0.436667    
-0.1425 0.4    
-0.195 0.363333    
-0.25 0.306667    
-0.285 0.26    
-0.31 0.21    
-0.335 0.12    
-0.3375 0.0666667    
-0.3325 0.01    
-0.31 -0.06    
-0.2675 -0.123333    
-0.225 -0.166667    
-0.165 -0.22    
-0.12 -0.256667    
-0.065 -0.303333    
-0.025 -0.35    
0.005 -0.403333    
0.02 -0.446667    
0.03 -0.503333    
0.03 -0.546667    
0.0225 -0.586667    
-0.0025 -0.643333    
-0.025 -0.673333    
-0.055 -0.693333    
-0.1 -0.716667    
-0.145 -0.726667    
-0.19 -0.73    
-0.2025 -0.73    
-0.2375 -0.726667    
-0.28 -0.713333    
-0.32 -0.693333    
-0.3475 -0.676667    
-0.3725 -0.65    
-0.39 -0.623333    
-0.4 -0.596667    
-0.41 -0.566667    
-0.4175 -0.533333    
-0.42 -0.513333    
-0.425 -0.49    
-0.425 -0.473333    
-0.425 -0.466667    
-0.425 -0.456667    
-0.425 -0.45    
