94
-0.3425 0.563333    
-0.3425 0.57    
-0.345 0.573333    
-0.345 0.576667    
-0.3475 0.576667    
-0.3525 0.58    
-0.3575 0.58    
-0.36 0.58    
-0.365 0.583333    
-0.3675 0.583333    
-0.3675 0.583333    
-0.3625 0.583333    
-0.3575 0.586667    
-0.33 0.59    
-0.3125 0.586667    
-0.26 0.583333    
-0.2275 0.58    
-0.1925 0.57    
-0.1525 0.563333    
-0.065 0.563333    
0.03 0.566667    
0.03 0.566667    
0.1225 0.573333    
0.2025 0.573333    
0.235 0.57    
0.2675 0.566667    
0.2925 0.573333    
0.33 0.566667    
0.3475 0.57    
0.36 0.57    
0.385 0.573333    
0.395 0.576667    
0.41 0.583333    
0.4325 0.593333    
0.4425 0.6    
0.4425 0.6    
0.4475 0.603333    
0.4375 0.61    
0.4225 0.616667    
0.4025 0.62    
0.35 0.636667    
0.3175 0.65    
0.285 0.653333    
0.2175 0.656667    
0.18 0.656667    
0.1075 0.636667    
0.075 0.633333    
0.0425 0.623333    
0.0125 0.61    
-0.0275 0.583333    
-0.0425 0.57    
-0.0625 0.553333    
-0.0725 0.546667    
-0.0875 0.536667    
-0.0925 0.533333    
-0.1025 0.526667    
-0.1025 0.526667    
-0.1075 0.513333    
-0.105 0.5    
-0.1025 0.49    
-0.0975 0.476667    
-0.0875 0.45    
-0.09 0.426667    
-0.095 0.39    
-0.1075 0.346667    
-0.145 0.22    
-0.1625 0.13    
-0.1875 -0.0533333    
-0.1925 -0.15    
-0.1925 -0.246667    
-0.185 -0.413333    
-0.1775 -0.493333    
-0.17 -0.57    
-0.1525 -0.683333    
-0.1375 -0.76    
-0.1275 -0.776667    
-0.1175 -0.783333    
-0.11 -0.783333    
-0.0875 -0.773333    
-0.0775 -0.763333    
-0.0775 -0.763333    
-0.075 -0.74    
-0.0725 -0.72    
-0.07 -0.703333    
-0.065 -0.663333    
-0.0625 -0.65    
-0.0575 -0.62    
-0.0525 -0.603333    
-0.05 -0.583333    
-0.045 -0.536667    
-0.0425 -0.513333    
-0.0425 -0.48    
-0.0425 -0.47    
-0.045 -0.45    
