38
-0.52 0.453333    
-0.5175 0.463333    
-0.5125 0.47    
-0.5 0.476667    
-0.445 0.49    
-0.4 0.503333    
-0.34 0.523333    
-0.2125 0.566667    
-0.155 0.59    
-0.0975 0.623333    
-0.13 0.626667    
-0.13 0.626667    
-0.22 0.6    
-0.27 0.576667    
-0.355 0.51    
-0.385 0.46    
-0.41 0.326667    
-0.41 0.25    
-0.4025 0.166667    
-0.385 0.07    
-0.3375 -0.113333    
-0.315 -0.196667    
-0.2725 -0.35    
-0.2575 -0.403333    
-0.2475 -0.446667    
-0.2425 -0.493333    
-0.25 -0.5    
-0.2625 -0.496667    
-0.2925 -0.476667    
-0.3075 -0.463333    
-0.3225 -0.45    
-0.3425 -0.43    
-0.3475 -0.416667    
-0.35 -0.413333    
-0.35 -0.41    
-0.35 -0.403333    
-0.35 -0.396667    
-0.35 -0.386667    
