41
-0.1025 0.79    
-0.13 0.763333    
-0.1475 0.743333    
-0.155 0.716667    
-0.1125 0.7    
-0.07 0.696667    
-0.01 0.69    
0.0625 0.683333    
0.1475 0.68    
0.3325 0.663333    
0.5075 0.656667    
0.58 0.653333    
0.64 0.65    
0.6875 0.65    
0.755 0.656667    
0.775 0.656667    
0.78 0.656667    
0.765 0.656667    
0.7075 0.653333    
0.7 0.653333    
0.6225 0.653333    
0.5775 0.65    
0.4925 0.65    
0.45 0.643333    
0.385 0.63    
0.335 0.62    
0.3 0.606667    
0.25 0.573333    
0.23 0.553333    
0.2075 0.503333    
0.205 0.463333    
0.2125 0.413333    
0.2225 0.35    
0.2575 0.166667    
0.2725 0.0366667    
0.3125 -0.243333    
0.3275 -0.383333    
0.3325 -0.516667    
0.3275 -0.71    
0.315 -0.796667    
0.285 -0.936667    
