40
-0.225 0.593333    
-0.1925 0.596667    
-0.1425 0.596667    
0.0175 0.603333    
0.115 0.613333    
0.2075 0.623333    
0.35 0.633333    
0.39 0.636667    
0.4125 0.643333    
0.4 0.656667    
0.3425 0.683333    
0.3075 0.693333    
0.2325 0.713333    
0.195 0.716667    
0.1625 0.71    
0.1325 0.693333    
0.095 0.63    
0.095 0.63    
0.095 0.63    
0.1 0.373333    
0.1225 0.0266667    
0.13 -0.166667    
0.1325 -0.293333    
0.1325 -0.406667    
0.135 -0.56    
0.14 -0.603333    
0.14 -0.633333    
0.1425 -0.66    
0.1475 -0.666667    
0.155 -0.663333    
0.16 -0.66    
0.1625 -0.656667    
0.165 -0.646667    
0.165 -0.643333    
0.165 -0.636667    
0.1675 -0.62    
0.1675 -0.61    
0.17 -0.6    
0.1725 -0.583333    
0.175 -0.573333    
