64
-0.3125 0.613333    
-0.3125 0.61    
-0.3125 0.61    
-0.3125 0.61    
-0.315 0.606667    
-0.315 0.603333    
-0.315 0.6    
-0.305 0.6    
-0.295 0.6    
-0.2775 0.603333    
-0.23 0.613333    
-0.2 0.62    
-0.1325 0.633333    
-0.095 0.64    
-0.0575 0.646667    
0.025 0.666667    
0.105 0.676667    
0.105 0.676667    
0.175 0.68    
0.2025 0.676667    
0.225 0.673333    
0.25 0.666667    
0.255 0.66    
0.2475 0.65    
0.235 0.636667    
0.185 0.6    
0.155 0.583333    
0.155 0.583333    
0.155 0.583333    
0.0825 0.556667    
0.05 0.55    
0 0.54    
-0.01 0.536667    
-0.02 0.533333    
-0.035 0.526667    
-0.045 0.503333    
-0.05 0.483333    
-0.055 0.45    
-0.06 0.406667    
-0.0725 0.296667    
-0.08 0.226667    
-0.0875 0.153333    
-0.105 -0.00333333    
-0.1125 -0.0833333    
-0.12 -0.153333    
-0.125 -0.26    
-0.125 -0.3    
-0.125 -0.35    
-0.125 -0.366667    
-0.125 -0.38    
-0.1225 -0.393333    
-0.1225 -0.396667    
-0.1225 -0.396667    
-0.12 -0.4    
-0.12 -0.4    
-0.12 -0.396667    
-0.12 -0.396667    
-0.12 -0.396667    
-0.12 -0.393333    
-0.12 -0.393333    
-0.1225 -0.39    
-0.1225 -0.386667    
-0.1225 -0.386667    
-0.1225 -0.383333    
