57
-0.1 0.67    
-0.0975 0.673333    
-0.09 0.683333    
-0.08 0.696667    
-0.0725 0.703333    
-0.0575 0.71    
-0.0125 0.716667    
0.0075 0.713333    
0.04 0.703333    
0.0975 0.68    
0.15 0.666667    
0.1725 0.663333    
0.22 0.663333    
0.2575 0.67    
0.305 0.666667    
0.335 0.666667    
0.395 0.68    
0.4175 0.693333    
0.4325 0.703333    
0.455 0.726667    
0.4775 0.746667    
0.4825 0.756667    
0.48 0.76    
0.46 0.763333    
0.44 0.763333    
0.425 0.766667    
0.395 0.78    
0.3575 0.79    
0.3325 0.79    
0.3025 0.776667    
0.285 0.76    
0.245 0.723333    
0.2225 0.703333    
0.1975 0.68    
0.175 0.656667    
0.1575 0.633333    
0.145 0.61    
0.1375 0.586667    
0.1275 0.54    
0.115 0.456667    
0.105 0.38    
0.095 0.263333    
0.095 0.153333    
0.0975 0.0666667    
0.1 -0.0533333    
0.1025 -0.2    
0.1 -0.256667    
0.0975 -0.383333    
0.0925 -0.453333    
0.085 -0.523333    
0.08 -0.583333    
0.0725 -0.653333    
0.0675 -0.72    
0.07 -0.733333    
0.075 -0.756667    
0.0825 -0.763333    
0.0925 -0.763333    
