48
-0.46 0.646667    
-0.4625 0.643333    
-0.465 0.63    
-0.4625 0.606667    
-0.4525 0.59    
-0.4375 0.57    
-0.4125 0.553333    
-0.3375 0.52    
-0.275 0.503333    
-0.1975 0.486667    
-0.0525 0.463333    
0.035 0.446667    
0.1175 0.433333    
0.235 0.413333    
0.2925 0.413333    
0.335 0.416667    
0.3625 0.426667    
0.38 0.44    
0.365 0.46    
0.3475 0.466667    
0.305 0.483333    
0.2675 0.5    
0.215 0.52    
0.1675 0.54    
0.1275 0.55    
0.09 0.55    
0.09 0.55    
0.0475 0.533333    
0.015 0.51    
0.0025 0.493333    
-0.0175 0.456667    
-0.025 0.423333    
-0.0275 0.343333    
-0.0225 0.3    
-0.0125 0.183333    
0.01 -0.00333333    
0.02 -0.0866667    
0.04 -0.243333    
0.055 -0.356667    
0.07 -0.483333    
0.08 -0.573333    
0.085 -0.626667    
0.085 -0.67    
0.08 -0.696667    
0.0775 -0.713333    
0.075 -0.73    
0.075 -0.74    
0.0725 -0.746667    
