36
-0.2975 0.55    
-0.295 0.573333    
-0.2675 0.59    
-0.25 0.586667    
-0.1875 0.566667    
-0.15 0.553333    
-0.0925 0.543333    
-0.0175 0.533333    
0.1575 0.52    
0.1575 0.52    
0.2225 0.516667    
0.335 0.51    
0.395 0.503333    
0.4625 0.5    
0.4675 0.503333    
0.465 0.51    
0.43 0.52    
0.395 0.52    
0.315 0.513333    
0.2725 0.506667    
0.235 0.5    
0.1725 0.476667    
0.1425 0.45    
0.115 0.416667    
0.075 0.33    
0.0475 0.223333    
0.0475 0.223333    
0.03 0.09    
0.0125 -0.0733333    
0.0025 -0.173333    
-0.01 -0.286667    
-0.02 -0.41    
-0.0425 -0.656667    
-0.05 -0.766667    
-0.0575 -0.856667    
-0.0625 -0.976667    
