43
-0.3825 0.396667    
-0.3875 0.406667    
-0.3775 0.42    
-0.3575 0.433333    
-0.3075 0.446667    
-0.235 0.453333    
-0.175 0.456667    
-0.095 0.453333    
-0.0375 0.456667    
0.0275 0.46    
0.08 0.466667    
0.1075 0.47    
0.13 0.48    
0.14 0.486667    
0.14 0.493333    
0.1325 0.496667    
0.125 0.493333    
0.11 0.486667    
0.0975 0.476667    
0.0875 0.47    
0.075 0.456667    
0.06 0.436667    
0.0475 0.416667    
0.0325 0.39    
0.015 0.35    
0.005 0.313333    
0 0.236667    
0.0025 0.18    
0.0025 0.16    
0.0075 0.0266667    
0.0075 -0.0666667    
0.0075 -0.156667    
0.0075 -0.273333    
0.0075 -0.34    
0.0075 -0.41    
0.01 -0.46    
0.015 -0.54    
0.0175 -0.576667    
0.02 -0.606667    
0.0175 -0.616667    
0.015 -0.616667    
0.0125 -0.616667    
0.01 -0.613333    
