106
-0.255 0.383333    
-0.2375 0.393333    
-0.195 0.403333    
-0.1575 0.4    
-0.0975 0.39    
-0.045 0.383333    
0.01 0.376667    
0.0875 0.373333    
0.1425 0.373333    
0.2125 0.376667    
0.26 0.376667    
0.3175 0.376667    
0.355 0.376667    
0.4025 0.38    
0.44 0.383333    
0.465 0.386667    
0.49 0.393333    
0.5125 0.4    
0.52 0.4    
0.53 0.406667    
0.5325 0.406667    
0.5325 0.41    
0.5275 0.41    
0.52 0.413333    
0.5075 0.416667    
0.4875 0.416667    
0.4625 0.416667    
0.4375 0.416667    
0.4225 0.416667    
0.3825 0.406667    
0.36 0.4    
0.345 0.393333    
0.31 0.383333    
0.285 0.376667    
0.25 0.373333    
0.2325 0.373333    
0.195 0.38    
0.1675 0.386667    
0.15 0.39    
0.1275 0.393333    
0.11 0.393333    
0.09 0.39    
0.0825 0.39    
0.0675 0.386667    
0.055 0.386667    
0.0525 0.386667    
0.0475 0.386667    
0.045 0.383333    
0.0425 0.383333    
0.045 0.376667    
0.045 0.373333    
0.05 0.363333    
0.0575 0.35    
0.06 0.34    
0.0675 0.32    
0.07 0.306667    
0.075 0.296667    
0.08 0.286667    
0.085 0.276667    
0.0925 0.266667    
0.095 0.263333    
0.0975 0.26    
0.1 0.256667    
0.105 0.25    
0.11 0.24    
0.1125 0.226667    
0.1175 0.21    
0.1225 0.19    
0.125 0.17    
0.13 0.143333    
0.135 0.113333    
0.14 0.0766667    
0.145 0.0266667    
0.1475 -0.00666667    
0.1525 -0.0366667    
0.1575 -0.0733333    
0.17 -0.13    
0.1775 -0.163333    
0.185 -0.193333    
0.195 -0.243333    
0.2025 -0.276667    
0.2075 -0.303333    
0.21 -0.336667    
0.2175 -0.383333    
0.2225 -0.416667    
0.225 -0.443333    
0.23 -0.476667    
0.2325 -0.5    
0.2375 -0.523333    
0.24 -0.546667    
0.24 -0.563333    
0.24 -0.586667    
0.24 -0.603333    
0.2375 -0.623333    
0.2375 -0.636667    
0.235 -0.66    
0.2325 -0.683333    
0.23 -0.7    
0.23 -0.706667    
0.2275 -0.72    
0.225 -0.723333    
0.2225 -0.73    
0.2225 -0.73    
0.22 -0.733333    
0.22 -0.736667    
0.22 -0.74    
