39
-0.415 0.213333    
-0.405 0.206667    
-0.365 0.196667    
-0.32 0.196667    
-0.2375 0.203333    
-0.1075 0.223333    
-0.0525 0.233333    
0.0525 0.26    
0.145 0.29    
0.1975 0.31    
0.2325 0.326667    
0.265 0.346667    
0.2675 0.346667    
0.26 0.333333    
0.2475 0.32    
0.23 0.306667    
0.1925 0.29    
0.1475 0.27    
0.08 0.256667    
0.0525 0.25    
0.0225 0.24    
-0.0225 0.23    
-0.0775 0.216667    
-0.1125 0.206667    
-0.155 0.196667    
-0.19 0.186667    
-0.205 0.183333    
-0.2125 0.176667    
-0.2175 0.16    
-0.2125 0.126667    
-0.2075 0.0933333    
-0.1875 0    
-0.1725 -0.113333    
-0.1675 -0.186667    
-0.165 -0.363333    
-0.175 -0.56    
-0.195 -0.743333    
-0.21 -0.856667    
-0.22 -0.94    
