41
-0.0475 0.386667    
-0.045 0.41    
-0.045 0.416667    
-0.04 0.426667    
-0.03 0.433333    
-0.0225 0.436667    
-0.005 0.433333    
0.0275 0.423333    
0.065 0.42    
0.1525 0.42    
0.2175 0.42    
0.2925 0.423333    
0.3875 0.42    
0.47 0.416667    
0.515 0.413333    
0.5525 0.41    
0.565 0.406667    
0.565 0.406667    
0.5575 0.406667    
0.5375 0.406667    
0.505 0.406667    
0.455 0.406667    
0.415 0.403333    
0.3475 0.386667    
0.3125 0.37    
0.2775 0.35    
0.2375 0.32    
0.21 0.286667    
0.19 0.243333    
0.18 0.2    
0.175 0.14    
0.175 0.0266667    
0.18 -0.126667    
0.185 -0.253333    
0.19 -0.416667    
0.19 -0.52    
0.1875 -0.623333    
0.18 -0.686667    
0.1725 -0.71    
0.155 -0.716667    
0.1475 -0.71    
