36
-0.34 0.463333    
-0.34 0.466667    
-0.3425 0.466667    
-0.345 0.453333    
-0.36 0.35    
-0.365 0.266667    
-0.3675 0.173333    
-0.365 -0.0266667    
-0.3575 -0.113333    
-0.3425 -0.183333    
-0.3425 -0.183333    
-0.27 -0.26    
-0.27 -0.26    
-0.185 -0.28    
-0.1425 -0.28    
-0.055 -0.25    
-0.03 -0.226667    
-0.01 -0.2    
0.025 -0.12    
0.0375 -0.0733333    
0.045 -0.0233333    
0.05 0.09    
0.0425 0.196667    
0.0375 0.24    
0.03 0.28    
0.0225 0.31    
0.0125 0.35    
0.0075 0.36    
0.005 0.366667    
0.005 0.373333    
0.0025 0.376667    
0.0025 0.373333    
0.0025 0.373333    
0.0025 0.37    
0 0.37    
-0.0025 0.366667    
