55
-0.25 0.943333    
-0.2775 0.93    
-0.3 0.91    
-0.34 0.856667    
-0.3575 0.826667    
-0.375 0.783333    
-0.3975 0.663333    
-0.41 0.59    
-0.425 0.503333    
-0.45 0.296667    
-0.465 0.17    
-0.5025 -0.113333    
-0.5125 -0.256667    
-0.5175 -0.396667    
-0.48 -0.623333    
-0.4375 -0.71    
-0.34 -0.813333    
-0.275 -0.843333    
-0.1325 -0.866667    
-0.1325 -0.866667    
0.015 -0.823333    
0.1425 -0.686667    
0.205 -0.6    
0.26 -0.503333    
0.355 -0.306667    
0.3925 -0.2    
0.4175 -0.09    
0.4375 0.02    
0.46 0.24    
0.4675 0.343333    
0.4625 0.516667    
0.4575 0.593333    
0.4425 0.713333    
0.4375 0.753333    
0.4325 0.783333    
0.425 0.796667    
0.4175 0.806667    
0.415 0.8    
0.4075 0.776667    
0.405 0.76    
0.405 0.743333    
0.4 0.716667    
0.4 0.703333    
0.4 0.7    
0.4 0.696667    
0.4 0.693333    
0.4 0.693333    
0.4025 0.693333    
0.4075 0.696667    
0.4075 0.696667    
0.4075 0.7    
0.4075 0.7    
0.405 0.703333    
0.4 0.706667    
0.3975 0.71    
