45
-0.3475 0.62    
-0.3475 0.62    
-0.35 0.62    
-0.355 0.573333    
-0.3575 0.526667    
-0.36 0.46    
-0.3625 0.38    
-0.35 0.193333    
-0.34 0.0966667    
-0.3225 0.01    
-0.275 -0.163333    
-0.245 -0.243333    
-0.165 -0.386667    
-0.1225 -0.436667    
-0.04 -0.5    
-0.0025 -0.51    
0.0575 -0.503333    
0.085 -0.486667    
0.11 -0.463333    
0.16 -0.393333    
0.1825 -0.34    
0.2025 -0.276667    
0.22 -0.206667    
0.245 -0.0633333    
0.2575 0.00333333    
0.28 0.133333    
0.295 0.196667    
0.3075 0.256667    
0.32 0.313333    
0.335 0.403333    
0.34 0.436667    
0.34 0.436667    
0.3375 0.46    
0.3325 0.473333    
0.32 0.48    
0.3125 0.47    
0.31 0.466667    
0.3025 0.45    
0.3 0.436667    
0.29 0.413333    
0.2875 0.406667    
0.2875 0.403333    
0.29 0.406667    
0.29 0.41    
0.2925 0.413333    
