80
-0.21 0.443333    
-0.21 0.45    
-0.21 0.473333    
-0.21 0.486667    
-0.2125 0.5    
-0.215 0.52    
-0.2175 0.526667    
-0.2175 0.53    
-0.2175 0.526667    
-0.2175 0.523333    
-0.2125 0.51    
-0.21 0.5    
-0.205 0.463333    
-0.2025 0.433333    
-0.2 0.35    
-0.2 0.303333    
-0.1975 0.256667    
-0.1975 0.206667    
-0.195 0.123333    
-0.1925 0.0433333    
-0.1925 0.0433333    
-0.19 -0.0333333    
-0.1875 -0.0733333    
-0.185 -0.11    
-0.175 -0.183333    
-0.1675 -0.253333    
-0.1625 -0.29    
-0.16 -0.323333    
-0.1525 -0.35    
-0.13 -0.4    
-0.1125 -0.416667    
-0.0925 -0.433333    
-0.035 -0.46    
0.035 -0.463333    
0.07 -0.453333    
0.1025 -0.436667    
0.135 -0.41    
0.18 -0.34    
0.195 -0.3    
0.2125 -0.22    
0.215 -0.176667    
0.22 -0.133333    
0.225 -0.0366667    
0.2275 0.0133333    
0.23 0.06    
0.2325 0.153333    
0.2325 0.196667    
0.2325 0.243333    
0.23 0.336667    
0.225 0.416667    
0.2225 0.453333    
0.2175 0.48    
0.2075 0.523333    
0.2025 0.54    
0.2 0.553333    
0.195 0.563333    
0.1875 0.576667    
0.185 0.563333    
0.185 0.54    
0.1875 0.503333    
0.2 0.41    
0.205 0.356667    
0.2175 0.27    
0.2275 0.216667    
0.235 0.17    
0.24 0.126667    
0.2425 0.0866667    
0.2475 0.0133333    
0.2525 -0.0533333    
0.255 -0.0833333    
0.26 -0.116667    
0.2625 -0.146667    
0.27 -0.206667    
0.2725 -0.263333    
0.275 -0.286667    
0.275 -0.286667    
0.275 -0.286667    
0.2775 -0.326667    
0.2775 -0.34    
0.2775 -0.35    
