42
-0.3475 0.476667    
-0.35 0.476667    
-0.355 0.473333    
-0.3575 0.47    
-0.36 0.47    
-0.365 0.466667    
-0.3675 0.46    
-0.3725 0.446667    
-0.38 0.416667    
-0.39 0.373333    
-0.4 0.31    
-0.41 0.206667    
-0.415 0.1    
-0.415 0.0266667    
-0.4025 -0.0766667    
-0.3825 -0.153333    
-0.37 -0.19    
-0.3425 -0.25    
-0.3025 -0.32    
-0.2575 -0.38    
-0.2 -0.43    
-0.16 -0.45    
-0.11 -0.453333    
-0.08 -0.446667    
-0.025 -0.41    
0.045 -0.323333    
0.0725 -0.276667    
0.135 -0.143333    
0.17 -0.0466667    
0.2075 0.07    
0.235 0.16    
0.25 0.216667    
0.2625 0.27    
0.2675 0.296667    
0.2775 0.356667    
0.295 0.433333    
0.305 0.47    
0.315 0.496667    
0.3225 0.516667    
0.3275 0.523333    
0.3275 0.513333    
0.3225 0.496667    
