38
-0.365 0.553333    
-0.365 0.476667    
-0.365 0.42    
-0.3625 0.356667    
-0.3625 0.286667    
-0.365 0.183333    
-0.365 0.0233333    
-0.3625 -0.0533333    
-0.3525 -0.0966667    
-0.2675 -0.35    
-0.225 -0.423333    
-0.1275 -0.543333    
-0.0525 -0.596667    
0.0475 -0.63    
0.085 -0.62    
0.1525 -0.573333    
0.1975 -0.516667    
0.2675 -0.396667    
0.3025 -0.326667    
0.3325 -0.263333    
0.36 -0.186667    
0.3825 -0.1    
0.39 -0.0433333    
0.395 0.0333333    
0.3975 0.07    
0.395 0.146667    
0.3925 0.223333    
0.3925 0.256667    
0.3925 0.286667    
0.3925 0.31    
0.395 0.343333    
0.3975 0.363333    
0.4 0.376667    
0.4 0.39    
0.4025 0.4    
0.4025 0.403333    
0.405 0.403333    
0.405 0.403333    
