40
-0.365 0.45    
-0.37 0.47    
-0.3725 0.483333    
-0.37 0.48    
-0.3625 0.42    
-0.3575 0.35    
-0.355 0.25    
-0.3525 0.13    
-0.34 -0.133333    
-0.325 -0.256667    
-0.3 -0.37    
-0.235 -0.55    
-0.145 -0.65    
-0.145 -0.65    
-0.0375 -0.653333    
0.0725 -0.56    
0.1225 -0.483333    
0.165 -0.396667    
0.2 -0.306667    
0.2 -0.306667    
0.225 -0.18    
0.245 -0.0566667    
0.26 0.173333    
0.2575 0.336667    
0.2575 0.336667    
0.2475 0.426667    
0.2425 0.453333    
0.235 0.476667    
0.2325 0.483333    
0.23 0.483333    
0.225 0.48    
0.2225 0.473333    
0.2125 0.456667    
0.2075 0.45    
0.2025 0.44    
0.1975 0.426667    
0.195 0.42    
0.1925 0.416667    
0.1875 0.41    
0.185 0.406667    
