57
-0.425 0.703333    
-0.4225 0.686667    
-0.415 0.666667    
-0.405 0.633333    
-0.3925 0.576667    
-0.385 0.513333    
-0.375 0.41    
-0.3675 0.28    
-0.36 0.18    
-0.3525 0.09    
-0.335 -0.0266667    
-0.315 -0.13    
-0.3 -0.193333    
-0.27 -0.283333    
-0.2525 -0.336667    
-0.225 -0.38    
-0.2 -0.4    
-0.155 -0.403333    
-0.12 -0.396667    
-0.07 -0.38    
-0.03 -0.363333    
0.0125 -0.33    
0.05 -0.283333    
0.0675 -0.26    
0.1025 -0.19    
0.12 -0.153333    
0.135 -0.11    
0.15 -0.06    
0.16 -0.00666667    
0.16 0.0666667    
0.1575 0.12    
0.1525 0.183333    
0.145 0.23    
0.1425 0.256667    
0.135 0.29    
0.12 0.356667    
0.11 0.4    
0.1 0.436667    
0.09 0.48    
0.08 0.51    
0.075 0.523333    
0.07 0.543333    
0.0675 0.57    
0.0675 0.586667    
0.0675 0.603333    
0.07 0.623333    
0.0725 0.633333    
0.075 0.646667    
0.08 0.656667    
0.0825 0.66    
0.09 0.666667    
0.095 0.673333    
0.1 0.673333    
0.105 0.68    
0.11 0.686667    
0.115 0.693333    
0.1175 0.703333    
