99
-0.185 0.333333    
-0.1875 0.326667    
-0.1875 0.316667    
-0.1875 0.293333    
-0.19 0.263333    
-0.19 0.216667    
-0.1925 0.17    
-0.195 0.103333    
-0.195 0.0333333    
-0.195 -0.0233333    
-0.195 -0.103333    
-0.1925 -0.16    
-0.1925 -0.183333    
-0.19 -0.216667    
-0.1875 -0.263333    
-0.185 -0.31    
-0.18 -0.35    
-0.175 -0.383333    
-0.1725 -0.41    
-0.165 -0.453333    
-0.1525 -0.493333    
-0.1425 -0.52    
-0.1225 -0.553333    
-0.0925 -0.586667    
-0.08 -0.593333    
-0.045 -0.613333    
-0.0375 -0.616667    
-0.01 -0.626667    
0.0175 -0.633333    
0.0575 -0.646667    
0.0975 -0.653333    
0.125 -0.653333    
0.1625 -0.653333    
0.1975 -0.646667    
0.2225 -0.636667    
0.2475 -0.616667    
0.28 -0.583333    
0.3075 -0.543333    
0.3275 -0.513333    
0.345 -0.47    
0.3575 -0.44    
0.37 -0.386667    
0.3775 -0.356667    
0.3825 -0.326667    
0.385 -0.303333    
0.3925 -0.273333    
0.395 -0.256667    
0.395 -0.24    
0.3975 -0.223333    
0.395 -0.2    
0.3925 -0.18    
0.3925 -0.16    
0.39 -0.136667    
0.3875 -0.0866667    
0.3875 -0.0733333    
0.385 -0.05    
0.38 -0.0266667    
0.3775 -0.01    
0.375 0    
0.37 0.0133333    
0.365 0.02    
0.3625 0.0366667    
0.3625 0.0466667    
0.36 0.0633333    
0.36 0.09    
0.355 0.116667    
0.3525 0.13    
0.35 0.143333    
0.3475 0.146667    
0.345 0.15    
0.34 0.16    
0.34 0.166667    
0.3375 0.183333    
0.3375 0.2    
0.3375 0.216667    
0.3375 0.233333    
0.3375 0.243333    
0.335 0.253333    
0.335 0.256667    
0.335 0.263333    
0.3325 0.273333    
0.3325 0.28    
0.3325 0.286667    
0.3325 0.296667    
0.335 0.306667    
0.335 0.31    
0.335 0.313333    
0.335 0.32    
0.335 0.32    
0.3325 0.323333    
0.3325 0.323333    
0.33 0.326667    
0.33 0.33    
0.3275 0.33    
0.3225 0.33    
0.32 0.33    
0.32 0.33    
0.32 0.323333    
0.3225 0.316667    
