46
-0.36 0.43    
-0.365 0.396667    
-0.3675 0.38    
-0.37 0.336667    
-0.3725 0.286667    
-0.3725 0.25    
-0.37 0.19    
-0.3675 0.133333    
-0.3625 0.0866667    
-0.35 0.0233333    
-0.3375 -0.0233333    
-0.3125 -0.08    
-0.2825 -0.116667    
-0.26 -0.136667    
-0.22 -0.16    
-0.1375 -0.176667    
-0.11 -0.173333    
-0.0725 -0.16    
-0.0325 -0.126667    
-0.005 -0.07    
0.0125 0.00333333    
0.0175 0.06    
0.02 0.113333    
0.0175 0.19    
0.015 0.243333    
0.0125 0.27    
0.0125 0.313333    
0.01 0.34    
0.01 0.356667    
0.0075 0.356667    
0.005 0.346667    
0.005 0.316667    
0.005 0.3    
0.005 0.256667    
0.005 0.22    
0.0075 0.163333    
0.01 0.14    
0.0125 0.123333    
0.015 0.113333    
0.015 0.11    
0.015 0.11    
0.0125 0.11    
0.01 0.113333    
0.0075 0.116667    
0.0025 0.116667    
-0.0025 0.113333    
