39
-0.065 0.46    
-0.085 0.473333    
-0.11 0.483333    
-0.1275 0.48    
-0.1525 0.456667    
-0.165 0.426667    
-0.18 0.37    
-0.19 0.31    
-0.1975 0.243333    
-0.205 0.1    
-0.205 -0.00333333    
-0.2 -0.11    
-0.185 -0.253333    
-0.1625 -0.38    
-0.14 -0.453333    
-0.105 -0.523333    
-0.0625 -0.57    
-0.05 -0.573333    
-0.005 -0.583333    
0.06 -0.55    
0.1025 -0.51    
0.1575 -0.44    
0.195 -0.376667    
0.2275 -0.31    
0.27 -0.22    
0.31 -0.1    
0.33 -0.03    
0.3425 0.0366667    
0.36 0.123333    
0.37 0.18    
0.3825 0.25    
0.39 0.293333    
0.3975 0.343333    
0.4025 0.383333    
0.4025 0.41    
0.4025 0.436667    
0.4025 0.45    
0.4025 0.47    
0.405 0.48    
