58
-0.435 0.573333    
-0.435 0.563333    
-0.4375 0.536667    
-0.44 0.456667    
-0.4225 0.343333    
-0.395 0.196667    
-0.34 -0.0233333    
-0.29 -0.183333    
-0.2425 -0.32    
-0.19 -0.443333    
-0.14 -0.523333    
-0.0925 -0.573333    
-0.055 -0.593333    
-0.0175 -0.596667    
0.0225 -0.58    
0.0825 -0.516667    
0.135 -0.436667    
0.21 -0.29    
0.2675 -0.166667    
0.3375 -0.0233333    
0.38 0.06    
0.4275 0.2    
0.4575 0.3    
0.48 0.4    
0.5125 0.563333    
0.5225 0.616667    
0.525 0.636667    
0.5225 0.653333    
0.51 0.656667    
0.4975 0.656667    
0.47 0.646667    
0.4575 0.643333    
0.445 0.64    
0.4425 0.64    
0.43 0.636667    
0.42 0.643333    
0.415 0.656667    
0.4125 0.67    
0.415 0.683333    
0.4175 0.696667    
0.42 0.7    
0.4225 0.706667    
0.4225 0.713333    
0.42 0.72    
0.4175 0.73    
0.4125 0.736667    
0.41 0.74    
0.4075 0.746667    
0.4025 0.753333    
0.4 0.75    
0.4 0.743333    
0.4025 0.73    
0.405 0.716667    
0.405 0.706667    
0.405 0.696667    
0.405 0.686667    
0.405 0.68    
0.4025 0.673333    
