43
-0.335 0.273333    
-0.3325 0.27    
-0.33 0.263333    
-0.3275 0.26    
-0.325 0.253333    
-0.325 0.246667    
-0.3225 0.24    
-0.32 0.233333    
-0.3125 0.213333    
-0.305 0.19    
-0.295 0.163333    
-0.2725 0.0866667    
-0.245 -0.0233333    
-0.2325 -0.0833333    
-0.2225 -0.143333    
-0.2125 -0.2    
-0.1975 -0.3    
-0.1925 -0.34    
-0.19 -0.37    
-0.1825 -0.413333    
-0.18 -0.426667    
-0.1775 -0.433333    
-0.175 -0.42    
-0.165 -0.363333    
-0.155 -0.316667    
-0.1375 -0.263333    
-0.115 -0.203333    
-0.0575 -0.0733333    
-0.03 -0.01    
-0.005 0.0466667    
0.0325 0.143333    
0.0425 0.18    
0.0525 0.226667    
0.055 0.24    
0.055 0.25    
0.0525 0.26    
0.05 0.26    
0.0475 0.263333    
0.04 0.263333    
0.035 0.26    
0.0325 0.26    
0.03 0.26    
0.025 0.256667    
