32
-0.1625 0.336667    
-0.1775 0.356667    
-0.2075 0.38    
-0.2175 0.39    
-0.23 0.41    
-0.2325 0.413333    
-0.2325 0.406667    
-0.23 0.396667    
-0.2025 0.323333    
-0.175 0.26    
-0.1 0.0666667    
-0.06 -0.0533333    
-0.02 -0.18    
0.045 -0.423333    
0.1075 -0.64    
0.135 -0.746667    
0.1575 -0.843333    
0.18 -0.943333    
0.39 -0.94    
0.52 -0.646667    
0.5925 -0.48    
0.7575 -0.0966667    
0.8325 0.103333    
0.9 0.293333    
0.8475 0.96    
0.84 0.946667    
0.8325 0.94    
0.8175 0.926667    
0.81 0.92    
0.7975 0.906667    
0.79 0.9    
0.775 0.886667    
