43
-0.295 0.456667    
-0.2925 0.453333    
-0.2925 0.453333    
-0.29 0.456667    
-0.2875 0.46    
-0.2875 0.46    
-0.2825 0.433333    
-0.28 0.406667    
-0.2725 0.356667    
-0.2425 0.213333    
-0.1875 0.0333333    
-0.155 -0.0566667    
-0.125 -0.133333    
-0.095 -0.206667    
-0.035 -0.333333    
0.02 -0.41    
0.02 -0.41    
0.07 -0.443333    
0.1075 -0.43    
0.1225 -0.406667    
0.1375 -0.37    
0.155 -0.316667    
0.195 -0.173333    
0.2225 -0.09    
0.2625 -0.00333333    
0.355 0.163333    
0.4425 0.313333    
0.4725 0.373333    
0.49 0.423333    
0.505 0.476667    
0.5075 0.49    
0.5 0.493333    
0.4975 0.49    
0.4975 0.49    
0.4925 0.483333    
0.4875 0.476667    
0.4825 0.47    
0.48 0.463333    
0.4775 0.46    
0.475 0.446667    
0.4725 0.443333    
0.4725 0.44    
0.47 0.436667    
