40
-0.3775 0.646667    
-0.3875 0.64    
-0.39 0.636667    
-0.39 0.63    
-0.385 0.606667    
-0.38 0.59    
-0.375 0.57    
-0.3575 0.516667    
-0.3475 0.483333    
-0.335 0.443333    
-0.31 0.34    
-0.2775 0.206667    
-0.2625 0.136667    
-0.25 0.0633333    
-0.2325 -0.07    
-0.2225 -0.13    
-0.215 -0.19    
-0.195 -0.283333    
-0.1875 -0.323333    
-0.18 -0.353333    
-0.1725 -0.376667    
-0.16 -0.4    
-0.1525 -0.396667    
-0.1275 -0.353333    
-0.105 -0.31    
-0.08 -0.25    
-0.0225 -0.0933333    
0.0075 -0.01    
0.065 0.15    
0.095 0.22    
0.12 0.283333    
0.155 0.386667    
0.165 0.426667    
0.17 0.456667    
0.1775 0.506667    
0.1775 0.543333    
0.1775 0.543333    
0.17 0.563333    
0.1625 0.58    
0.16 0.586667    
