30
-0.25 0.413333    
-0.26 0.426667    
-0.2775 0.453333    
-0.2825 0.46    
-0.2875 0.463333    
-0.2875 0.433333    
-0.28 0.336667    
-0.27 0.26    
-0.26 0.17    
-0.2275 -0.0433333    
-0.2275 -0.0433333    
-0.195 -0.263333    
-0.175 -0.366667    
-0.135 -0.533333    
-0.1125 -0.596667    
-0.09 -0.643333    
-0.0475 -0.686667    
-0.0275 -0.683333    
0.0225 -0.61    
0.0525 -0.533333    
0.0875 -0.433333    
0.165 -0.196667    
0.2075 -0.07    
0.2475 0.0466667    
0.3175 0.25    
0.3525 0.33    
0.4075 0.436667    
0.43 0.466667    
0.45 0.49    
0.4725 0.506667    
