41
-0.4725 0.536667    
-0.4875 0.543333    
-0.4975 0.55    
-0.5075 0.56    
-0.5125 0.566667    
-0.515 0.563333    
-0.5125 0.55    
-0.51 0.516667    
-0.5025 0.463333    
-0.4975 0.403333    
-0.485 0.3    
-0.4675 0.14    
-0.46 0.0733333    
-0.4425 -0.05    
-0.43 -0.133333    
-0.41 -0.223333    
-0.3825 -0.32    
-0.3625 -0.373333    
-0.3425 -0.423333    
-0.3175 -0.47    
-0.2875 -0.506667    
-0.2675 -0.52    
-0.2425 -0.526667    
-0.215 -0.523333    
-0.1725 -0.49    
-0.135 -0.43    
-0.115 -0.39    
-0.075 -0.29    
-0.0275 -0.146667    
0.0025 -0.06    
0.03 0.0333333    
0.055 0.123333    
0.07 0.183333    
0.095 0.283333    
0.12 0.4    
0.14 0.503333    
0.145 0.526667    
0.1525 0.546667    
0.1575 0.543333    
0.1625 0.54    
0.1675 0.536667    
