47
-0.4475 0.396667    
-0.4425 0.353333    
-0.44 0.336667    
-0.44 0.303333    
-0.4375 0.29    
-0.4375 0.27    
-0.4375 0.256667    
-0.435 0.226667    
-0.425 0.166667    
-0.42 0.13    
-0.4075 0.0433333    
-0.3875 -0.0833333    
-0.3775 -0.14    
-0.35 -0.253333    
-0.3275 -0.336667    
-0.3025 -0.413333    
-0.27 -0.506667    
-0.2425 -0.593333    
-0.225 -0.65    
-0.2025 -0.733333    
-0.1925 -0.773333    
-0.1725 -0.836667    
-0.165 -0.863333    
-0.16 -0.876667    
-0.155 -0.876667    
-0.1475 -0.856667    
-0.13 -0.78    
-0.115 -0.713333    
-0.0925 -0.64    
-0.065 -0.556667    
-0.035 -0.47    
-0.0025 -0.39    
0.045 -0.276667    
0.08 -0.193333    
0.125 -0.09    
0.155 -0.0166667    
0.2075 0.12    
0.22 0.16    
0.2425 0.226667    
0.255 0.273333    
0.265 0.313333    
0.27 0.356667    
0.27 0.393333    
0.2675 0.416667    
0.265 0.436667    
0.26 0.45    
0.2575 0.456667    
