37
-0.21 0.803333    
-0.2075 0.783333    
-0.2025 0.766667    
-0.195 0.74    
-0.185 0.696667    
-0.1725 0.65    
-0.1575 0.56    
-0.1425 0.473333    
-0.125 0.346667    
-0.105 0.24    
-0.07 0.06    
-0.05 -0.0333333    
-0.0275 -0.15    
-0.0125 -0.22    
0.005 -0.296667    
0.0175 -0.343333    
0.03 -0.386667    
0.0425 -0.413333    
0.05 -0.426667    
0.0575 -0.423333    
0.065 -0.41    
0.0775 -0.36    
0.085 -0.293333    
0.0975 -0.2    
0.1125 -0.09    
0.135 0.0633333    
0.15 0.176667    
0.17 0.306667    
0.1775 0.39    
0.185 0.48    
0.1925 0.54    
0.2025 0.61    
0.2125 0.663333    
0.22 0.696667    
0.2325 0.73    
0.24 0.746667    
0.25 0.766667    
