69
-0.125 0.45    
-0.1325 0.46    
-0.1325 0.463333    
-0.135 0.466667    
-0.1325 0.466667    
-0.1325 0.463333    
-0.13 0.446667    
-0.1275 0.43    
-0.1275 0.403333    
-0.1275 0.373333    
-0.1225 0.313333    
-0.1175 0.256667    
-0.1125 0.213333    
-0.105 0.166667    
-0.095 0.0933333    
-0.085 0.0333333    
-0.065 -0.0666667    
-0.0525 -0.123333    
-0.0375 -0.173333    
-0.02 -0.23    
-0.01 -0.27    
0.0025 -0.316667    
0.0125 -0.38    
0.0175 -0.403333    
0.025 -0.426667    
0.0375 -0.46    
0.055 -0.496667    
0.07 -0.523333    
0.0825 -0.536667    
0.09 -0.543333    
0.1 -0.543333    
0.11 -0.54    
0.1175 -0.53    
0.1275 -0.513333    
0.1375 -0.486667    
0.1475 -0.446667    
0.1625 -0.393333    
0.17 -0.366667    
0.1875 -0.303333    
0.21 -0.226667    
0.2175 -0.196667    
0.235 -0.133333    
0.2475 -0.09    
0.2625 -0.0266667    
0.275 0.0166667    
0.295 0.08    
0.31 0.123333    
0.3175 0.143333    
0.33 0.18    
0.34 0.206667    
0.35 0.25    
0.3575 0.276667    
0.3625 0.3    
0.3675 0.33    
0.37 0.356667    
0.37 0.373333    
0.3725 0.396667    
0.3725 0.403333    
0.3725 0.406667    
0.3725 0.41    
0.37 0.41    
0.37 0.41    
0.3675 0.406667    
0.3675 0.406667    
0.365 0.406667    
0.365 0.403333    
0.36 0.396667    
0.3575 0.39    
0.3525 0.373333    
