30
-0.325 0.176667    
-0.3175 0.133333    
-0.3125 0.0766667    
-0.305 0.03    
-0.2925 -0.0566667    
-0.28 -0.113333    
-0.2625 -0.173333    
-0.2325 -0.253333    
-0.195 -0.35    
-0.1825 -0.383333    
-0.1625 -0.436667    
-0.15 -0.476667    
-0.14 -0.496667    
-0.1325 -0.51    
-0.12 -0.516667    
-0.11 -0.51    
-0.09 -0.483333    
-0.07 -0.433333    
-0.05 -0.34    
-0.045 -0.3    
-0.0375 -0.226667    
-0.025 -0.116667    
-0.01 0.0366667    
-0.0025 0.103333    
0.0125 0.233333    
0.025 0.323333    
0.0275 0.366667    
0.0275 0.37    
0.0275 0.36    
0.0225 0.306667    
