37
-0.1175 0.496667    
-0.1275 0.486667    
-0.1325 0.47    
-0.1325 0.436667    
-0.125 0.386667    
-0.105 0.296667    
-0.0875 0.21    
-0.0675 0.1    
-0.035 -0.06    
-0.0025 -0.213333    
0.02 -0.316667    
0.0425 -0.416667    
0.055 -0.466667    
0.065 -0.513333    
0.0725 -0.54    
0.075 -0.55    
0.08 -0.55    
0.0825 -0.54    
0.09 -0.52    
0.0975 -0.483333    
0.1175 -0.413333    
0.155 -0.303333    
0.1825 -0.22    
0.2125 -0.14    
0.25 -0.04    
0.2825 0.0466667    
0.3175 0.133333    
0.3475 0.21    
0.3625 0.26    
0.3775 0.306667    
0.3825 0.333333    
0.39 0.356667    
0.3925 0.366667    
0.3925 0.37    
0.3925 0.37    
0.3925 0.37    
0.3925 0.37    
