75
-0.6075 0.7    
-0.605 0.673333    
-0.5925 0.623333    
-0.5775 0.563333    
-0.5625 0.486667    
-0.54 0.356667    
-0.52 0.25    
-0.5 0.146667    
-0.475 0.02    
-0.445 -0.0966667    
-0.42 -0.18    
-0.385 -0.276667    
-0.3575 -0.336667    
-0.3325 -0.383333    
-0.3025 -0.416667    
-0.2825 -0.426667    
-0.265 -0.423333    
-0.245 -0.403333    
-0.2275 -0.373333    
-0.2075 -0.32    
-0.2025 -0.306667    
-0.18 -0.223333    
-0.1575 -0.113333    
-0.1425 -0.01    
-0.125 0.11    
-0.1025 0.263333    
-0.0825 0.356667    
-0.065 0.43    
-0.0475 0.49    
-0.0375 0.513333    
-0.0275 0.54    
-0.025 0.553333    
-0.0225 0.556667    
-0.02 0.55    
-0.015 0.5    
-0.0125 0.436667    
-0.005 0.326667    
0.0125 0.136667    
0.04 -0.09    
0.07 -0.256667    
0.1125 -0.443333    
0.1425 -0.536667    
0.17 -0.593333    
0.2 -0.63    
0.2275 -0.623333    
0.2475 -0.593333    
0.2775 -0.523333    
0.3025 -0.45    
0.33 -0.346667    
0.3575 -0.213333    
0.395 -0.00333333    
0.43 0.22    
0.45 0.38    
0.4575 0.516667    
0.45 0.68    
0.44 0.75    
0.42 0.796667    
0.415 0.803333    
0.3975 0.82    
0.37 0.816667    
0.3575 0.803333    
0.3525 0.776667    
0.355 0.75    
0.36 0.733333    
0.365 0.723333    
0.37 0.71    
0.37 0.706667    
0.37 0.703333    
0.37 0.696667    
0.37 0.69    
0.37 0.686667    
0.3675 0.676667    
0.365 0.673333    
0.3625 0.67    
0.36 0.666667    
