52
-0.55 0.52    
-0.5475 0.536667    
-0.545 0.55    
-0.5375 0.546667    
-0.53 0.523333    
-0.5075 0.426667    
-0.4725 0.256667    
-0.4725 0.256667    
-0.4225 0.0566667    
-0.3975 -0.0333333    
-0.3475 -0.176667    
-0.33 -0.22    
-0.3125 -0.25    
-0.295 -0.276667    
-0.2925 -0.276667    
-0.29 -0.266667    
-0.2875 -0.206667    
-0.2825 -0.153333    
-0.275 -0.09    
-0.245 0.08    
-0.2075 0.263333    
-0.19 0.343333    
-0.1725 0.413333    
-0.155 0.5    
-0.15 0.503333    
-0.145 0.416667    
-0.1375 0.333333    
-0.1275 0.23    
-0.1125 0.12    
-0.0675 -0.1    
-0.0375 -0.186667    
-0.005 -0.253333    
0.06 -0.313333    
0.12 -0.286667    
0.145 -0.243333    
0.165 -0.186667    
0.185 -0.113333    
0.21 0.0433333    
0.2125 0.113333    
0.2125 0.176667    
0.205 0.273333    
0.2 0.31    
0.1875 0.356667    
0.185 0.373333    
0.185 0.396667    
0.185 0.4    
0.185 0.403333    
0.185 0.403333    
0.1825 0.403333    
0.1825 0.403333    
0.1775 0.406667    
0.1775 0.406667    
