43
-0.6925 0.696667    
-0.7125 0.696667    
-0.7325 0.686667    
-0.745 0.67    
-0.75 0.653333    
-0.7475 0.61    
-0.715 0.53    
-0.685 0.473333    
-0.6375 0.4    
-0.58 0.3    
-0.4575 0.0166667    
-0.395 -0.17    
-0.32 -0.54    
-0.3075 -0.71    
-0.3 -0.84    
-0.3 -0.993333    
-0.27 -0.993333    
-0.1775 -0.823333    
-0.125 -0.69    
-0.005 -0.376667    
0.055 -0.21    
0.055 -0.21    
0.135 0.02    
0.215 0.233333    
0.2875 0.423333    
0.415 0.73    
0.4375 0.766667    
0.4725 0.766667    
0.48 0.713333    
0.49 0.48    
0.49 0.303333    
0.49 0.11    
0.49 -0.0866667    
0.495 -0.45    
0.5025 -0.6    
0.515 -0.723333    
0.5525 -0.88    
0.5775 -0.913333    
0.655 -0.86    
0.705 -0.78    
0.835 -0.52    
0.9075 -0.356667    
0.98 -0.186667    
