66
-0.435 0.443333    
-0.4525 0.456667    
-0.46 0.456667    
-0.4675 0.443333    
-0.47 0.426667    
-0.47 0.386667    
-0.4675 0.326667    
-0.455 0.14    
-0.435 -0.09    
-0.435 -0.09    
-0.4125 -0.263333    
-0.4 -0.31    
-0.3725 -0.366667    
-0.36 -0.363333    
-0.3425 -0.356667    
-0.3225 -0.34    
-0.28 -0.243333    
-0.26 -0.183333    
-0.2225 -0.0433333    
-0.185 0.106667    
-0.1625 0.186667    
-0.1375 0.253333    
-0.115 0.313333    
-0.075 0.393333    
-0.0625 0.41    
-0.05 0.413333    
-0.0475 0.396667    
-0.05 0.293333    
-0.0525 0.21    
-0.0525 0.113333    
-0.0475 0.01    
-0.03 -0.173333    
-0.02 -0.246667    
-0.0075 -0.316667    
0.02 -0.423333    
0.0475 -0.486667    
0.0625 -0.496667    
0.08 -0.493333    
0.12 -0.446667    
0.1425 -0.4    
0.1625 -0.346667    
0.1825 -0.28    
0.23 -0.123333    
0.2875 0.0533333    
0.2875 0.0533333    
0.3475 0.206667    
0.3675 0.263333    
0.3825 0.31    
0.4 0.36    
0.4 0.36    
0.4025 0.376667    
0.4025 0.386667    
0.4 0.393333    
0.395 0.396667    
0.3925 0.393333    
0.3925 0.393333    
0.3875 0.393333    
0.38 0.39    
0.3775 0.386667    
0.375 0.386667    
0.3725 0.383333    
0.3675 0.376667    
0.365 0.373333    
0.365 0.366667    
0.3625 0.363333    
0.3625 0.356667    
