72
-0.33 0.466667    
-0.3375 0.47    
-0.34 0.47    
-0.3475 0.473333    
-0.35 0.476667    
-0.3525 0.48    
-0.36 0.483333    
-0.365 0.486667    
-0.3675 0.486667    
-0.3675 0.486667    
-0.37 0.486667    
-0.365 0.47    
-0.3625 0.45    
-0.3575 0.416667    
-0.3375 0.306667    
-0.315 0.163333    
-0.3025 0.0833333    
-0.2925 0.00666667    
-0.2825 -0.0666667    
-0.2625 -0.226667    
-0.2525 -0.303333    
-0.2425 -0.37    
-0.2275 -0.48    
-0.22 -0.513333    
-0.2075 -0.55    
-0.2025 -0.553333    
-0.1775 -0.51    
-0.16 -0.46    
-0.1425 -0.393333    
-0.11 -0.216667    
-0.1 -0.113333    
-0.0925 -0.00666667    
-0.08 0.196667    
-0.0725 0.28    
-0.0675 0.343333    
-0.06 0.436667    
-0.0575 0.466667    
-0.0575 0.496667    
-0.0575 0.533333    
-0.06 0.546667    
-0.065 0.556667    
-0.07 0.576667    
-0.0725 0.583333    
-0.075 0.59    
-0.075 0.59    
-0.075 0.583333    
-0.0675 0.533333    
-0.0575 0.483333    
-0.045 0.416667    
-0.0125 0.246667    
0.0075 0.146667    
0.0525 -0.0666667    
0.0775 -0.176667    
0.1025 -0.276667    
0.1525 -0.44    
0.175 -0.503333    
0.1975 -0.556667    
0.2325 -0.62    
0.245 -0.64    
0.255 -0.646667    
0.27 -0.633333    
0.2775 -0.596667    
0.2975 -0.46    
0.3125 -0.356667    
0.325 -0.24    
0.35 -0.00666667    
0.36 0.0866667    
0.365 0.17    
0.3675 0.28    
0.365 0.316667    
0.3625 0.346667    
0.355 0.383333    
