70
-0.675 0.486667    
-0.69 0.483333    
-0.7025 0.486667    
-0.7125 0.493333    
-0.72 0.5    
-0.725 0.503333    
-0.725 0.496667    
-0.7125 0.453333    
-0.7025 0.416667    
-0.685 0.36    
-0.6575 0.263333    
-0.61 0.14    
-0.59 0.0933333    
-0.5425 0.01    
-0.5075 -0.0433333    
-0.4625 -0.11    
-0.435 -0.163333    
-0.4 -0.24    
-0.37 -0.323333    
-0.3575 -0.366667    
-0.34 -0.43    
-0.3225 -0.51    
-0.31 -0.563333    
-0.2925 -0.613333    
-0.2775 -0.63    
-0.245 -0.62    
-0.22 -0.58    
-0.2 -0.523333    
-0.175 -0.423333    
-0.1625 -0.366667    
-0.1425 -0.23    
-0.1225 -0.0333333    
-0.115 0.09    
-0.105 0.206667    
-0.0975 0.316667    
-0.09 0.426667    
-0.085 0.486667    
-0.0825 0.55    
-0.0825 0.556667    
-0.0825 0.536667    
-0.0775 0.493333    
-0.07 0.36    
-0.06 0.243333    
-0.05 0.106667    
-0.0375 -0.0366667    
-0.0175 -0.223333    
0.005 -0.43    
0.015 -0.496667    
0.0325 -0.603333    
0.06 -0.696667    
0.07 -0.726667    
0.0925 -0.766667    
0.11 -0.776667    
0.14 -0.743333    
0.15 -0.72    
0.185 -0.6    
0.205 -0.52    
0.2425 -0.343333    
0.275 -0.183333    
0.295 -0.09    
0.32 0.0433333    
0.3325 0.116667    
0.3475 0.2    
0.3625 0.3    
0.3725 0.383333    
0.3775 0.433333    
0.3775 0.463333    
0.3725 0.486667    
0.36 0.486667    
0.35 0.476667    
