63
-0.6325 0.39    
-0.635 0.36    
-0.635 0.296667    
-0.6375 0.24    
-0.6375 0.196667    
-0.635 0.0633333    
-0.6275 -0.06    
-0.6125 -0.236667    
-0.5875 -0.46    
-0.575 -0.53    
-0.5525 -0.633333    
-0.54 -0.68    
-0.52 -0.71    
-0.5025 -0.71    
-0.49 -0.693333    
-0.4675 -0.626667    
-0.455 -0.56    
-0.43 -0.45    
-0.4075 -0.353333    
-0.3825 -0.26    
-0.3525 -0.17    
-0.305 -0.0233333    
-0.2775 0.0566667    
-0.2525 0.133333    
-0.225 0.226667    
-0.205 0.283333    
-0.1825 0.336667    
-0.1675 0.37    
-0.16 0.383333    
-0.145 0.376667    
-0.1375 0.35    
-0.125 0.306667    
-0.1125 0.246667    
-0.0775 0.103333    
-0.05 0.00666667    
0.0125 -0.156667    
0.055 -0.253333    
0.0975 -0.343333    
0.135 -0.42    
0.1675 -0.486667    
0.195 -0.543333    
0.2225 -0.603333    
0.2475 -0.646667    
0.2625 -0.67    
0.28 -0.676667    
0.295 -0.643333    
0.3075 -0.59    
0.3175 -0.536667    
0.3525 -0.326667    
0.375 -0.213333    
0.4025 -0.08    
0.415 -0.0233333    
0.435 0.05    
0.475 0.163333    
0.4875 0.196667    
0.5125 0.26    
0.5225 0.293333    
0.5275 0.313333    
0.5375 0.353333    
0.5475 0.386667    
0.555 0.423333    
0.5575 0.43    
0.5625 0.443333    
