51
-0.295 0.396667    
-0.295 0.396667    
-0.32 0.41    
-0.3275 0.406667    
-0.335 0.4    
-0.335 0.4    
-0.335 0.326667    
-0.3275 0.12    
-0.3175 -0.0166667    
-0.3025 -0.166667    
-0.275 -0.366667    
-0.2475 -0.513333    
-0.235 -0.56    
-0.225 -0.586667    
-0.2125 -0.596667    
-0.185 -0.556667    
-0.135 -0.426667    
-0.1025 -0.323333    
-0.065 -0.206667    
-0.03 -0.0833333    
0.0025 0.0433333    
0.05 0.266667    
0.0675 0.356667    
0.095 0.48    
0.1075 0.513333    
0.1275 0.526667    
0.1375 0.5    
0.15 0.356667    
0.15 0.24    
0.1475 0.103333    
0.1425 -0.0433333    
0.1375 -0.32    
0.1425 -0.436667    
0.1525 -0.53    
0.1825 -0.646667    
0.2 -0.676667    
0.2325 -0.666667    
0.255 -0.623333    
0.28 -0.56    
0.34 -0.363333    
0.3775 -0.246667    
0.4175 -0.13    
0.5 0.0866667    
0.54 0.183333    
0.6075 0.336667    
0.6375 0.4    
0.66 0.45    
0.7025 0.52    
0.7175 0.54    
0.735 0.56    
0.74 0.563333    
