54
-0.61 0.513333    
-0.6175 0.516667    
-0.625 0.52    
-0.6375 0.523333    
-0.645 0.52    
-0.6475 0.51    
-0.65 0.496667    
-0.6425 0.463333    
-0.6325 0.42    
-0.6125 0.316667    
-0.5925 0.216667    
-0.565 0.0466667    
-0.54 -0.09    
-0.505 -0.253333    
-0.47 -0.386667    
-0.445 -0.466667    
-0.4025 -0.546667    
-0.38 -0.556667    
-0.3475 -0.526667    
-0.325 -0.463333    
-0.3025 -0.343333    
-0.28 -0.23    
-0.26 -0.11    
-0.235 0.04    
-0.21 0.176667    
-0.1875 0.286667    
-0.175 0.35    
-0.155 0.41    
-0.14 0.436667    
-0.13 0.45    
-0.115 0.43    
-0.1025 0.363333    
-0.09 0.28    
-0.0575 0.0833333    
-0.035 -0.0466667    
-0.0125 -0.176667    
0.02 -0.343333    
0.0425 -0.436667    
0.075 -0.556667    
0.095 -0.596667    
0.1125 -0.6    
0.1375 -0.58    
0.1625 -0.536667    
0.21 -0.406667    
0.235 -0.306667    
0.26 -0.173333    
0.28 -0.07    
0.2975 0.0633333    
0.305 0.15    
0.315 0.256667    
0.32 0.32    
0.325 0.386667    
0.3275 0.42    
0.335 0.456667    
