92
-0.1475 0.276667    
-0.15 0.27    
-0.15 0.263333    
-0.15 0.25    
-0.15 0.226667    
-0.1475 0.193333    
-0.1475 0.176667    
-0.1475 0.146667    
-0.145 0.12    
-0.1425 0.07    
-0.14 0.0366667    
-0.13 -0.03    
-0.125 -0.0766667    
-0.12 -0.106667    
-0.1125 -0.176667    
-0.1025 -0.256667    
-0.0975 -0.296667    
-0.0925 -0.333333    
-0.0825 -0.373333    
-0.0775 -0.403333    
-0.0675 -0.433333    
-0.06 -0.446667    
-0.055 -0.453333    
-0.0425 -0.453333    
-0.035 -0.446667    
-0.02 -0.42    
-0.005 -0.39    
0.0225 -0.316667    
0.0475 -0.243333    
0.07 -0.186667    
0.09 -0.13    
0.1075 -0.0733333    
0.13 0.02    
0.145 0.09    
0.1575 0.15    
0.16 0.163333    
0.1825 0.236667    
0.19 0.26    
0.2 0.296667    
0.2075 0.313333    
0.2125 0.323333    
0.2175 0.326667    
0.22 0.326667    
0.23 0.316667    
0.235 0.31    
0.2525 0.283333    
0.265 0.256667    
0.28 0.206667    
0.29 0.146667    
0.295 0.0933333    
0.3025 0.02    
0.305 -0.0533333    
0.3025 -0.14    
0.3025 -0.176667    
0.305 -0.246667    
0.3125 -0.313333    
0.3225 -0.35    
0.33 -0.373333    
0.345 -0.41    
0.355 -0.43    
0.365 -0.443333    
0.375 -0.453333    
0.38 -0.45    
0.385 -0.44    
0.3925 -0.42    
0.4025 -0.386667    
0.4125 -0.356667    
0.4325 -0.296667    
0.45 -0.253333    
0.4675 -0.213333    
0.4825 -0.166667    
0.5125 -0.0833333    
0.53 -0.0333333    
0.55 0.0333333    
0.565 0.0766667    
0.5775 0.12    
0.59 0.17    
0.6025 0.22    
0.6075 0.246667    
0.61 0.26    
0.615 0.28    
0.6175 0.293333    
0.62 0.313333    
0.62 0.32    
0.6225 0.333333    
0.6225 0.34    
0.6225 0.346667    
0.6225 0.353333    
0.62 0.353333    
0.62 0.343333    
0.62 0.336667    
0.6225 0.326667    
