68
-0.625 0.136667    
-0.6175 0.116667    
-0.605 0.09    
-0.595 0.0633333    
-0.5825 0.0166667    
-0.575 -0.0233333    
-0.5675 -0.0833333    
-0.5625 -0.133333    
-0.5525 -0.196667    
-0.5475 -0.243333    
-0.535 -0.336667    
-0.53 -0.396667    
-0.525 -0.456667    
-0.5175 -0.513333    
-0.4975 -0.52    
-0.49 -0.516667    
-0.4725 -0.5    
-0.45 -0.49    
-0.4425 -0.49    
-0.43 -0.483333    
-0.41 -0.45    
-0.3875 -0.376667    
-0.375 -0.32    
-0.365 -0.26    
-0.3525 -0.186667    
-0.3475 -0.116667    
-0.3425 -0.05    
-0.34 -0.00333333    
-0.3325 0.09    
-0.325 0.18    
-0.3175 0.236667    
-0.3025 0.316667    
-0.3 0.346667    
-0.3 0.356667    
-0.3025 0.35    
-0.3075 0.323333    
-0.3075 0.256667    
-0.305 0.226667    
-0.3025 0.156667    
-0.2975 0.0966667    
-0.2875 -0.00666667    
-0.275 -0.0766667    
-0.265 -0.153333    
-0.255 -0.276667    
-0.2525 -0.353333    
-0.25 -0.426667    
-0.25 -0.51    
-0.2375 -0.58    
-0.23 -0.613333    
-0.22 -0.636667    
-0.205 -0.646667    
-0.19 -0.633333    
-0.1725 -0.593333    
-0.1575 -0.55    
-0.1425 -0.493333    
-0.12 -0.406667    
-0.09 -0.283333    
-0.075 -0.23    
-0.055 -0.143333    
-0.0075 0.0233333    
0.0075 0.0733333    
0.025 0.12    
0.05 0.18    
0.0825 0.24    
0.0975 0.256667    
0.1075 0.266667    
0.1175 0.236667    
0.12 0.216667    
