65
-0.2425 0.43    
-0.2525 0.42    
-0.265 0.403333    
-0.27 0.393333    
-0.275 0.376667    
-0.2775 0.346667    
-0.2775 0.27    
-0.2725 0.196667    
-0.2675 0.0933333    
-0.255 -0.08    
-0.2425 -0.213333    
-0.2225 -0.383333    
-0.205 -0.506667    
-0.195 -0.566667    
-0.1825 -0.603333    
-0.175 -0.603333    
-0.1675 -0.576667    
-0.1575 -0.53    
-0.1475 -0.48    
-0.12 -0.35    
-0.095 -0.24    
-0.055 -0.0933333    
-0.015 0.0433333    
0.01 0.126667    
0.04 0.22    
0.065 0.296667    
0.08 0.343333    
0.0925 0.38    
0.0975 0.396667    
0.105 0.396667    
0.11 0.373333    
0.12 0.276667    
0.13 0.18    
0.1475 0.07    
0.1775 -0.1    
0.205 -0.223333    
0.25 -0.393333    
0.275 -0.47    
0.2925 -0.53    
0.3125 -0.576667    
0.32 -0.593333    
0.3275 -0.586667    
0.335 -0.54    
0.3475 -0.453333    
0.3625 -0.363333    
0.385 -0.256667    
0.42 -0.11    
0.455 0.0233333    
0.48 0.1    
0.5075 0.18    
0.5175 0.203333    
0.525 0.216667    
0.53 0.233333    
0.53 0.233333    
0.53 0.243333    
0.53 0.256667    
0.5275 0.266667    
0.525 0.28    
0.525 0.286667    
0.525 0.29    
0.525 0.296667    
0.525 0.296667    
0.525 0.3    
0.525 0.303333    
0.525 0.303333    
