32
-0.32 0.676667    
-0.2775 0.613333    
-0.21 0.523333    
-0.065 0.3    
0.0275 0.136667    
0.1075 -0.03    
0.1725 -0.18    
0.245 -0.363333    
0.27 -0.42    
0.2875 -0.423333    
0.3 -0.386667    
0.3125 -0.3    
0.33 -0.116667    
0.3475 0.1    
0.36 0.253333    
0.37 0.41    
0.3675 0.486667    
0.3625 0.52    
0.3375 0.546667    
0.315 0.56    
0.2875 0.556667    
0.245 0.52    
0.21 0.48    
0.11 0.306667    
0.02 0.136667    
-0.0725 -0.04    
-0.1575 -0.206667    
-0.2575 -0.413333    
-0.2925 -0.49    
-0.31 -0.536667    
-0.32 -0.563333    
-0.3225 -0.573333    
