35
-0.3 0.52    
-0.3 0.52    
-0.3175 0.51    
-0.3075 0.453333    
-0.2975 0.403333    
-0.2825 0.343333    
-0.2575 0.266667    
-0.1875 0.113333    
-0.145 0.0466667    
-0.1025 -0.00333333    
-0.0175 -0.0266667    
0.0125 0.00666667    
0.0325 0.0566667    
0.045 0.216667    
0.0475 0.303333    
0.045 0.466667    
0.0425 0.526667    
0.04 0.573333    
0.015 0.593333    
0.015 0.593333    
-0.0675 0.38    
-0.1075 0.266667    
-0.15 0.143333    
-0.2325 -0.0866667    
-0.3025 -0.236667    
-0.3025 -0.236667    
-0.345 -0.306667    
-0.3575 -0.323333    
-0.365 -0.33    
-0.3625 -0.323333    
-0.3575 -0.316667    
-0.34 -0.293333    
-0.3275 -0.28    
-0.305 -0.253333    
-0.2975 -0.243333    
