47
-0.375 0.603333    
-0.3675 0.623333    
-0.34 0.62    
-0.3125 0.586667    
-0.225 0.433333    
-0.225 0.433333    
-0.095 0.163333    
0.07 -0.213333    
0.155 -0.42    
0.2575 -0.65    
0.3575 -0.86    
0.7225 -0.89    
0.7075 -0.473333    
0.7025 -0.253333    
0.71 0.166667    
0.71 0.166667    
0.71 0.166667    
0.71 0.416667    
0.71 0.633333    
0.6975 0.973333    
0.4225 0.94    
0.3475 0.813333    
0.17 0.466667    
0.0675 0.276667    
-0.045 0.08    
-0.265 -0.29    
-0.4525 -0.586667    
-0.5175 -0.703333    
-0.6025 -0.856667    
-0.6025 -0.856667    
-0.6375 -0.923333    
-0.6525 -0.936667    
-0.6575 -0.93    
-0.6575 -0.93    
-0.65 -0.926667    
-0.6025 -0.903333    
-0.57 -0.893333    
-0.46 -0.77    
-0.405 -0.693333    
-0.3475 -0.61    
-0.2975 -0.52    
-0.245 -0.41    
-0.2175 -0.34    
-0.205 -0.32    
-0.195 -0.303333    
-0.185 -0.293333    
-0.18 -0.283333    
