42
0.2225 0.65    
0.23 0.626667    
0.2325 0.593333    
0.2175 0.47    
0.195 0.363333    
0.16 0.24    
0.06 -0.05    
0.0025 -0.193333    
-0.0675 -0.346667    
-0.1625 -0.5    
-0.205 -0.56    
-0.27 -0.613333    
-0.3 -0.593333    
-0.325 -0.553333    
-0.3625 -0.44    
-0.3725 -0.373333    
-0.3725 -0.306667    
-0.3675 -0.146667    
-0.355 0.02    
-0.345 0.0933333    
-0.3375 0.16    
-0.3325 0.22    
-0.3225 0.31    
-0.3175 0.326667    
-0.3025 0.32    
-0.2425 0.236667    
-0.1875 0.163333    
-0.12 0.0766667    
0.0325 -0.103333    
0.1075 -0.19    
0.23 -0.316667    
0.2725 -0.353333    
0.3025 -0.376667    
0.335 -0.39    
0.34 -0.39    
0.3425 -0.39    
0.3425 -0.39    
0.34 -0.376667    
0.3325 -0.346667    
0.3275 -0.33    
0.325 -0.316667    
0.32 -0.313333    
