63
-0.2725 0.45    
-0.2725 0.45    
-0.2725 0.45    
-0.2725 0.446667    
-0.265 0.426667    
-0.2525 0.37    
-0.24 0.323333    
-0.2225 0.26    
-0.2 0.18    
-0.17 0.0866667    
-0.0925 -0.116667    
-0.055 -0.21    
0.0175 -0.366667    
0.05 -0.433333    
0.0775 -0.493333    
0.1225 -0.6    
0.14 -0.64    
0.1625 -0.696667    
0.1675 -0.71    
0.175 -0.726667    
0.175 -0.73    
0.175 -0.726667    
0.17 -0.703333    
0.1675 -0.67    
0.1675 -0.61    
0.165 -0.536667    
0.165 -0.363333    
0.1675 -0.203333    
0.17 -0.133333    
0.175 -0.0666667    
0.185 0.0666667    
0.1875 0.16    
0.1925 0.23    
0.19 0.35    
0.1875 0.39    
0.1825 0.423333    
0.1775 0.453333    
0.165 0.503333    
0.16 0.516667    
0.145 0.526667    
0.1325 0.523333    
0.1 0.49    
0.1 0.49    
0.1 0.49    
0.04 0.396667    
0.0075 0.336667    
-0.0275 0.273333    
-0.09 0.136667    
-0.1175 0.07    
-0.1475 -0.00333333    
-0.215 -0.17    
-0.2475 -0.253333    
-0.2775 -0.336667    
-0.325 -0.473333    
-0.34 -0.523333    
-0.3575 -0.583333    
-0.3625 -0.6    
-0.3625 -0.61    
-0.3625 -0.62    
-0.3625 -0.623333    
-0.36 -0.626667    
-0.3575 -0.626667    
-0.355 -0.63    
