52
-0.53 0.38    
-0.525 0.366667    
-0.515 0.356667    
-0.5 0.353333    
-0.485 0.35    
-0.4675 0.35    
-0.445 0.343333    
-0.39 0.316667    
-0.3475 0.283333    
-0.2975 0.236667    
-0.1975 0.13    
-0.1325 0.05    
-0.0675 -0.0366667    
0 -0.123333    
0.105 -0.26    
0.145 -0.306667    
0.215 -0.39    
0.2475 -0.423333    
0.2925 -0.466667    
0.3475 -0.5    
0.3825 -0.51    
0.4225 -0.49    
0.4675 -0.42    
0.4875 -0.37    
0.5125 -0.28    
0.53 -0.18    
0.5375 -0.1    
0.5425 0    
0.545 0.103333    
0.5425 0.223333    
0.53 0.313333    
0.5125 0.366667    
0.4775 0.406667    
0.4275 0.446667    
0.38 0.463333    
0.31 0.446667    
0.2475 0.406667    
0.1525 0.306667    
0.0175 0.116667    
-0.04 0.02    
-0.13 -0.126667    
-0.2725 -0.356667    
-0.3775 -0.523333    
-0.45 -0.626667    
-0.5325 -0.74    
-0.5975 -0.84    
-0.63 -0.9    
-0.6525 -0.936667    
-0.665 -0.97    
-0.6575 -0.96    
-0.64 -0.923333    
-0.625 -0.903333    
