56
-0.215 0.366667    
-0.18 0.313333    
-0.16 0.28    
-0.14 0.246667    
-0.1 0.163333    
-0.07 0.0966667    
-0.0325 0.0166667    
0.0225 -0.0966667    
0.08 -0.213333    
0.12 -0.296667    
0.1575 -0.373333    
0.2175 -0.51    
0.235 -0.546667    
0.26 -0.606667    
0.275 -0.643333    
0.2925 -0.676667    
0.315 -0.713333    
0.3375 -0.74    
0.355 -0.746667    
0.3775 -0.71    
0.395 -0.643333    
0.4275 -0.46    
0.455 -0.276667    
0.4675 -0.186667    
0.4875 -0.0133333    
0.4975 0.0933333    
0.5025 0.216667    
0.5025 0.326667    
0.4975 0.4    
0.485 0.496667    
0.4775 0.54    
0.47 0.566667    
0.455 0.58    
0.4475 0.58    
0.4325 0.566667    
0.4125 0.536667    
0.38 0.476667    
0.35 0.413333    
0.28 0.233333    
0.2375 0.133333    
0.2075 0.0633333    
0.1175 -0.12    
0.045 -0.25    
-0.005 -0.343333    
-0.0475 -0.426667    
-0.0825 -0.5    
-0.13 -0.606667    
-0.155 -0.663333    
-0.175 -0.71    
-0.1975 -0.76    
-0.21 -0.786667    
-0.22 -0.81    
-0.225 -0.823333    
-0.2275 -0.83    
-0.23 -0.836667    
-0.23 -0.84    
