43
-0.2225 0.6    
-0.22 0.573333    
-0.195 0.49    
-0.17 0.43    
-0.0925 0.29    
-0.05 0.206667    
-0.0025 0.123333    
0.0875 -0.05    
0.13 -0.133333    
0.2025 -0.273333    
0.235 -0.326667    
0.265 -0.373333    
0.315 -0.433333    
0.34 -0.446667    
0.365 -0.44    
0.42 -0.376667    
0.45 -0.32    
0.485 -0.246667    
0.535 -0.0633333    
0.55 0.0266667    
0.5625 0.193333    
0.5675 0.253333    
0.57 0.306667    
0.57 0.353333    
0.585 0.426667    
0.595 0.466667    
0.5925 0.476667    
0.585 0.483333    
0.555 0.48    
0.5375 0.47    
0.515 0.453333    
0.435 0.376667    
0.3775 0.313333    
0.2075 0.126667    
0.1 0.00333333    
-0.0125 -0.14    
-0.125 -0.29    
-0.31 -0.576667    
-0.3725 -0.696667    
-0.4175 -0.786667    
-0.47 -0.896667    
-0.485 -0.923333    
-0.5 -0.94    
