34
-0.33 0.74    
-0.31 0.706667    
-0.26 0.586667    
-0.2325 0.506667    
-0.1775 0.333333    
-0.0975 0.0733333    
-0.03 -0.12    
0.035 -0.293333    
0.105 -0.446667    
0.14 -0.51    
0.1675 -0.526667    
0.175 -0.473333    
0.17 -0.336667    
0.165 -0.196667    
0.16 -0.0366667    
0.155 0.23    
0.1575 0.37    
0.165 0.493333    
0.1775 0.656667    
0.1825 0.723333    
0.18 0.76    
0.1625 0.766667    
0.135 0.733333    
0.0925 0.66    
-0.02 0.453333    
-0.0975 0.3    
-0.195 0.0833333    
-0.2525 -0.0633333    
-0.3075 -0.233333    
-0.3225 -0.296667    
-0.3275 -0.333333    
-0.33 -0.353333    
-0.3275 -0.34    
-0.32 -0.316667    
