75
-0.02 0.31    
-0.02 0.313333    
-0.02 0.316667    
-0.015 0.313333    
-0.0025 0.306667    
0.015 0.29    
0.0325 0.27    
0.0575 0.233333    
0.0775 0.193333    
0.115 0.12    
0.145 0.0466667    
0.17 -0.0133333    
0.1925 -0.0766667    
0.2325 -0.186667    
0.2525 -0.25    
0.2725 -0.306667    
0.2925 -0.36    
0.315 -0.423333    
0.3325 -0.466667    
0.3525 -0.526667    
0.365 -0.57    
0.39 -0.65    
0.3975 -0.68    
0.41 -0.716667    
0.4325 -0.756667    
0.4475 -0.773333    
0.455 -0.776667    
0.47 -0.766667    
0.4825 -0.75    
0.5 -0.71    
0.5175 -0.653333    
0.5325 -0.6    
0.555 -0.5    
0.5625 -0.456667    
0.58 -0.343333    
0.585 -0.28    
0.5875 -0.256667    
0.59 -0.146667    
0.59 -0.07    
0.5875 -0.0166667    
0.585 0.02    
0.575 0.0866667    
0.5625 0.133333    
0.5575 0.156667    
0.5425 0.186667    
0.53 0.2    
0.5025 0.2    
0.48 0.183333    
0.455 0.156667    
0.4175 0.103333    
0.3775 0.04    
0.3425 -0.02    
0.2925 -0.11    
0.23 -0.226667    
0.2075 -0.276667    
0.1625 -0.366667    
0.1325 -0.43    
0.095 -0.513333    
0.07 -0.573333    
0.0375 -0.666667    
0.015 -0.733333    
0.0075 -0.763333    
-0.01 -0.826667    
-0.0225 -0.866667    
-0.0275 -0.88    
-0.035 -0.9    
-0.04 -0.91    
-0.0425 -0.913333    
-0.0425 -0.913333    
-0.04 -0.91    
-0.0375 -0.906667    
-0.0375 -0.906667    
-0.03 -0.896667    
-0.025 -0.89    
-0.015 -0.88    
