34
-0.2825 0.24    
-0.28 0.216667    
-0.2825 0.186667    
-0.2925 0.13    
-0.3175 0.06    
-0.3475 0.00333333    
-0.4025 -0.1    
-0.44 -0.16    
-0.4775 -0.216667    
-0.53 -0.296667    
-0.55 -0.32    
-0.58 -0.36    
-0.6025 -0.373333    
-0.62 -0.36    
-0.6275 -0.333333    
-0.6375 -0.293333    
-0.65 -0.226667    
-0.6625 -0.173333    
-0.69 -0.0866667    
-0.7025 -0.05    
-0.725 0.01    
-0.74 0.07    
-0.745 0.106667    
-0.74 0.126667    
-0.7175 0.103333    
-0.685 0.05    
-0.615 -0.05    
-0.545 -0.143333    
-0.4825 -0.22    
-0.31 -0.406667    
-0.2425 -0.476667    
-0.1125 -0.58    
0.0025 -0.656667    
0.0325 -0.676667    
