52
-0.2425 0.413333    
-0.2475 0.406667    
-0.25 0.4    
-0.2575 0.39    
-0.26 0.376667    
-0.2625 0.35    
-0.25 0.303333    
-0.23 0.243333    
-0.1975 0.156667    
-0.135 -0.00333333    
-0.08 -0.136667    
-0.005 -0.316667    
0.0625 -0.466667    
0.1 -0.546667    
0.12 -0.586667    
0.1475 -0.64    
0.1575 -0.673333    
0.1625 -0.683333    
0.1625 -0.683333    
0.16 -0.663333    
0.1525 -0.606667    
0.1475 -0.516667    
0.1475 -0.426667    
0.1525 -0.326667    
0.1675 -0.15    
0.1825 -0.0433333    
0.1975 0.0566667    
0.2175 0.176667    
0.2375 0.28    
0.2475 0.343333    
0.26 0.41    
0.265 0.456667    
0.2625 0.47    
0.2425 0.47    
0.22 0.46    
0.1625 0.413333    
0.1225 0.373333    
0.08 0.32    
0.0175 0.233333    
-0.05 0.133333    
-0.1025 0.05    
-0.1775 -0.0666667    
-0.235 -0.153333    
-0.295 -0.25    
-0.355 -0.343333    
-0.41 -0.426667    
-0.445 -0.473333    
-0.48 -0.52    
-0.505 -0.546667    
-0.51 -0.553333    
-0.5225 -0.566667    
-0.53 -0.573333    
