44
-0.315 0.56    
-0.32 0.566667    
-0.32 0.57    
-0.3125 0.553333    
-0.3025 0.53    
-0.29 0.496667    
-0.2725 0.456667    
-0.235 0.376667    
-0.22 0.343333    
-0.2 0.323333    
-0.195 0.336667    
-0.195 0.37    
-0.195 0.463333    
-0.18 0.58    
-0.1675 0.633333    
-0.15 0.683333    
-0.1325 0.726667    
-0.095 0.773333    
-0.085 0.763333    
-0.0825 0.726667    
-0.1 0.613333    
-0.1375 0.48    
-0.1375 0.48    
-0.175 0.39    
-0.1875 0.37    
-0.2025 0.37    
-0.205 0.386667    
-0.205 0.4    
-0.205 0.416667    
-0.2025 0.42    
-0.2 0.413333    
-0.1925 0.39    
-0.18 0.326667    
-0.1775 0.283333    
-0.175 0.226667    
-0.175 0.156667    
-0.1725 -0.0366667    
-0.1725 -0.0366667    
-0.175 -0.176667    
-0.18 -0.32    
-0.1825 -0.46    
-0.1825 -0.59    
-0.1775 -0.823333    
-0.175 -0.92    
