57
0.0725 -0.18    
-0.31 0.833333    
-0.2575 0.763333    
-0.205 0.693333    
-0.1525 0.61    
-0.105 0.526667    
-0.0575 0.45    
-0.0375 0.413333    
-0.025 0.4    
-0.0225 0.41    
-0.025 0.44    
-0.03 0.47    
-0.0375 0.5    
-0.0475 0.54    
-0.0525 0.56    
-0.0525 0.573333    
-0.0475 0.583333    
-0.035 0.59    
-0.015 0.596667    
0.0175 0.603333    
0.05 0.62    
0.0825 0.64    
0.145 0.68    
0.185 0.71    
0.2375 0.736667    
0.27 0.746667    
0.295 0.743333    
0.305 0.726667    
0.31 0.673333    
0.2925 0.6    
0.25 0.486667    
0.2025 0.403333    
0.135 0.333333    
0.0925 0.31    
0.0525 0.313333    
0.035 0.333333    
0.0225 0.366667    
0.015 0.42    
0.01 0.46    
0.01 0.466667    
0.0175 0.433333    
0.03 0.376667    
0.055 0.253333    
0.0775 0.126667    
0.1025 -0.0266667    
0.1275 -0.253333    
0.1425 -0.47    
0.1475 -0.606667    
0.145 -0.736667    
0.14 -0.8    
0.135 -0.84    
0.13 -0.863333    
0.125 -0.87    
0.12 -0.863333    
0.1125 -0.843333    
0.1025 -0.823333    
0.095 -0.803333    
