47
-0.4525 0.946667    
-0.45 0.92    
-0.4375 0.873333    
-0.385 0.71    
-0.29 0.483333    
-0.2375 0.383333    
-0.19 0.296667    
-0.1475 0.233333    
-0.0775 0.203333    
-0.0425 0.23    
-0.005 0.293333    
0.0775 0.476667    
0.125 0.586667    
0.22 0.796667    
0.2625 0.886667    
0.3025 0.956667    
0.325 0.996667    
0.2725 0.91    
0.2075 0.793333    
0.1375 0.66    
0.01 0.4    
-0.0375 0.286667    
-0.0725 0.2    
-0.115 0.0866667    
-0.135 0.0266667    
-0.14 0.01    
-0.1425 -0.00666667    
-0.14 -0.0133333    
-0.1275 -0.0266667    
-0.12 -0.0266667    
-0.11 -0.0266667    
-0.095 -0.0266667    
-0.0875 -0.0233333    
-0.0775 -0.0166667    
-0.0725 -0.0133333    
-0.07 -0.01    
-0.0625 -0.0233333    
-0.06 -0.05    
-0.0575 -0.0966667    
-0.0575 -0.243333    
-0.0675 -0.343333    
-0.0825 -0.456667    
-0.1175 -0.72    
-0.1375 -0.853333    
-0.07 -0.896667    
-0.075 -0.9    
-0.085 -0.9    
