47
-0.345 0.533333    
-0.345 0.553333    
-0.345 0.573333    
-0.34 0.58    
-0.33 0.566667    
-0.3175 0.54    
-0.27 0.43    
-0.215 0.303333    
-0.215 0.303333    
-0.1575 0.186667    
-0.13 0.14    
-0.13 0.14    
-0.0825 0.123333    
-0.035 0.12    
0.08 0.166667    
0.15 0.22    
0.2575 0.326667    
0.305 0.39    
0.3425 0.45    
0.3875 0.55    
0.4025 0.586667    
0.415 0.62    
0.4175 0.623333    
0.415 0.62    
0.41 0.613333    
0.4 0.596667    
0.3925 0.583333    
0.38 0.57    
0.3425 0.526667    
0.3175 0.5    
0.255 0.44    
0.2175 0.403333    
0.1825 0.366667    
0.1275 0.303333    
0.11 0.276667    
0.0975 0.25    
0.0875 0.17    
0.0925 0.0933333    
0.1 0    
0.125 -0.253333    
0.1375 -0.393333    
0.16 -0.643333    
0.1625 -0.746667    
0.1625 -0.826667    
0.1625 -0.943333    
0.1425 -0.993333    
0.1425 -0.99    
