90
-0.2175 0.59    
-0.2175 0.586667    
-0.2175 0.586667    
-0.2175 0.58    
-0.215 0.58    
-0.205 0.57    
-0.2 0.563333    
-0.1925 0.556667    
-0.1725 0.54    
-0.16 0.526667    
-0.1275 0.49    
-0.1075 0.466667    
-0.0725 0.41    
-0.055 0.376667    
-0.0375 0.343333    
-0.025 0.306667    
0.0025 0.236667    
0.0125 0.21    
0.0225 0.186667    
0.04 0.156667    
0.0475 0.153333    
0.0525 0.153333    
0.07 0.18    
0.085 0.206667    
0.1275 0.276667    
0.155 0.316667    
0.185 0.356667    
0.24 0.433333    
0.2675 0.466667    
0.29 0.496667    
0.32 0.54    
0.3275 0.553333    
0.3325 0.566667    
0.33 0.57    
0.3175 0.563333    
0.31 0.556667    
0.2875 0.533333    
0.275 0.52    
0.26 0.5    
0.2475 0.48    
0.215 0.433333    
0.2 0.41    
0.1825 0.386667    
0.135 0.343333    
0.1075 0.32    
0.0475 0.27    
0.0225 0.243333    
0.0025 0.213333    
-0.015 0.186667    
-0.04 0.15    
-0.0475 0.136667    
-0.055 0.116667    
-0.055 0.113333    
-0.055 0.11    
-0.0525 0.12    
-0.0475 0.126667    
-0.035 0.146667    
-0.0275 0.156667    
-0.0125 0.166667    
-0.0075 0.17    
-0.005 0.173333    
0 0.176667    
0.0025 0.173333    
0.005 0.166667    
0.0075 0.16    
0.01 0.143333    
0.015 0.133333    
0.015 0.133333    
0.0175 0.11    
0.0225 0.0733333    
0.025 0.04    
0.0275 0    
0.03 -0.0533333    
0.0275 -0.183333    
0.0225 -0.26    
0.015 -0.34    
0.005 -0.51    
0.0025 -0.586667    
0.005 -0.66    
0.01 -0.783333    
0.02 -0.873333    
0.0225 -0.903333    
0.0275 -0.95    
0.0275 -0.963333    
0.03 -0.973333    
0.0275 -0.98    
0.025 -0.983333    
0.025 -0.983333    
0.0225 -0.983333    
0.0175 -0.983333    
