39
-0.4525 0.513333    
-0.4575 0.516667    
-0.4525 0.516667    
-0.435 0.506667    
-0.375 0.436667    
-0.3325 0.37    
-0.29 0.283333    
-0.2025 0.0933333    
-0.1625 0.0133333    
-0.085 -0.113333    
-0.0475 -0.153333    
-0.0125 -0.18    
0.0225 -0.196667    
0.0925 -0.19    
0.1275 -0.163333    
0.2025 -0.0566667    
0.2375 0.02    
0.2725 0.106667    
0.3275 0.28    
0.345 0.36    
0.34 0.483333    
0.3175 0.52    
0.2575 0.553333    
0.23 0.55    
0.2225 0.543333    
0.2275 0.533333    
0.255 0.493333    
0.2725 0.463333    
0.2775 0.423333    
0.265 0.31    
0.2525 0.246667    
0.21 0.09    
0.1825 0    
0.11 -0.193333    
0.0725 -0.293333    
0.005 -0.486667    
-0.0225 -0.586667    
-0.0425 -0.696667    
-0.055 -0.803333    
