67
-0.5575 0.68    
-0.57 0.693333    
-0.575 0.706667    
-0.58 0.716667    
-0.575 0.716667    
-0.57 0.71    
-0.5525 0.693333    
-0.535 0.68    
-0.5025 0.656667    
-0.46 0.643333    
-0.4425 0.633333    
-0.4025 0.606667    
-0.355 0.553333    
-0.3375 0.523333    
-0.3 0.456667    
-0.2725 0.4    
-0.2375 0.326667    
-0.2 0.27    
-0.17 0.24    
-0.1125 0.226667    
-0.09 0.233333    
-0.04 0.266667    
0 0.313333    
0.0475 0.386667    
0.0825 0.456667    
0.12 0.553333    
0.1525 0.646667    
0.16 0.676667    
0.17 0.72    
0.17 0.736667    
0.165 0.75    
0.15 0.743333    
0.135 0.713333    
0.1075 0.646667    
0.09 0.6    
0.0525 0.486667    
0.005 0.323333    
-0.0225 0.226667    
-0.0575 0.113333    
-0.08 0.04    
-0.095 0    
-0.1125 -0.0533333    
-0.125 -0.09    
-0.1375 -0.126667    
-0.14 -0.14    
-0.14 -0.14    
-0.1375 -0.136667    
-0.135 -0.133333    
-0.13 -0.126667    
-0.12 -0.126667    
-0.1125 -0.136667    
-0.105 -0.163333    
-0.0925 -0.223333    
-0.0775 -0.333333    
-0.0725 -0.436667    
-0.0725 -0.49    
-0.075 -0.616667    
-0.075 -0.663333    
-0.08 -0.76    
-0.08 -0.8    
-0.0775 -0.826667    
-0.075 -0.846667    
-0.07 -0.863333    
-0.065 -0.873333    
-0.06 -0.876667    
-0.0525 -0.876667    
-0.045 -0.863333    
