54
-0.345 0.6    
-0.32 0.56    
-0.255 0.463333    
-0.22 0.406667    
-0.1825 0.346667    
-0.1275 0.246667    
-0.0975 0.196667    
-0.07 0.156667    
-0.045 0.136667    
-0.015 0.136667    
0.005 0.156667    
0.02 0.18    
0.04 0.213333    
0.0625 0.256667    
0.0825 0.296667    
0.1175 0.356667    
0.145 0.41    
0.18 0.473333    
0.2 0.516667    
0.225 0.563333    
0.23 0.583333    
0.2325 0.596667    
0.2325 0.61    
0.2275 0.616667    
0.2125 0.616667    
0.19 0.6    
0.1825 0.586667    
0.1625 0.543333    
0.14 0.483333    
0.12 0.426667    
0.09 0.346667    
0.065 0.286667    
0.0325 0.21    
0.01 0.16    
-0.01 0.106667    
-0.02 0.0866667    
-0.0275 0.0633333    
-0.035 0.05    
-0.0375 0.04    
-0.0375 0.0333333    
-0.0375 0.03    
-0.0375 0.0233333    
-0.035 -0.00333333    
-0.03 -0.04    
-0.0225 -0.0866667    
-0.01 -0.146667    
0.005 -0.216667    
0.0325 -0.36    
0.0475 -0.46    
0.0575 -0.56    
0.0675 -0.73    
0.07 -0.823333    
0.07 -0.903333    
0.07 -0.963333    
