80
-0.275 0.953333    
-0.2625 0.873333    
-0.23 0.713333    
-0.2075 0.61    
-0.18 0.5    
-0.145 0.366667    
-0.1175 0.283333    
-0.085 0.196667    
-0.055 0.143333    
-0.04 0.12    
-0.025 0.113333    
-0.015 0.123333    
-0.01 0.153333    
-0.0025 0.183333    
0.0175 0.293333    
0.0325 0.373333    
0.05 0.456667    
0.0725 0.553333    
0.095 0.63    
0.1075 0.67    
0.115 0.703333    
0.1225 0.733333    
0.125 0.743333    
0.125 0.753333    
0.125 0.76    
0.125 0.763333    
0.1225 0.76    
0.1175 0.746667    
0.1125 0.726667    
0.1 0.67    
0.0875 0.626667    
0.0725 0.566667    
0.0575 0.503333    
0.04 0.43    
0.025 0.363333    
0.0125 0.313333    
-0.005 0.256667    
-0.0125 0.216667    
-0.0225 0.173333    
-0.0275 0.146667    
-0.03 0.11    
-0.0325 0.0833333    
-0.0375 0.05    
-0.045 0.0166667    
-0.05 -0.01    
-0.0525 -0.03    
-0.055 -0.0433333    
-0.0575 -0.0566667    
-0.0575 -0.0566667    
-0.0575 -0.0666667    
-0.0575 -0.0666667    
-0.0575 -0.0633333    
-0.0575 -0.05    
-0.055 -0.03    
-0.05 -0.01    
-0.045 0.01    
-0.04 0.0233333    
-0.035 0.0133333    
-0.0325 -0.0266667    
-0.035 -0.0833333    
-0.0375 -0.183333    
-0.0425 -0.273333    
-0.0475 -0.366667    
-0.0475 -0.49    
-0.0425 -0.62    
-0.0325 -0.69    
-0.025 -0.736667    
-0.02 -0.773333    
-0.0225 -0.786667    
-0.025 -0.793333    
-0.025 -0.8    
-0.025 -0.813333    
-0.02 -0.823333    
-0.015 -0.836667    
-0.0075 -0.846667    
-0.0025 -0.86    
0.005 -0.873333    
0.0075 -0.883333    
0.0125 -0.89    
0.015 -0.893333    
