87
-0.1375 0.526667    
-0.1375 0.53    
-0.13 0.53    
-0.115 0.51    
-0.0725 0.443333    
-0.0525 0.406667    
-0.005 0.32    
0.03 0.256667    
0.0825 0.153333    
0.11 0.1    
0.1375 0.05    
0.1725 0.00333333    
0.2025 -0.0266667    
0.2225 -0.0433333    
0.245 -0.0466667    
0.265 -0.0366667    
0.28 -0.0133333    
0.3 0.04    
0.3125 0.08    
0.3275 0.12    
0.3475 0.19    
0.365 0.236667    
0.38 0.276667    
0.3975 0.313333    
0.4225 0.366667    
0.4425 0.4    
0.4525 0.413333    
0.465 0.433333    
0.4825 0.46    
0.495 0.48    
0.5 0.486667    
0.495 0.48    
0.485 0.46    
0.4675 0.433333    
0.4375 0.386667    
0.4125 0.346667    
0.3825 0.29    
0.365 0.256667    
0.3425 0.206667    
0.3075 0.133333    
0.275 0.06    
0.25 0.01    
0.22 -0.05    
0.1975 -0.1    
0.1825 -0.136667    
0.1625 -0.19    
0.1525 -0.216667    
0.145 -0.233333    
0.1325 -0.273333    
0.1275 -0.29    
0.125 -0.3    
0.1225 -0.31    
0.125 -0.31    
0.13 -0.303333    
0.1375 -0.286667    
0.1475 -0.256667    
0.1525 -0.24    
0.1575 -0.223333    
0.1625 -0.206667    
0.17 -0.19    
0.175 -0.18    
0.175 -0.176667    
0.1775 -0.18    
0.1775 -0.203333    
0.1775 -0.236667    
0.175 -0.28    
0.1725 -0.356667    
0.17 -0.423333    
0.17 -0.506667    
0.17 -0.583333    
0.1725 -0.666667    
0.1725 -0.7    
0.1725 -0.716667    
0.1775 -0.776667    
0.1775 -0.846667    
0.1775 -0.87    
0.18 -0.913333    
0.18 -0.94    
0.18 -0.963333    
0.1825 -0.983333    
0.185 -0.99    
0.185 -0.993333    
0.1925 -0.983333    
0.195 -0.98    
0.2 -0.966667    
0.205 -0.956667    
0.2075 -0.95    
