79
-0.37 0.573333    
-0.3525 0.546667    
-0.325 0.496667    
-0.3 0.453333    
-0.2825 0.416667    
-0.27 0.39    
-0.25 0.346667    
-0.235 0.313333    
-0.21 0.263333    
-0.1925 0.23    
-0.175 0.203333    
-0.1675 0.193333    
-0.1625 0.186667    
-0.1575 0.18    
-0.155 0.18    
-0.1575 0.186667    
-0.1625 0.206667    
-0.1625 0.243333    
-0.16 0.273333    
-0.15 0.316667    
-0.14 0.346667    
-0.1225 0.376667    
-0.1025 0.403333    
-0.0825 0.423333    
-0.055 0.453333    
-0.035 0.476667    
-0.0075 0.503333    
0.015 0.526667    
0.04 0.55    
0.055 0.566667    
0.0675 0.58    
0.08 0.593333    
0.0875 0.596667    
0.09 0.596667    
0.09 0.593333    
0.09 0.57    
0.0875 0.556667    
0.0825 0.526667    
0.065 0.483333    
0.04 0.436667    
0 0.386667    
-0.0175 0.366667    
-0.055 0.326667    
-0.0825 0.293333    
-0.12 0.233333    
-0.1325 0.21    
-0.1525 0.163333    
-0.1675 0.133333    
-0.175 0.12    
-0.185 0.103333    
-0.2 0.09    
-0.2125 0.0833333    
-0.22 0.08    
-0.2225 0.0733333    
-0.225 0.0733333    
-0.2225 0.07    
-0.2125 0.0733333    
-0.2025 0.0733333    
-0.185 0.08    
-0.175 0.0866667    
-0.165 0.0966667    
-0.165 0.1    
-0.165 0.09    
-0.165 0.0533333    
-0.16 0.01    
-0.1525 0.00333333    
-0.16 -0.00333333    
-0.18 -0.00666667    
-0.1925 -0.00666667    
-0.2225 -0.0533333    
-0.225 -0.103333    
-0.2275 -0.183333    
-0.23 -0.246667    
-0.2325 -0.333333    
-0.24 -0.423333    
-0.245 -0.5    
-0.245 -0.543333    
-0.2425 -0.583333    
-0.24 -0.586667    
