66
-0.14 0.47    
-0.1375 0.47    
-0.14 0.463333    
-0.14 0.453333    
-0.1425 0.44    
-0.14 0.413333    
-0.13 0.38    
-0.1125 0.33    
-0.0925 0.283333    
-0.065 0.226667    
-0.015 0.123333    
0.0275 0.04    
0.08 -0.0666667    
0.1225 -0.153333    
0.145 -0.19    
0.165 -0.196667    
0.17 -0.17    
0.175 -0.126667    
0.1825 -0.04    
0.1925 0.0366667    
0.2175 0.14    
0.2525 0.24    
0.295 0.323333    
0.3275 0.373333    
0.3475 0.4    
0.3725 0.43    
0.3975 0.453333    
0.415 0.47    
0.4225 0.47    
0.425 0.466667    
0.42 0.443333    
0.405 0.416667    
0.3625 0.336667    
0.3225 0.273333    
0.28 0.203333    
0.22 0.103333    
0.1675 0.00666667    
0.125 -0.0766667    
0.1 -0.13    
0.0775 -0.173333    
0.0475 -0.226667    
0.035 -0.246667    
0.02 -0.266667    
0.015 -0.276667    
0.0075 -0.283333    
0.005 -0.29    
0.005 -0.293333    
0.0075 -0.296667    
0.01 -0.303333    
0.015 -0.323333    
0.02 -0.35    
0.03 -0.41    
0.04 -0.493333    
0.0475 -0.556667    
0.0525 -0.643333    
0.0525 -0.693333    
0.05 -0.74    
0.045 -0.763333    
0.04 -0.783333    
0.035 -0.79    
0.0325 -0.793333    
0.03 -0.793333    
0.0275 -0.793333    
0.0275 -0.786667    
0.0275 -0.783333    
0.0325 -0.773333    
