48
-0.265 0.416667    
-0.2775 0.43    
-0.2675 0.436667    
-0.2075 0.453333    
-0.16 0.46    
-0.1025 0.466667    
-0.0425 0.47    
0.08 0.466667    
0.1325 0.46    
0.21 0.45    
0.2325 0.436667    
0.25 0.423333    
0.2575 0.41    
0.2575 0.41    
0.2525 0.37    
0.24 0.346667    
0.22 0.32    
0.1675 0.26    
0.1375 0.223333    
0.11 0.186667    
0.0475 0.106667    
0.02 0.0666667    
-0.035 -0.01    
-0.06 -0.0433333    
-0.0825 -0.07    
-0.1125 -0.12    
-0.1225 -0.136667    
-0.135 -0.163333    
-0.14 -0.176667    
-0.145 -0.19    
-0.15 -0.206667    
-0.1525 -0.24    
-0.14 -0.283333    
-0.14 -0.283333    
-0.1025 -0.32    
-0.0475 -0.343333    
-0.0125 -0.353333    
0.0275 -0.36    
0.11 -0.363333    
0.1475 -0.363333    
0.185 -0.363333    
0.2425 -0.366667    
0.2625 -0.363333    
0.2725 -0.363333    
0.2825 -0.363333    
0.2825 -0.363333    
0.2775 -0.36    
0.2625 -0.36    
