42
-0.095 0.493333    
-0.09 0.503333    
-0.075 0.51    
-0.055 0.513333    
-0.0275 0.513333    
0.0425 0.516667    
0.095 0.516667    
0.16 0.516667    
0.25 0.523333    
0.3125 0.523333    
0.3825 0.526667    
0.4275 0.516667    
0.4425 0.5    
0.4325 0.443333    
0.4 0.383333    
0.355 0.32    
0.28 0.223333    
0.2175 0.143333    
0.1125 0.00666667    
0.05 -0.08    
-0.0125 -0.17    
-0.09 -0.283333    
-0.145 -0.363333    
-0.2 -0.43    
-0.28 -0.526667    
-0.295 -0.543333    
-0.3425 -0.596667    
-0.37 -0.63    
-0.3775 -0.643333    
-0.3725 -0.65    
-0.34 -0.65    
-0.2975 -0.65    
-0.2175 -0.646667    
-0.1125 -0.643333    
0.0075 -0.653333    
0.105 -0.67    
0.235 -0.696667    
0.33 -0.713333    
0.4875 -0.723333    
0.575 -0.72    
0.655 -0.716667    
0.7425 -0.716667    
