51
-0.3025 0.583333    
-0.3075 0.6    
-0.31 0.613333    
-0.3125 0.623333    
-0.3125 0.63    
-0.31 0.633333    
-0.3 0.643333    
-0.285 0.646667    
-0.2525 0.653333    
-0.225 0.656667    
-0.175 0.666667    
-0.095 0.683333    
-0.0025 0.703333    
0.09 0.723333    
0.15 0.73    
0.205 0.733333    
0.2775 0.723333    
0.3075 0.716667    
0.3325 0.696667    
0.29 0.843333    
0.295 0.83    
0.2825 0.79    
0.2625 0.75    
0.2325 0.7    
0.1675 0.586667    
0.1175 0.506667    
0.06 0.413333    
-0.0225 0.286667    
-0.085 0.193333    
-0.1675 0.0766667    
-0.24 -0.0166667    
-0.2825 -0.0666667    
-0.3275 -0.116667    
-0.3525 -0.136667    
-0.375 -0.153333    
-0.3875 -0.16    
-0.3975 -0.16    
-0.4 -0.163333    
-0.385 -0.166667    
-0.3675 -0.166667    
-0.34 -0.17    
-0.295 -0.166667    
-0.2375 -0.156667    
-0.1625 -0.146667    
-0.14 -0.143333    
-0.0475 -0.136667    
0.0475 -0.136667    
0.16 -0.143333    
0.2425 -0.153333    
0.33 -0.173333    
0.395 -0.193333    
