37
-0.3475 0.453333    
-0.3675 0.446667    
-0.355 0.446667    
-0.295 0.46    
-0.1925 0.493333    
-0.0775 0.54    
-0.005 0.563333    
0.0575 0.56    
0.07 0.536667    
0.055 0.416667    
0.01 0.27    
-0.04 0.146667    
-0.115 -0.0133333    
-0.1725 -0.123333    
-0.235 -0.243333    
-0.265 -0.32    
-0.27 -0.396667    
-0.24 -0.433333    
-0.1625 -0.46    
-0.0525 -0.46    
0.0325 -0.433333    
0.1225 -0.376667    
0.1675 -0.296667    
0.1625 -0.23    
0.1075 -0.14    
0.015 -0.0533333    
-0.0675 0.00333333    
-0.17 0.0666667    
-0.2325 0.1    
-0.2875 0.133333    
-0.2975 0.143333    
-0.28 0.14    
-0.205 0.113333    
-0.12 0.0766667    
-0.0175 0.0266667    
0.125 -0.0533333    
0.2425 -0.126667    
