87
-0.2925 0.72    
-0.29 0.716667    
-0.2875 0.72    
-0.2875 0.72    
-0.2875 0.72    
-0.285 0.72    
-0.2825 0.72    
-0.28 0.72    
-0.2775 0.72    
-0.27 0.72    
-0.2625 0.716667    
-0.2525 0.713333    
-0.2225 0.703333    
-0.2025 0.696667    
-0.1475 0.69    
-0.115 0.683333    
-0.0775 0.683333    
0.0075 0.673333    
0.055 0.666667    
0.15 0.656667    
0.195 0.653333    
0.24 0.653333    
0.3175 0.656667    
0.3475 0.656667    
0.3725 0.653333    
0.4025 0.643333    
0.41 0.64    
0.415 0.636667    
0.415 0.633333    
0.41 0.63    
0.3925 0.616667    
0.3775 0.6    
0.36 0.583333    
0.315 0.523333    
0.2775 0.486667    
0.2375 0.436667    
0.135 0.32    
0.0725 0.256667    
-0.055 0.13    
-0.12 0.0733333    
-0.18 0.02    
-0.2875 -0.06    
-0.3325 -0.0933333    
-0.375 -0.126667    
-0.45 -0.19    
-0.4875 -0.216667    
-0.5225 -0.24    
-0.5825 -0.273333    
-0.6075 -0.283333    
-0.625 -0.286667    
-0.625 -0.286667    
-0.6375 -0.286667    
-0.645 -0.276667    
-0.635 -0.27    
-0.5925 -0.25    
-0.5575 -0.24    
-0.51 -0.23    
-0.4 -0.216667    
-0.34 -0.213333    
-0.2775 -0.213333    
-0.15 -0.22    
-0.02 -0.233333    
-0.02 -0.233333    
0.105 -0.25    
0.215 -0.263333    
0.26 -0.27    
0.3025 -0.276667    
0.34 -0.28    
0.3975 -0.286667    
0.42 -0.286667    
0.4425 -0.29    
0.4725 -0.296667    
0.485 -0.3    
0.5 -0.306667    
0.505 -0.306667    
0.5075 -0.31    
0.51 -0.313333    
0.515 -0.313333    
0.5175 -0.313333    
0.52 -0.31    
0.52 -0.306667    
0.52 -0.303333    
0.5225 -0.29    
0.525 -0.283333    
0.5275 -0.27    
0.5275 -0.263333    
0.53 -0.26    
