60
-0.47 0.323333    
-0.4675 0.37    
-0.4675 0.38    
-0.4625 0.386667    
-0.4425 0.4    
-0.415 0.406667    
-0.375 0.42    
-0.2475 0.466667    
-0.0825 0.526667    
0.0025 0.56    
0.0775 0.586667    
0.1775 0.613333    
0.2 0.596667    
0.2 0.536667    
0.1825 0.44    
0.11 0.166667    
0.0575 0.02    
-0.055 -0.21    
-0.11 -0.29    
-0.1625 -0.366667    
-0.2475 -0.5    
-0.275 -0.55    
-0.3075 -0.623333    
-0.3125 -0.643333    
-0.31 -0.66    
-0.29 -0.68    
-0.27 -0.686667    
-0.24 -0.69    
-0.1475 -0.676667    
-0.085 -0.663333    
-0.0125 -0.646667    
0.1475 -0.626667    
0.2275 -0.633333    
0.3625 -0.66    
0.4075 -0.676667    
0.4375 -0.686667    
0.465 -0.69    
0.4675 -0.693333    
0.4625 -0.693333    
0.4575 -0.693333    
0.45 -0.693333    
0.445 -0.696667    
0.435 -0.696667    
0.43 -0.7    
0.425 -0.7    
0.42 -0.7    
0.4025 -0.7    
0.395 -0.7    
0.385 -0.7    
0.3775 -0.696667    
0.37 -0.693333    
0.3675 -0.693333    
0.3625 -0.69    
0.3625 -0.686667    
0.36 -0.683333    
0.355 -0.676667    
0.35 -0.67    
0.3475 -0.666667    
0.345 -0.666667    
0.3425 -0.666667    
