52
-0.6625 0.776667    
-0.665 0.783333    
-0.6675 0.783333    
-0.6575 0.763333    
-0.64 0.743333    
-0.6075 0.723333    
-0.485 0.693333    
-0.3925 0.69    
-0.1675 0.683333    
-0.045 0.67    
0.075 0.646667    
0.18 0.616667    
0.3275 0.54    
0.375 0.44    
0.36 0.373333    
0.3225 0.293333    
0.2575 0.196667    
0.05 -0.05    
-0.075 -0.186667    
-0.2075 -0.33    
-0.46 -0.586667    
-0.565 -0.683333    
-0.7075 -0.806667    
-0.7225 -0.84    
-0.7025 -0.856667    
-0.56 -0.866667    
-0.4475 -0.863333    
-0.3175 -0.836667    
-0.015 -0.766667    
0.1525 -0.716667    
0.47 -0.653333    
0.605 -0.64    
0.7975 -0.643333    
0.865 -0.653333    
0.91 -0.656667    
0.94 -0.653333    
0.96 -0.636667    
0.9425 -0.6    
0.93 -0.586667    
0.9125 -0.576667    
0.8675 -0.563333    
0.8675 -0.563333    
0.8025 -0.553333    
0.73 -0.536667    
0.695 -0.526667    
0.6625 -0.516667    
0.6175 -0.503333    
0.6 -0.5    
0.5775 -0.5    
0.57 -0.496667    
0.5625 -0.493333    
0.5575 -0.49    
