53
-0.25 0.446667    
-0.245 0.46    
-0.2325 0.473333    
-0.175 0.483333    
-0.125 0.49    
0 0.506667    
0.065 0.513333    
0.1825 0.54    
0.1825 0.54    
0.23 0.546667    
0.2675 0.553333    
0.2925 0.56    
0.3125 0.563333    
0.3175 0.556667    
0.295 0.53    
0.235 0.45    
0.1925 0.39    
0.15 0.316667    
0.1025 0.233333    
0.0125 0.0533333    
-0.0675 -0.09    
-0.1025 -0.15    
-0.13 -0.2    
-0.155 -0.243333    
-0.1875 -0.31    
-0.1975 -0.33    
-0.2075 -0.34    
-0.225 -0.346667    
-0.2325 -0.346667    
-0.24 -0.346667    
-0.2375 -0.35    
-0.1925 -0.356667    
-0.145 -0.363333    
-0.085 -0.37    
-0.01 -0.376667    
0.155 -0.393333    
0.2325 -0.4    
0.305 -0.403333    
0.4125 -0.413333    
0.45 -0.42    
0.49 -0.43    
0.4975 -0.433333    
0.5075 -0.44    
0.5075 -0.443333    
0.51 -0.443333    
0.51 -0.446667    
0.5075 -0.446667    
0.5075 -0.443333    
0.505 -0.443333    
0.505 -0.443333    
0.5025 -0.443333    
0.5 -0.443333    
0.4975 -0.446667    
