63
-0.325 0.583333    
-0.325 0.583333    
-0.325 0.583333    
-0.325 0.583333    
-0.325 0.586667    
-0.325 0.586667    
-0.32 0.593333    
-0.315 0.6    
-0.2925 0.613333    
-0.2575 0.626667    
-0.2225 0.633333    
-0.19 0.636667    
-0.155 0.64    
-0.12 0.643333    
-0.0575 0.636667    
-0.0275 0.633333    
0.02 0.623333    
0.0425 0.63    
0.0575 0.636667    
0.0775 0.65    
0.0825 0.653333    
0.0875 0.653333    
0.0925 0.65    
0.0925 0.636667    
0.0875 0.626667    
0.0825 0.606667    
0.0625 0.553333    
0.0475 0.516667    
0.03 0.473333    
-0.0125 0.366667    
-0.0375 0.306667    
-0.09 0.18    
-0.09 0.18    
-0.145 0.0633333    
-0.1725 0.00666667    
-0.2275 -0.09    
-0.25 -0.133333    
-0.275 -0.176667    
-0.3175 -0.246667    
-0.3375 -0.28    
-0.3625 -0.33    
-0.37 -0.35    
-0.375 -0.363333    
-0.3775 -0.376667    
-0.3775 -0.376667    
-0.375 -0.38    
-0.3725 -0.38    
-0.3675 -0.38    
-0.36 -0.38    
-0.335 -0.376667    
-0.315 -0.373333    
-0.2625 -0.37    
-0.2275 -0.366667    
-0.19 -0.363333    
-0.11 -0.366667    
-0.03 -0.376667    
0.0025 -0.383333    
0.0275 -0.39    
0.0475 -0.396667    
0.07 -0.406667    
0.075 -0.41    
0.0775 -0.413333    
0.075 -0.423333    
