50
-0.36 0.566667    
-0.3625 0.56    
-0.365 0.553333    
-0.3675 0.55    
-0.3675 0.55    
-0.3675 0.553333    
-0.365 0.556667    
-0.3625 0.553333    
-0.35 0.55    
-0.33 0.546667    
-0.285 0.55    
-0.215 0.556667    
-0.15 0.56    
-0.03 0.546667    
0.065 0.52    
0.1075 0.506667    
0.2 0.456667    
0.2425 0.426667    
0.2725 0.396667    
0.295 0.34    
0.295 0.29    
0.2625 0.186667    
0.2375 0.133333    
0.17 0.0266667    
0.055 -0.106667    
0.0025 -0.156667    
-0.11 -0.246667    
-0.195 -0.306667    
-0.3025 -0.366667    
-0.395 -0.406667    
-0.4525 -0.426667    
-0.51 -0.443333    
-0.55 -0.443333    
-0.57 -0.433333    
-0.5825 -0.413333    
-0.5875 -0.37    
-0.5775 -0.31    
-0.56 -0.253333    
-0.5125 -0.176667    
-0.475 -0.136667    
-0.4025 -0.09    
-0.2525 -0.0433333    
-0.15 -0.04    
-0.0475 -0.0533333    
0.05 -0.07    
0.1625 -0.1    
0.255 -0.126667    
0.3375 -0.153333    
0.36 -0.163333    
0.4 -0.19    
