61
-0.235 0.413333    
-0.2425 0.406667    
-0.25 0.4    
-0.25 0.4    
-0.2475 0.4    
-0.2375 0.4    
-0.1975 0.403333    
-0.1575 0.413333    
-0.07 0.43    
-0.005 0.443333    
0.0675 0.463333    
0.1425 0.48    
0.275 0.506667    
0.3525 0.523333    
0.3775 0.526667    
0.4475 0.536667    
0.53 0.536667    
0.565 0.523333    
0.5675 0.503333    
0.54 0.426667    
0.4625 0.256667    
0.415 0.166667    
0.2825 -0.08    
0.2 -0.22    
0.0975 -0.38    
0.05 -0.446667    
-0.0475 -0.563333    
-0.1125 -0.623333    
-0.14 -0.643333    
-0.185 -0.673333    
-0.2125 -0.693333    
-0.245 -0.716667    
-0.255 -0.72    
-0.2525 -0.706667    
-0.24 -0.67    
-0.21 -0.62    
-0.1775 -0.573333    
-0.125 -0.52    
-0.085 -0.49    
-0.0275 -0.463333    
0.02 -0.453333    
0.09 -0.456667    
0.1775 -0.473333    
0.255 -0.49    
0.3675 -0.506667    
0.51 -0.506667    
0.565 -0.496667    
0.6775 -0.466667    
0.7325 -0.443333    
0.7625 -0.43    
0.7925 -0.416667    
0.8375 -0.4    
0.8625 -0.393333    
0.8825 -0.39    
0.895 -0.396667    
0.8975 -0.403333    
0.9025 -0.416667    
0.9025 -0.43    
0.905 -0.45    
0.91 -0.473333    
0.9125 -0.476667    
