40
-0.305 0.08    
-0.295 0.0966667    
-0.2775 0.11    
-0.22 0.133333    
-0.1775 0.153333    
-0.08 0.2    
-0.0275 0.233333    
0.0275 0.266667    
0.1425 0.333333    
0.1925 0.366667    
0.2375 0.39    
0.3025 0.413333    
0.3225 0.413333    
0.3375 0.396667    
0.3375 0.323333    
0.3225 0.26    
0.2975 0.18    
0.215 -0.0166667    
0.1625 -0.123333    
0.1075 -0.233333    
-0.0075 -0.446667    
-0.06 -0.536667    
-0.1425 -0.68    
-0.17 -0.726667    
-0.2 -0.786667    
-0.205 -0.803333    
-0.2025 -0.813333    
-0.1925 -0.82    
-0.13 -0.82    
0 -0.806667    
0.0875 -0.796667    
0.18 -0.786667    
0.275 -0.776667    
0.445 -0.746667    
0.51 -0.736667    
0.56 -0.723333    
0.6175 -0.71    
0.6325 -0.703333    
0.64 -0.7    
0.635 -0.696667    
