55
-0.2675 0.64    
-0.27 0.646667    
-0.2625 0.646667    
-0.2475 0.646667    
-0.205 0.646667    
-0.1 0.65    
-0.02 0.65    
0.0575 0.653333    
0.1225 0.653333    
0.2025 0.65    
0.24 0.646667    
0.2725 0.636667    
0.29 0.63    
0.31 0.623333    
0.3175 0.616667    
0.3275 0.606667    
0.3325 0.6    
0.33 0.583333    
0.3225 0.573333    
0.29 0.533333    
0.2425 0.483333    
0.2125 0.45    
0.1475 0.366667    
0.08 0.266667    
0.0075 0.153333    
-0.0475 0.0566667    
-0.1175 -0.0766667    
-0.165 -0.18    
-0.2175 -0.306667    
-0.2475 -0.396667    
-0.2775 -0.513333    
-0.305 -0.61    
-0.3225 -0.66    
-0.34 -0.703333    
-0.35 -0.71    
-0.345 -0.713333    
-0.325 -0.716667    
-0.295 -0.713333    
-0.265 -0.71    
-0.18 -0.693333    
-0.0975 -0.67    
-0.005 -0.643333    
0.13 -0.623333    
0.255 -0.626667    
0.3425 -0.636667    
0.4625 -0.683333    
0.5225 -0.706667    
0.5675 -0.726667    
0.6125 -0.743333    
0.6475 -0.75    
0.665 -0.75    
0.685 -0.743333    
0.695 -0.74    
0.71 -0.73    
0.7225 -0.713333    
