63
-0.16 0.203333    
-0.14 0.206667    
-0.11 0.21    
-0.0525 0.216667    
0.0175 0.23    
0.075 0.243333    
0.1575 0.266667    
0.215 0.28    
0.285 0.3    
0.3325 0.31    
0.3925 0.323333    
0.4175 0.33    
0.4375 0.33    
0.4475 0.33    
0.4625 0.32    
0.4575 0.3    
0.445 0.273333    
0.425 0.233333    
0.385 0.173333    
0.3325 0.103333    
0.2875 0.0466667    
0.225 -0.02    
0.175 -0.0733333    
0.115 -0.143333    
0.045 -0.223333    
0.0175 -0.256667    
-0.0325 -0.32    
-0.0675 -0.366667    
-0.1075 -0.423333    
-0.13 -0.463333    
-0.1625 -0.516667    
-0.1825 -0.553333    
-0.19 -0.57    
-0.2025 -0.59    
-0.2075 -0.603333    
-0.2125 -0.613333    
-0.21 -0.616667    
-0.205 -0.613333    
-0.185 -0.606667    
-0.1475 -0.593333    
-0.0975 -0.58    
-0.035 -0.563333    
0.015 -0.553333    
0.065 -0.543333    
0.1475 -0.523333    
0.1975 -0.513333    
0.2475 -0.506667    
0.2925 -0.5    
0.3225 -0.5    
0.395 -0.5    
0.42 -0.5    
0.4625 -0.5    
0.4875 -0.5    
0.5125 -0.493333    
0.5275 -0.493333    
0.5325 -0.493333    
0.54 -0.493333    
0.5425 -0.496667    
0.545 -0.496667    
0.545 -0.5    
0.545 -0.503333    
0.545 -0.506667    
0.545 -0.506667    
