44
-0.56 0.49    
-0.5675 0.486667    
-0.5675 0.486667    
-0.55 0.49    
-0.535 0.496667    
-0.485 0.51    
-0.43 0.523333    
-0.3425 0.55    
-0.2425 0.57    
-0.1675 0.586667    
-0.0725 0.613333    
-0.015 0.626667    
0.045 0.636667    
0.0925 0.636667    
0.105 0.63    
0.1125 0.606667    
0.1 0.573333    
0.0725 0.54    
0.0075 0.48    
-0.0425 0.44    
-0.0925 0.393333    
-0.1475 0.34    
-0.2475 0.226667    
-0.31 0.15    
-0.375 0.08    
-0.4575 -0.00666667    
-0.5325 -0.0733333    
-0.5775 -0.11    
-0.6225 -0.146667    
-0.6425 -0.163333    
-0.65 -0.176667    
-0.64 -0.176667    
-0.6175 -0.173333    
-0.57 -0.17    
-0.5 -0.166667    
-0.4325 -0.163333    
-0.35 -0.16    
-0.2875 -0.15    
-0.125 -0.123333    
-0.06 -0.113333    
0.06 -0.0833333    
0.1575 -0.07    
0.185 -0.0666667    
0.2175 -0.07    
