54
-0.2825 0.436667    
-0.3025 0.43    
-0.3275 0.416667    
-0.3375 0.413333    
-0.3475 0.406667    
-0.35 0.406667    
-0.35 0.403333    
-0.345 0.403333    
-0.335 0.406667    
-0.305 0.41    
-0.245 0.42    
-0.16 0.426667    
-0.09 0.436667    
-0.0025 0.436667    
0.06 0.44    
0.13 0.44    
0.1675 0.436667    
0.2025 0.43    
0.22 0.42    
0.2225 0.406667    
0.215 0.393333    
0.1975 0.376667    
0.165 0.346667    
0.115 0.296667    
0.07 0.246667    
0.005 0.163333    
-0.0675 0.0566667    
-0.1225 -0.03    
-0.1925 -0.14    
-0.2575 -0.236667    
-0.2975 -0.293333    
-0.345 -0.353333    
-0.37 -0.38    
-0.3925 -0.406667    
-0.4 -0.416667    
-0.4075 -0.423333    
-0.405 -0.426667    
-0.395 -0.426667    
-0.375 -0.42    
-0.3425 -0.416667    
-0.3075 -0.41    
-0.265 -0.403333    
-0.195 -0.403333    
-0.1375 -0.403333    
-0.0925 -0.4    
0.015 -0.4    
0.075 -0.396667    
0.1275 -0.393333    
0.18 -0.386667    
0.2075 -0.383333    
0.2325 -0.376667    
0.245 -0.373333    
0.2475 -0.37    
0.25 -0.366667    
